time,seconds_elapsed,x,y,z
1721665013929212400,0.06121240234375,-0.0339369390564039,-0.0580102904200553,0.1524574834860861
1721665013939256300,0.07125634765625,-0.0519835044112056,-0.032243981000781,0.1408478558436036
1721665013949300200,0.08130029296875,-0.0510746459379792,-0.040050855359435,0.0852738526597619
1721665013959345400,0.091345458984375,-0.0373911346308886,-0.0485948118209838,-0.0128422381773591
1721665013969389300,0.101389404296875,-0.044294959202595,-0.0215700267732143,-0.0720094435475766
1721665013979433200,0.11143310546875,-0.0475607925981283,-0.0264519535958766,-0.1529176483437418
1721665013989477400,0.121477294921875,0.0149857895446941,-0.0283352831244468,-0.2308458144158124
1721665013999521300,0.131521240234375,0.0801013453926891,0.0034013328760862,-0.2506982236161827
1721665014009566200,0.141566162109375,0.0759342888411134,0.0002636193722486,-0.1249941608905792
1721665014019610400,0.1516103515625,0.0048861646063625,0.0146259067237377,0.0462915033146738
1721665014029654300,0.161654296875,-0.0438122537195682,0.0452045848608016,0.1087318851366639
1721665014039698400,0.171698486328125,-0.0043116161214187,0.0379705419540405,0.0767354491561651
1721665014049742300,0.181742431640625,0.0569315187400206,0.0080342533737421,0.0109226682916283
1721665014059787300,0.191787353515625,0.1121730020338669,-0.0553279194682836,-0.0294280467972159
1721665014069831400,0.20183154296875,0.1445254118451848,-0.1086672954678535,-0.0598375058472156
1721665014079875300,0.211875244140625,0.1160601456655189,-0.1000818379521369,-0.0596291237935423
1721665014089919200,0.221919189453125,0.0421658016867935,0.0023041852891445,-0.0525257215291261
1721665014099963400,0.23196337890625,3.13449863344e-05,0.0248632230997085,-0.0578419481158256
1721665014110007300,0.24200732421875,0.0113486386187374,-0.0207563723027706,-0.0410229152619838
1721665014120052200,0.25205224609375,0.0032580884804949,-0.0297135857403278,-0.031824294283986
1721665014130096400,0.262096435546875,0.0341023222185671,-0.0887993964374065,-0.1119160681307315
1721665014140140300,0.272140380859375,0.058188642661646,-0.0611748919308185,-0.1293830434992909
1721665014150184400,0.282184326171875,0.0387295070951804,-0.0306032280564308,-0.0558402529045939
1721665014160228400,0.292228271484375,0.0444708272261545,-0.00376724357903,-0.0026508067697286
1721665014170273300,0.302273193359375,0.0178155696105211,-0.0041407530665397,0.0145610247939825
1721665014180317400,0.3123173828125,0.0026251974044367,-0.0003004442512989,0.0395130952209234
1721665014190361300,0.322361328125,0.0120697925001382,0.0078922145545482,0.0402571915864944
1721665014200405200,0.3324052734375,0.0196058870933949,-0.0034790742874145,0.0052303018689155
1721665014210449400,0.342449462890625,0.0657056672282516,-0.0331996742904186,-0.0867135300740599
1721665014220494300,0.352494384765625,0.1197294818280264,-0.0521358454287052,-0.1269970251455903
1721665014230538500,0.36253857421875,0.1334871908824891,-0.0943441710829734,-0.1396215289190411
1721665014240582100,0.37258203125,0.1030102926194667,-0.1221463702440261,-0.2027048848196864
1721665014250626300,0.382626220703125,0.034325499982573,-0.0992693525254726,-0.1913438251107931
1721665014260670500,0.39267041015625,0.0064449383556842,-0.054937458845973,-0.1589008144065737
1721665014270715100,0.402715087890625,-0.0300339768011122,-0.0107511111170053,-0.1526055136546492
1721665014280759300,0.41275927734375,-0.0066155456822365,-0.0252519301563501,-0.1358946173503994
1721665014290803500,0.422803466796875,0.0552022107293829,-0.0333323607593774,-0.1733475651711225
1721665014300847400,0.432847412109375,0.0952580345248803,-0.1200777472764253,-0.3035004239991307
1721665014310891300,0.442891357421875,0.0656304465675726,-0.2360685175001621,-0.6136787183269858
1721665014320936400,0.4529365234375,0.1161636791052296,-0.187233467182517,-0.7095742105051874
1721665014330980400,0.46298046875,0.1540682431509718,-0.0990823055207729,-0.6000055822834373
1721665014341024500,0.4730244140625,0.1429864753074944,-0.1075835918843746,-0.5251449870884418
1721665014351068000,0.48306787109375,0.2043637579426169,-0.192476044011116,-0.7365101482257247
1721665014361112000,0.493112060546875,0.3090028208076953,-0.1718739854872226,-0.9305869054317474
1721665014371157200,0.5031572265625,0.3867366333514452,-0.1815092443168163,-0.8972305792748928
1721665014381201200,0.513201171875,0.3359901233892887,-0.1462158126175403,-0.7495099150523543
1721665014391245000,0.5232451171875,0.2075172900700941,0.0995154362410306,-0.6977382267609238
1721665014401289200,0.533289306640625,-0.0879848286515101,0.8581354172050952,-0.9845102187991142
1721665014411333000,0.5433330078125,-0.2629153886977583,0.8496312082320451,-0.8470666184410452
1721665014421378000,0.5533779296875,-0.2198888785284012,0.5254623824745416,-0.6760697080492973
1721665014431422200,0.563422119140625,-0.2494963735457509,-0.1322550918042659,-0.3474877420246601
1721665014441466000,0.573466064453125,0.021121113961935,-0.7535626975744962,-0.1458510709583759
1721665014451510300,0.58351025390625,0.5597913530558347,-0.9859446355164052,0.033226854558289
1721665014461554200,0.59355419921875,0.7866443715084344,-0.6880564984411001,0.1714990146949887
1721665014471599000,0.60359912109375,0.605310483758524,-0.5457090516895056,0.0999681484445929
1721665014481643300,0.613643310546875,0.3084045626536011,-0.4914139824002981,0.0342296018600463
1721665014491687200,0.623687255859375,-0.1038129873044788,0.0331786315023899,-0.1750038079455494
1721665014501731000,0.63373095703125,-0.3128139035284519,0.3187579066246748,-0.3136918554067611
1721665014511775000,0.64377490234375,-0.3463254933122545,0.1901180827081203,-0.0503340567037463
1721665014521820200,0.653820068359375,-0.4511119287587702,0.2421241642773151,-0.2144265945345163
1721665014531864000,0.663864013671875,-0.6768744485609233,0.2114782661229372,-0.6785024881541729
1721665014541908000,0.673907958984375,-0.825909410252422,-0.1692073966264724,-1.2237465526804328
1721665014551952100,0.6839521484375,-0.9969855964254588,0.7984247526079415,-0.4486801715672016
1721665014561996300,0.693996337890625,-0.9481655975464732,0.866968712002039,0.4233122138157487
1721665014572041000,0.704041015625,-0.7205328268930316,0.3920850086420774,0.8047530788466334
1721665014582085000,0.714085205078125,-0.4961137575890869,-0.0664215604126453,1.4329191722095012
1721665014592129300,0.72412939453125,-0.153797646048665,-0.2597311326384544,2.192365082603693
1721665014602173200,0.734173095703125,0.2339951452922075,-0.2021697550296783,2.452649757471681
1721665014612218000,0.744218017578125,0.5087544818449765,-0.1951338650435209,2.432541912205517
1721665014622262300,0.75426220703125,0.6324323725052178,-0.1635328581213951,2.229298682725429
1721665014632306200,0.76430615234375,0.6191941207475959,-0.0682604662775993,1.5677639882460237
1721665014642350000,0.77435009765625,0.4477720437463373,-0.0239157131165266,0.645387277276814
1721665014652394000,0.78439404296875,0.1785978138495236,-0.1322445704102516,-0.1528460444122552
1721665014662439200,0.794439208984375,-0.0402995694234967,-0.2935352025628089,-0.4979848852232098
1721665014672483300,0.8044833984375,-0.148074007704854,-0.327217107412219,-0.4000108332052827
1721665014682527000,0.81452685546875,-0.2213404655762016,-0.2420493454754352,-0.2124891967311501
1721665014692571100,0.824571044921875,-0.2157094739519059,-0.2009738232433796,3.94552275538e-05
1721665014702615000,0.834614990234375,-0.1463625276118516,-0.1080301666080951,0.1263835694223642
1721665014712660000,0.844659912109375,-0.1068799736596643,0.0770896694213151,-0.0850160785064101
1721665014722704100,0.8547041015625,-0.1015981607992202,0.1246989773362874,-0.3856152281060814
1721665014732748000,0.864748046875,-0.3264684810020029,-0.1721685845196247,-0.3859016438320279
1721665014742792200,0.874792236328125,-0.992850761643052,-0.7938222272485495,-0.7041138992726802
1721665014752836400,0.88483642578125,-1.1568423233173788,-0.2644710206419229,-1.3720146216526627
1721665014762881000,0.894881103515625,1.0511507557246833,0.1972264534085989,-1.4923101033329962
1721665014772925200,0.90492529296875,2.0252853456556794,-0.864900089034438,-0.5135211847901344
1721665014782969300,0.91496923828125,0.5670344560518861,-1.0291191758543252,0.3553586215302348
1721665014793013000,0.925012939453125,-0.0705539109770208,-0.1554869143098592,-0.4999538472086191
1721665014803058200,0.93505810546875,-0.0320629253454506,0.2760965765058994,-0.6835401900604366
1721665014813102300,0.945102294921875,-0.1365958244223147,0.2671066298425197,-0.7764405920758843
1721665014823146000,0.95514599609375,-0.1743380375131964,-0.0024906477719545,-1.1121858738586303
1721665014833190100,0.965190185546875,-0.3257918969146907,-0.301028773188591,-1.4269322067543864
1721665014843235000,0.975235107421875,-0.1115181548543274,-0.1592296079695224,-1.2853045987099407
1721665014853279200,0.985279296875,-0.0338001244015991,-0.2257341704905033,-1.035645070491731
1721665014863323100,0.9953232421875,-0.1324663964673876,-0.3494458903551101,-0.7458104760125279
1721665014873367000,1.005366943359375,-0.1323414549134671,-0.3390951767325401,-0.4839551908269524
1721665014883411200,1.0154111328125,-0.1185254032678902,-0.2573193953216076,-0.4306397802248597
1721665014893456100,1.0254560546875,-0.2155165817283093,-0.219945650216937,-0.3977250603556633
1721665014903500000,1.0355,-0.3708125035107135,-0.231506908673048,-0.1111979829892516
1721665014913544200,1.045544189453125,-0.4811256664894521,-0.1594762762069702,0.0447840213611722
1721665014923588000,1.055588134765625,-0.4810806583039462,-0.1134060144275426,0.1108855560392141
1721665014933633000,1.065633056640625,-0.4558068085767328,-0.1234188743978738,-0.0557256866142153
1721665014943677200,1.07567724609375,-0.3950876975893974,-0.0734966133654117,-0.1723383881285786
1721665014953721000,1.08572119140625,-0.5193149657607078,0.1300865155935287,-0.1375806707412004
1721665014963765200,1.09576513671875,-0.6205816295832395,0.265765152105689,-0.0536661237359046
1721665014973809200,1.10580908203125,-0.6499195138789713,0.2549497435808182,0.0935398689627647
1721665014983854000,1.11585400390625,-0.3996995752990245,-0.0731418085783719,0.1011456677913665
1721665014993898200,1.125898193359375,-0.1923309364520013,-0.3648825289398431,0.164372231554985
1721665015003942100,1.135942138671875,-0.1080403957411646,-0.4091442799925804,0.26245295881778
1721665015013986000,1.145986083984375,-0.1156271976083517,-0.3107090402036905,0.7073299387097358
1721665015024031200,1.15603125,-0.111341629243642,-0.1152314762890338,0.6557458819448948
1721665015034075100,1.1660751953125,-0.3334570247150957,-0.0617687661707401,-0.0109035251997411
1721665015044119000,1.176119140625,-0.6655018445447087,-0.1903115594536066,-0.2962120205566287
1721665015054163200,1.1861630859375,-0.7446725580237805,-0.4469990866124629,-0.3045981561079621
1721665015064208100,1.1962080078125,-0.3527785419091582,-0.8595856160134077,-0.0246316063009202
1721665015074252000,1.206251953125,0.6976612160019576,-0.950619639635086,0.324214418464899
1721665015084296200,1.216296142578125,1.318376847228408,-0.7516922275274992,-0.3990926954470574
1721665015094340000,1.226340087890625,1.27733800374493,-0.7246896543115376,-0.3735141636848449
1721665015104385000,1.236385009765625,0.6140468209870159,-0.6585480798840523,0.4126924739934504
1721665015114429200,1.24642919921875,-0.1172859246008098,-0.2921411178559064,0.2930934501446783
1721665015124473000,1.25647314453125,-0.86781539195925,0.1537017844587564,-0.0470071042381226
1721665015134517200,1.266517333984375,-1.4534212774902582,0.5619529150038958,-0.3062204966127872
1721665015144561200,1.27656103515625,-1.881076488946378,0.5328823033422231,-0.4071355705186724
1721665015154606000,1.286606201171875,-2.1097420367136595,0.242523392727971,0.0544951219059526
1721665015164650200,1.296650146484375,-1.7927917640328406,0.0860462983369827,0.1036193644285202
1721665015174694100,1.306694091796875,-1.4264160739257932,-0.2439659927517175,-0.0367244874157011
1721665015184738000,1.316738037109375,-1.1826698614045976,-0.3803577459692955,0.6555797315977513
1721665015194783200,1.326783203125,-0.224473941296339,-0.3797030814528465,0.2153565688610076
1721665015204827100,1.3368271484375,-0.3553431317001581,0.379278718560934,0.0785386991858482
1721665015214871300,1.346871337890625,-1.5018638213589786,1.5130664756357668,1.3564016035877169
1721665015224915000,1.3569150390625,-1.5739374161839483,2.231324051073193,1.984933461523056
1721665015234960100,1.366960205078125,-0.8630877789154648,2.382147649747133,0.9040238926768304
1721665015245004300,1.37700439453125,-0.7668652467399835,2.219838195940852,0.4071418541289865
1721665015255048000,1.3870478515625,-1.7590172124639152,2.0467197633504868,-0.9808861830830572
1721665015265092000,1.397092041015625,-2.271423714010417,2.4340192912817,-0.2072141789376735
1721665015275137300,1.40713720703125,-2.6043305574968456,2.717623466938734,-0.1986065095901489
1721665015285181000,1.417180908203125,-2.952851734222472,2.0756220327079293,0.3171019561111927
1721665015295225000,1.42722509765625,-3.641281157629192,1.1784458139687777,1.290720194017887
1721665015305269200,1.437269287109375,-4.346324738967418,0.4720633852422237,1.4273615380823612
1721665015315314200,1.447314208984375,-4.624846496793627,0.5535702865839004,0.5584194801807403
1721665015325358000,1.457358154296875,-4.124750026243925,0.8015876005530357,-1.1481716717362402
1721665015335402200,1.46740234375,-3.755649879609048,0.6312918241679668,-2.2803905720591544
1721665015345446400,1.4774462890625,-4.395523946422339,0.1484738206773996,-1.7899726149588822
1721665015355491300,1.4874912109375,-4.591678386685252,-0.1362123049974441,-1.322517015773058
1721665015365535500,1.497535400390625,-4.171899315431713,-0.3709960433840751,-1.8004511927448212
1721665015375579400,1.507579345703125,-4.154770485976338,-1.5066262134552002,-2.689429638111591
1721665015385623600,1.51762353515625,-3.4900656370282173,-1.1924305001795292,-1.1762111867845058
1721665015395668500,1.52766845703125,-2.4090105222314597,-0.8726128553688526,-1.5864610899314284
1721665015405712400,1.53771240234375,-1.9099702827364204,-0.9100590811878442,-0.7084869997903704
1721665015415756500,1.547756591796875,-1.4634019887566565,-0.8000134831041097,-0.0523100329518318
1721665015425800400,1.557800537109375,-1.117556753242016,-1.0410825853705403,-0.5290273814797402
1721665015435845400,1.567845458984375,-1.5159125127166508,-1.5270149214893578,-1.271379825992882
1721665015445889500,1.5778896484375,-2.279823585826158,-1.3592074547886848,-2.180326854285598
1721665015455933700,1.58793359375,-3.089372959038615,-0.844649912688136,-3.63139133951664
1721665015465977300,1.597977294921875,-2.569946934118867,-0.5291080455005168,-3.6999972582310434
1721665015476022500,1.6080224609375,-1.0894465110450982,-0.5413227994292974,-3.1964176217406988
1721665015486066700,1.618066650390625,-0.5557277568787335,-1.3963608351409431,-3.300578837960958
1721665015496110300,1.6281103515625,-0.5313093549370765,-3.092748572951555,-2.802641006749868
1721665015506154500,1.638154541015625,-0.9410954399645328,-3.379359529209137,0.3514180672109127
1721665015516199400,1.648199462890625,-0.537593549773097,-2.1658993927434085,0.6922393370836972
1721665015526243300,1.658243408203125,0.3927537016838788,-0.8055904064536095,-0.7842956894904375
1721665015536287500,1.66828759765625,0.4215507571011781,-0.4326899907529354,0.3602607143580913
1721665015546332400,1.67833251953125,0.6287514920353889,-0.7292205757394432,1.247879415678978
1721665015556376600,1.68837646484375,1.7691554523795845,-0.7082537755563855,0.8025210820108651
1721665015566420500,1.69842041015625,2.792741544026136,-0.5029895616427064,0.5076502469301224
1721665015576464400,1.70846435546875,2.558607209458947,-0.3727779583647847,0.7524737332940101
1721665015586509600,1.718509521484375,1.8495067539453505,-0.3655558981567621,0.903802358880639
1721665015596553500,1.728553466796875,1.4166329310581087,-0.7018561834737658,0.234589677119255
1721665015606597400,1.738597412109375,1.1327584140270948,-1.5343332816787063,-0.0292120659589767
1721665015616641500,1.7486416015625,0.7800327713489532,-2.453888651616871,-0.1908382136762142
1721665015626686500,1.7586865234375,-0.3124240274280309,-3.3499270984977483,0.1725607987076044
1721665015636730400,1.76873046875,-0.944228185032308,-3.144417093129456,0.1387117205977439
1721665015646774500,1.7787744140625,-0.7845996408730744,-2.330308303046972,-0.040118075376749
1721665015656818400,1.788818359375,-0.3832850315928459,-1.6438440422333775,0.4609773430824279
1721665015666863400,1.79886328125,0.1108919857800006,-1.099750316786021,0.8209171549230814
1721665015676907500,1.808907470703125,0.1279834058344364,-0.9260843333154916,1.322186760905385
1721665015686951400,1.818951416015625,0.3293757467508316,-1.1052945069096982,1.412378488484025
1721665015696996400,1.828996337890625,0.8673220554843545,-1.2052093177318572,1.1840315051466226
1721665015707040500,1.83904052734375,1.269638243022561,-1.1805550612077116,0.8803706298887729
1721665015717084400,1.84908447265625,1.19926385333091,-0.7800962650392204,0.3609691548883915
1721665015727128600,1.859128662109375,0.3639823652297258,-0.2695078274990432,0.3796346923917532
1721665015737173500,1.869173583984375,-1.4914686840727924,-0.389143183036521,1.257912733915448
1721665015747217400,1.879217529296875,-1.8426356991320847,-0.4947391082350164,0.3440560140103101
1721665015757261600,1.889261474609375,-1.4103111806906758,-0.5086885770019144,-0.0437479563117027
1721665015767305500,1.899305419921875,-0.9379708782032132,-0.3175201084580272,0.3327589594483375
1721665015777350400,1.909350341796875,-0.2936404165029526,-0.1860853383270092,0.9400123209029436
1721665015787394600,1.91939453125,0.3944358095519244,-0.3470789420280605,1.5349293478757142
1721665015797438500,1.9294384765625,0.7940497523941099,-0.6874211231470108,2.023555745384097
1721665015807482400,1.939482421875,0.7421998842999339,-0.9459491636060178,2.242518814304471
1721665015817527600,1.949527587890625,0.8729752589404582,-0.9359924908023328,2.189690310436487
1721665015827571500,1.959571533203125,0.9591752865344284,-0.7181434475384653,2.1233663651794195
1721665015837615600,1.96961572265625,0.7584495928332209,-0.5535199446361512,1.7628601516276596
1721665015847660500,1.97966064453125,0.500569348758459,-0.3521578527275473,1.1679103914290665
1721665015857704400,1.989704345703125,0.1832189708441496,-0.0941058688150718,0.7405109082996845
1721665015867748600,1.99974853515625,-0.2392591302350163,0.1043977283898741,0.3312088073968887
1721665015877792300,2.009792236328125,-0.5854978220466523,0.3250592717912048,0.2156839011192321
1721665015887837400,2.01983740234375,-0.6321729178514331,0.5236429119624197,0.2907745056778192
1721665015897881600,2.029881591796875,-0.3996379082396626,0.469252127213776,0.3338718891263008
1721665015907925200,2.03992529296875,-0.0210570357497781,0.3146799165960401,0.6402531292587519
1721665015917970400,2.049970458984375,0.4459371564693749,0.2086158624291419,0.9234341110676526
1721665015928014600,2.0600146484375,0.6009756694246083,0.0689540745649486,1.010529041674733
1721665015938058500,2.07005859375,0.300817030134052,-0.084517335204035,0.9881371771246196
1721665015948102400,2.080102294921875,0.1857761810462921,-0.1949820354826748,0.6908154417604208
1721665015958147600,2.090147705078125,0.2126892493478953,-0.2756114964026958,0.5172708927124738
1721665015968191500,2.10019140625,0.3018323446564376,-0.4734043515224009,0.4479734846025705
1721665015978235400,2.1102353515625,0.4010192065302282,-0.661430065061152,0.3765805655181408
1721665015988279600,2.120279541015625,0.3748309453718364,-0.8928432310361415,0.4044663513094186
1721665015998324500,2.130324462890625,0.3052537704724818,-1.19293684226647,0.3462614151000976
1721665016008368400,2.140368408203125,0.2340172840587794,-1.4531662798158824,0.055455929762125
1721665016018412300,2.150412353515625,-0.1468906431391835,-1.6599407521620393,0.0384901819139718
1721665016028457500,2.16045751953125,-0.5158189403384924,-1.7537702517211435,-0.2167337024331092
1721665016038501400,2.17050146484375,-0.5468486501786858,-1.7056439341947436,-0.6923194165825843
1721665016048545300,2.180545166015625,-0.4748028566760942,-1.6721464460015296,-0.8067500978827477
1721665016058589400,2.19058935546875,-0.3735810183759778,-1.6718761046275497,-0.6636737523347139
1721665016068634600,2.200634521484375,-0.1151328016875311,-1.565972428654134,-0.6617483372300863
1721665016078678300,2.21067822265625,0.1743986085940152,-1.3909838182777166,-0.5582879627555608
1721665016088722400,2.220722412109375,0.2842947517370805,-1.3395019067130982,-0.2891962965756655
1721665016098767600,2.230767578125,0.4450547841442748,-1.348877637823671,-0.0889507876068353
1721665016108811300,2.240811279296875,0.8303810027085244,-1.128508501497656,0.4192816431254148
1721665016118855400,2.25085546875,1.2969650797568262,-0.5937906532913446,1.0666109943807125
1721665016128900600,2.260900634765625,1.3441304432965815,0.4029515628322959,1.5035019439548254
1721665016138944500,2.270944580078125,1.081725488338992,1.347220372135937,1.593916374373436
1721665016148988400,2.280988525390625,0.7471442088343203,1.8677929367423056,1.444956231483817
1721665016159032600,2.291032470703125,0.5982977554522454,2.118618878391385,1.1540256584614514
1721665016169077500,2.301077392578125,0.7041425408452748,2.231400038918853,0.8487859895795583
1721665016179121400,2.311121337890625,0.6196361654266714,2.1732737209036945,0.8436866206139325
1721665016189165300,2.321165283203125,0.4742819380745291,1.8833238294817507,0.7259066288858652
1721665016199210500,2.33121044921875,0.4170870556905865,1.3375227155946194,0.3111322340518236
1721665016209254400,2.34125439453125,0.2345887638038024,0.5768845266759395,0.1282937869578599
1721665016219298300,2.35129833984375,0.220337279883027,-0.2101268515139818,0.0113660281449556
1721665016229342500,2.361342529296875,0.4897413364803418,-0.6289993293166161,-0.1916390086650848
1721665016239387400,2.371387451171875,0.6281440276615321,-0.8047222453169525,-0.1066565401673316
1721665016249431300,2.381431396484375,0.7637127009931951,-0.9555191021144388,0.0344154798209667
1721665016259475500,2.391475341796875,0.7933820822656155,-0.8845750958412885,0.301675838920474
1721665016269520600,2.401520751953125,0.6357401818789541,-0.7788610972210764,0.4929875153273343
1721665016279564300,2.411564208984375,0.545019535055384,-0.502210686224699,0.5763420903623103
1721665016289608400,2.4216083984375,0.632250147806108,-0.2009596485875547,0.6646107409238815
1721665016299653600,2.431653564453125,0.7683270629208534,-0.0091024671271443,0.6293821911543608
1721665016309697300,2.441697265625,0.8422936318855733,-0.1962561470717191,0.0043839141726493
1721665016319741400,2.451741455078125,0.6362984002836048,-0.5718316272005438,0.0550718988806009
1721665016329785600,2.46178564453125,0.4628146049795672,-0.6379751013241708,0.0097866499990224
1721665016339830300,2.471830322265625,0.0603125760130584,-0.5310645863957703,0.1947428198993206
1721665016349874700,2.481874755859375,-0.103941618652828,-0.1348902626134455,-0.2104875015199184
1721665016359918800,2.4919189453125,0.0974389587605372,0.1205531097032129,-0.500226234409213
1721665016369963800,2.5019638671875,0.2006186531301587,0.4063094949580729,-0.4769727845937013
1721665016380007700,2.512007568359375,0.3280049698542803,0.6155090024940669,-0.6483885049194097
1721665016390051800,2.5220517578125,0.324791122374311,0.6192809222482144,-0.6262403859972954
1721665016400096800,2.5320966796875,0.1234249022798612,0.4928302789390086,-0.3737093939960003
1721665016410140700,2.542140625,-0.1431238744841888,0.328691417748481,-0.2845025858014822
1721665016420184800,2.552184814453125,-0.2218099097188562,0.3251579829253256,-0.3995908542275428
1721665016430229000,2.56222900390625,-0.2349321338813751,0.5339239213496446,-0.5599924285858869
1721665016440273700,2.572273681640625,-0.3117218339754268,0.7352296068958938,-0.4008469917684793
1721665016450317800,2.58231787109375,-0.4253414180884137,0.8698039354279636,-0.2985533229857683
1721665016460362000,2.592362060546875,-0.5796605672605335,0.9181474028363824,-0.2199906584024429
1721665016470406700,2.60240673828125,-0.6773384858760982,0.9103728233121336,-0.0559831685066223
1721665016480450800,2.612450927734375,-0.3865448371063917,0.7492397198088466,0.4775935468405485
1721665016490494700,2.62249462890625,-0.0330204452659934,0.67499214194566,0.7648135749071836
1721665016500540000,2.632539794921875,-0.1267260261844843,0.6599288667179644,0.8226824110299349
1721665016510583800,2.642583740234375,-0.2696231427080929,0.5557530374504626,0.7271089904129505
1721665016520627700,2.652627685546875,-0.1206757862348109,0.4869575875133275,0.2444669280111789
1721665016530671900,2.662671875,-0.0618908581804484,0.4486771028272807,-0.0736544342756271
1721665016540716800,2.672716796875,-0.0047170916497707,0.2886475766517222,-0.0343096813589334
1721665016550760700,2.6827607421875,0.2963770018599927,0.0921332170352339,0.0662058718353509
1721665016560804900,2.692804931640625,0.519107095163688,-0.020084172129631,0.0073731591165065
1721665016570849800,2.702849853515625,0.5319613891050219,-0.0399625925540924,0.0137742583304643
1721665016580893700,2.712893798828125,0.4811500702783465,-0.058156420892477,-0.0020633622705936
1721665016590937900,2.722937744140625,0.432779641797766,0.0808233029916882,-0.016700959432125
1721665016600982800,2.732982666015625,0.4894448742844164,0.2655914029739797,0.1666302396148443
1721665016611026700,2.743026611328125,0.7822247284352779,0.4225546734467149,0.2459948682308196
1721665016621070800,2.75307080078125,0.7963817024730145,0.9317381212934852,0.5406505992561579
1721665016631116000,2.763115966796875,0.7650689379077404,1.5620580316893755,0.7909697604268788
1721665016641159700,2.77315966796875,0.7432758429683745,1.6357514828011392,0.7895826899826526
1721665016651203800,2.783203857421875,0.4866846888560801,1.1362542933188378,0.4530068025946617
1721665016661249000,2.7932490234375,0.2673589971683919,0.0614886340551078,-0.0480295791536569
1721665016671292700,2.803292724609375,0.0098579616695642,-1.162837764339894,-0.3952566244155168
1721665016681336800,2.8133369140625,0.1296331458028405,-1.8140968562595543,-0.7160749707013369
1721665016691380700,2.823380615234375,0.3071918989282101,-1.8827910377793011,-0.7412789700627327
1721665016701425700,2.83342578125,0.1498600874040275,-1.6444452229969202,-0.4800806874811649
1721665016711469800,2.8434697265625,0.0671310238562524,-1.3663503122806548,-0.1647650302648544
1721665016721513700,2.853513671875,0.329704101922363,-1.0939851773880422,-0.3930295960158109
1721665016731559000,2.863558837890625,0.5550287417639047,-0.8917571162998675,-0.4739683420807123
1721665016741602800,2.873602783203125,0.3472387356996536,-0.6517866229251027,-0.3562257597535848
1721665016751646700,2.883646728515625,-0.1431880622942,-0.3979328578874468,-0.2034270616143941
1721665016761692000,2.89369189453125,-0.4299135117769241,-0.0643815790176391,-0.1406225226551294
1721665016771735800,2.90373583984375,-0.4760667025994509,0.3129167793810367,-0.1196609831690788
1721665016781779700,2.91377978515625,-0.4228274259734899,0.6344302683241665,0.0488245289236307
1721665016791825000,2.923824951171875,-0.2772495459333062,0.7254829966463148,0.283508898589015
1721665016801868800,2.933868896484375,0.1260108636524528,0.5437883127599954,0.4333557611852884
1721665016811912700,2.94391259765625,0.3696469668626785,0.3112586369104683,0.4390022426396608
1721665016821958000,2.9539580078125,0.3641715311262756,0.0980441946446895,0.2703600786805152
1721665016832002000,2.964001953125,0.2522543670170009,-0.0313135682828724,0.0804027394920587
1721665016842045700,2.974045654296875,0.0268709827255457,0.0190343708157539,-0.0371253233015537
1721665016852091000,2.9840908203125,-0.095934435949102,0.1538333018839359,-0.151470079883933
1721665016862135000,2.994135009765625,-0.0772580847907811,0.2576915896348655,-0.1739940463811159
1721665016872178700,3.0041787109375,0.0648182899344712,0.2988330167099833,-0.1782359217345714
1721665016882222800,3.014222900390625,0.0738823978126049,0.8764216000020504,-0.9615864393293856
1721665016892268000,3.02426806640625,-0.3247947756361216,1.575154683019221,-0.3579536064594983
1721665016902311700,3.034311767578125,-0.0854145763047039,-0.3078305621579289,1.810186550948024
1721665016912355800,3.04435595703125,0.8271493273109197,-0.7013216382056474,0.0404009839713573
1721665016922401000,3.054401123046875,0.8253918161191046,-0.3051582742087543,-0.4674275421351194
1721665016932445000,3.06444482421875,0.3233746066398918,0.12869929901883,0.0853723445981741
1721665016942488800,3.07448876953125,0.0548819292664527,0.4257683747962117,0.6428127506136894
1721665016952534000,3.084533935546875,0.0756295337408781,0.3842081377871334,0.6645008508086204
1721665016962578000,3.094577880859375,0.1748191720936447,0.1575428239263594,0.2803162400275468
1721665016972621800,3.104621826171875,0.1331022832181304,-0.0434993883781135,-0.0272451498001813
1721665016982666800,3.114666748046875,0.0669645812481641,0.0163892631344497,-0.3228706026405096
1721665016992711000,3.1247109375,0.1724361494146287,0.5238334660984575,-0.840295224609971
1721665017002754800,3.1347548828125,-0.0158102211374789,0.5788609413154423,-0.2041740805894136
1721665017012799700,3.1447998046875,-0.2624609959937632,-0.1061469832099974,0.5554886874258518
1721665017022844000,3.154843994140625,-0.0579365675967186,-0.7146927225627004,0.2255693353176116
1721665017032887800,3.1648876953125,0.2829532374676317,-0.809284730926901,0.0142757781118154
1721665017042932700,3.1749326171875,0.5449428896225988,-0.3728177058532834,-0.3540127598792314
1721665017052977000,3.184976806640625,0.445943074753508,0.0068741235531866,-0.1475374166101217
1721665017063021000,3.19502099609375,0.1677151122421026,0.2455148296289145,0.1520300518542528
1721665017073065700,3.205065673828125,0.0912975699286907,0.2639683318167924,0.0749187551230192
1721665017083110000,3.21510986328125,0.1547707288645207,0.2060666163377463,-0.082093761318922
1721665017093154000,3.225154052734375,0.2729590091325342,0.0935384076580405,-0.0896738411843776
1721665017103198700,3.23519873046875,0.1934860978364944,-0.0827978179350495,0.0603138911873102
1721665017113243000,3.245242919921875,-0.0366268722601234,-0.2646330793358385,0.2437719314843416
1721665017123286800,3.255286865234375,-0.3257403128579259,-0.3513654602408408,0.4155436256408691
1721665017133331000,3.2653310546875,-0.260210294457525,-0.1615935606218874,-0.0513151766955852
1721665017143376000,3.2753759765625,0.1041668422434479,-0.0283994344018399,-0.3235772896051406
1721665017153419800,3.285419677734375,0.4792679828587919,0.1189040273219347,-0.2204740580052137
1721665017163464000,3.2954638671875,0.6705811936356126,0.2502427349336445,-0.0961672948569059
1721665017173508900,3.3055087890625,0.753847140539065,0.3644282093010842,-0.1022743795603513
1721665017183552800,3.315552734375,0.7070880197126418,0.4319350807324051,-0.132629770335555
1721665017193597000,3.325596923828125,0.5147624170228838,0.2323863218560814,-0.0854851573228836
1721665017203641900,3.335641845703125,0.591232054849714,0.1247195817328989,0.0971773486822843
1721665017213685800,3.345685791015625,1.165543150841072,0.8308642561808228,-1.3050725444972515
1721665017223730000,3.35572998046875,0.9381403895512224,1.571092255885899,-1.7702181131750343
1721665017233774800,3.36577490234375,0.3759922442361712,0.7237273851506412,0.3734159640073776
1721665017243818800,3.37581884765625,-0.1038921169552952,0.0903179843068122,1.4850041642338037
1721665017253863000,3.38586279296875,-0.3312723010871559,-0.3582815232396125,1.144705456930399
1721665017263907800,3.395907958984375,-0.2664840409647673,-0.7498956994995475,0.2315507478147745
1721665017273951700,3.40595166015625,-0.0269076614741235,-0.8961338700793683,-0.3766279117912053
1721665017283996000,3.415995849609375,0.3254950328599661,-0.6655182111576199,-0.3728337802052497
1721665017294040800,3.426040771484375,0.5511063076231628,-0.1932137106359004,-0.0013841478347778
1721665017304084700,3.436084716796875,0.5874185609761625,0.2476739073589444,0.2292833874046802
1721665017314129000,3.44612890625,0.5596533328246325,0.5475640319064259,0.2005687495738267
1721665017324173800,3.456173828125,0.4750017767816781,0.597518880034238,0.0134784902542829
1721665017334217700,3.4662177734375,0.4120471618272364,0.4904768476806581,-0.1189168868035078
1721665017344262000,3.476261962890625,0.2931250143267214,0.3368893372513353,-0.1397726278275251
1721665017354306000,3.48630615234375,0.1698331273093819,0.1629698174111545,-0.0665834729760885
1721665017364350000,3.496349853515625,0.0716747317004948,0.0184914961107075,0.0302647898823022
1721665017374393900,3.506393798828125,0.0242497673764824,-0.0691743662521243,0.0670440762251615
1721665017384437800,3.516437744140625,0.0140931150212883,-0.1276711250148713,0.0350672217279672
1721665017394483000,3.52648291015625,-0.0035778584867715,-0.1570588398016989,-0.0145417355716228
1721665017404526800,3.53652685546875,-0.0325135917223989,-0.1727462382771074,-0.041097149541974
1721665017414570800,3.54657080078125,-0.0846570359356701,-0.1784003185160458,-0.0373643927544355
1721665017424616000,3.556615966796875,-0.1382374541494995,-0.1802697656497359,-0.0083820438981056
1721665017434659800,3.566659912109375,-0.1569740841276943,-0.180228556856513,0.0280494519203901
1721665017444703700,3.576703857421875,-0.1187602349370717,-0.1499189049191772,0.052981064081192
1721665017454749000,3.5867490234375,-0.0412218719001859,-0.0838026110634207,0.1003723453313112
1721665017464793000,3.59679296875,0.055086511927843,-0.012555968581885,0.1382628077864647
1721665017474836700,3.606836669921875,0.164050963711366,0.0603838876836001,0.1612263347446918
1721665017484882000,3.6168818359375,0.3097428255200385,0.0981339187547564,0.1551946533650159
1721665017494926000,3.626926025390625,0.4510105872761458,0.1265165481522679,0.09332476490736
1721665017504969700,3.6369697265625,0.5631932704538106,0.1300073128774762,0.0865922417819499
1721665017515015000,3.647014892578125,0.6534397969596087,0.1115146477229893,0.0016425065100193
1721665017525059000,3.65705908203125,0.7141541587065905,0.0469594657041132,-0.2170505132973194
1721665017535102700,3.667102783203125,0.7500678411960602,-0.0750233845412731,-0.3862871360182762
1721665017545148000,3.67714794921875,0.7186165449429303,-0.2077314808100462,-0.3116284931361675
1721665017555192000,3.687192138671875,0.6443727664720267,-0.2970157381549477,-0.0813023186802864
1721665017565236000,3.697236083984375,0.5103143515728413,-0.3259938492275774,0.1361924312531948
1721665017575281000,3.707281005859375,0.3837555717140436,-0.3161914171375334,0.224524210178852
1721665017585324800,3.71732470703125,0.2716165084823966,-0.2504663145564496,0.1714373476356268
1721665017595369000,3.727368896484375,0.1899040746312588,-0.150731536476314,0.0607557897359132
1721665017605414000,3.737413818359375,0.1226456980682909,-0.0523651241399347,-0.0285889656245708
1721665017615457800,3.747457763671875,0.0672568421930074,0.0131245622500777,-0.1074766243785619
1721665017625502000,3.757501953125,0.0215253839138895,0.0648304918289184,-0.171669987347722
1721665017635545900,3.7675458984375,-0.0332005510732531,0.0781178434252738,-0.1941869395822286
1721665017645590800,3.7775908203125,-0.0728178373210132,0.0927786753319203,-0.1449830559521913
1721665017655635000,3.787635009765625,-0.1425187847305089,0.1322328799724579,-0.062471946004033
1721665017665679000,3.79767919921875,-0.1693571803607046,0.1545744756400585,0.0102782329082489
1721665017675723800,3.807723876953125,-0.1611011739950627,0.192118755006045,0.0569786092847585
1721665017685768000,3.817767822265625,-0.1241262189496308,0.2154403016217052,0.0024193361014127
1721665017695812000,3.82781201171875,-0.0986017554622143,0.2162880044922232,-0.0605050298452377
1721665017705856800,3.837856689453125,-0.0833222802005708,0.1844090574115514,-0.097590021136403
1721665017715901000,3.84790087890625,-0.0748478087786585,0.1543942967675626,-0.0864928730607032
1721665017725945000,3.857945068359375,-0.0868704011362045,0.1214680325910449,-0.062449734172225
1721665017735989800,3.86798974609375,-0.0753604344759136,0.092510672045499,-0.0536731379985809
1721665017746034000,3.878033935546875,-0.0158805098947137,0.0981483856715261,-0.0727174456864595
1721665017756077800,3.888077880859375,0.1113358570899814,0.139078069692105,-0.1150450138062238
1721665017766122800,3.898122802734375,0.2528759329814464,0.1818218173973262,-0.1049801313877105
1721665017776167000,3.9081669921875,0.3774579328745603,0.2124221228443086,-0.0381780472248792
1721665017786210800,3.9182109375,0.4494853504702448,0.2341783198393881,0.0630494536310434
1721665017796255700,3.928255859375,0.5069466287054121,0.2518909405320882,0.1770949350059032
1721665017806300000,3.9382998046875,0.523173394754529,0.2680672915682196,0.2175485259473323
1721665017816343800,3.94834375,0.5232951945032924,0.2832518550880253,0.2162164005607366
1721665017826388700,3.958388671875,0.532400145848468,0.2736712490551173,0.1600245577394962
1721665017836433000,3.968432861328125,0.5243304558351636,0.2638319920860231,0.0804261203676462
1721665017846476800,3.978476806640625,0.5128671778608114,0.2280740116149187,0.0376052157729864
1721665017856521000,3.98852099609375,0.4537593745276331,0.1985949652828276,0.0625724837690591
1721665017866566000,3.99856591796875,0.3712538906026631,0.1453450211323797,0.0801110630691051
1721665017876609800,4.00860986328125,0.2862878617830574,0.0915608239747583,0.0518733951002359
1721665017886654000,4.018654052734375,0.1940682816386222,0.0364409942992031,0.0236848269701004
1721665017896699000,4.028698974609375,0.1208132950093597,-0.0302564604453742,0.030834114202857
1721665017906742800,4.03874267578125,0.0537752831988036,-0.0748157331399619,0.0918359876543283
1721665017916787000,4.048786865234375,0.0260620774954557,-0.0940332054376602,0.1744809531152248
1721665017926831900,4.058831787109375,0.0195375710975378,-0.0906840411402285,0.211366622442007
1721665017936875800,4.068875732421875,0.0334895971477031,-0.0606140431776642,0.1832926206022501
1721665017946920000,4.078919921875,0.0576869036845862,-0.0150623984448611,0.1522299583405256
1721665017956964900,4.08896484375,0.0935259865678846,0.0370076882712543,0.1202303074896335
1721665017967008800,4.0990087890625,0.1288659608226269,0.0693238577254116,0.0709586193203926
1721665017977053000,4.109052978515625,0.1500569251503795,0.0756038147777318,0.0142523972362279
1721665017987097900,4.119097900390625,0.1922906044416129,0.0820740337051451,-0.0269891292124986
1721665017997141800,4.129141845703125,0.2382801291350275,0.0872566970400512,-0.0625625468969345
1721665018007186000,4.13918603515625,0.2945973519016057,0.0820988758854567,-0.0862643250018358
1721665018017229800,4.149229736328125,0.3354779360834509,0.0721989747703075,-0.1347737966269254
1721665018027274800,4.159274658203125,0.3457349800731986,0.0715013478949666,-0.1581967577904462
1721665018037319000,4.16931884765625,0.340354236882925,0.0863423586741089,-0.1714268262416124
1721665018047362800,4.17936279296875,0.3155303228802978,0.1106900334671139,-0.1079302133649587
1721665018057407700,4.18940771484375,0.3200040342282503,0.1021165586501359,-0.0183230076760053
1721665018067452000,4.199451904296875,0.354842634832114,0.0977607015281915,0.0906505772620439
1721665018077495800,4.209495849609375,0.3886621945865452,0.0954113619230687,0.0844984843730926
1721665018087541000,4.219541015625,0.4213927169952541,0.0779256818540394,-0.0553337646871805
1721665018097585000,4.2295849609375,0.4131835454460233,0.0456536438025534,-0.2335848839908838
1721665018107628800,4.23962890625,0.3900909122154116,0.009123509915173,-0.3738707220375538
1721665018117674000,4.249674072265625,0.3546202242530882,-0.0137049924865365,-0.3590834872722625
1721665018127718000,4.2597177734375,0.3256290345031767,-0.023215455892682,-0.1903022071033716
1721665018137761800,4.26976171875,0.3038095630135387,0.0074590838342905,-0.0076385320544242
1721665018147807000,4.279806884765625,0.2760956997230648,0.0543757333099842,0.1057066920965909
1721665018157851000,4.289850830078125,0.2452341860566288,0.111251174481213,0.1342465578824281
1721665018167894800,4.299894775390625,0.198623168464005,0.1723677603535354,0.1033107368707656
1721665018177939000,4.30993896484375,0.142955860973522,0.234022690886259,0.0877624546051025
1721665018187984000,4.31998388671875,0.0853751210771501,0.2830700687803328,0.0706558369815349
1721665018198027800,4.33002783203125,0.0391066333118826,0.2977839460484683,0.0415057303428649
1721665018208072000,4.340072021484375,-0.003600216449052,0.2789449516743421,0.0203927996873855
1721665018218117000,4.3501171875,-0.0481055669993162,0.2428929566927254,0.0117260936290025
1721665018228160800,4.360160888671875,-0.1064375636544078,0.2030873082660138,0.0185737675666809
1721665018238205000,4.370204833984375,-0.139418042236194,0.1489706642836332,0.0025748189240694
1721665018248249900,4.380249755859375,-0.1568519190527498,0.0979347429208457,-0.0077782327860593
1721665018258293800,4.390293701171875,-0.129597270771861,0.0349245983868837,0.0023351649492979
1721665018268338000,4.400337890625,-0.0675792060151696,-0.0198456871986389,0.0154155957967042
1721665018278382800,4.4103828125,-0.0087204090069979,-0.0752799896508455,0.0307803381890058
1721665018288426800,4.4204267578125,0.03973857453987,-0.0981993852064013,0.0294581496745347
1721665018298471000,4.430470947265625,0.0810180949114263,-0.1317072486631572,-0.0019739304214715
1721665018308514800,4.440514892578125,0.1110845126774162,-0.1539490372180938,-0.0332499431729316
1721665018318560000,4.45056005859375,0.1385117410462349,-0.1739737342454493,-0.0604220277369022
1721665018328604000,4.46060400390625,0.152048172032833,-0.1688701274961233,-0.0459556954890489
1721665018338647800,4.470647705078125,0.1577718103766441,-0.1808851210691034,-0.0413660296112298
1721665018348693200,4.480693359375,0.155551284782961,-0.163946991880238,-0.0575374122112989
1721665018358737200,4.490737060546875,0.1453274124104529,-0.1365203480333089,-0.0163309570759534
1721665018368781300,4.50078125,0.1070326069381088,-0.079621672116965,0.0672989277690649
1721665018378826500,4.510826416015625,0.0661385056875646,-0.0409499961562454,-0.0139046067118644
1721665018388870100,4.5208701171875,0.0479508148290216,-0.0218976512923836,-0.1113841532111167
1721665018398914300,4.530914306640625,0.0362833925846964,-0.0052624505728483,-0.1033083987832069
1721665018408959500,4.54095947265625,0.0374197762034833,0.0021019407153129,-0.02210018812716
1721665018419003100,4.551003173828125,0.0534923746041953,0.0293717865653336,0.0059352352678775
1721665018429047300,4.56104736328125,0.0528637943770736,0.0456406381905078,-0.0249935714811086
1721665018439091500,4.571091552734375,0.0666927785694599,0.0730859867379069,-0.058872460207343
1721665018449136400,4.581136474609375,0.0720058633510023,0.0899953282237052,-0.0585334375113248
1721665018459180300,4.59118017578125,0.0782996297329664,0.1105316280350089,-0.0295551803082227
1721665018469224400,4.601224365234375,0.0961060661889612,0.1173413080498576,0.0318903452575206
1721665018479269400,4.611269287109375,0.1187311549730598,0.1209407938465476,0.0522059880554676
1721665018489313300,4.621313232421875,0.1397453014291823,0.1146181666962802,0.0535825371056795
1721665018499357200,4.631357177734375,0.1380845286101102,0.1149887535743415,0.0491787491887807
1721665018509402400,4.64140234375,0.126610510046035,0.1226483284167945,0.0344721784442663
1721665018519446300,4.6514462890625,0.1042800202943384,0.1181669452190399,0.0153436996042728
1721665018529490200,4.661490234375,0.0870609552722424,0.1177697625949978,-0.0040121582508087
1721665018539534300,4.671534423828125,0.074307345226407,0.1234763036735355,-0.0210831200391054
1721665018549579300,4.681579345703125,0.0661253539450466,0.1297173900201916,-0.0457961210131645
1721665018559623200,4.691623046875,0.0688811554592102,0.1218662381283938,-0.0582201337784528
1721665018569667300,4.701667236328125,0.0833042330872267,0.0933800022259354,-0.0301858794271945
1721665018579712500,4.71171240234375,0.1048487600930035,0.0442269720003008,-0.0033820436537265
1721665018589756200,4.721756103515625,0.1329422703508287,-0.0063119596257805,-0.0058721069037914
1721665018599800300,4.73180029296875,0.1718102726012468,-0.0528729275315999,-0.0016612112104892
1721665018609845500,4.741845458984375,0.2041989227697253,-0.0799579183340072,0.0017938976794481
1721665018619889200,4.75188916015625,0.2293729653842747,-0.0817658445388078,0.0084860887944698
1721665018629933300,4.761933349609375,0.2453234717752784,-0.0694930768124759,-0.0240823018550872
1721665018639977500,4.7719775390625,0.2564508688587695,-0.0477805728286504,-0.0468272176265716
1721665018650022100,4.782022216796875,0.254966694715619,-0.0135978788502514,-0.0538806432694196
1721665018660066300,4.79206640625,0.2456893824782222,0.0125166594848036,-0.0430453610002994
1721665018670110200,4.802110107421875,0.2182372388638556,0.0196289757080376,-0.0260422037512063
1721665018680155400,4.8121552734375,0.1906768125694245,0.0321023805730044,0.0065057286322116
1721665018690199300,4.82219921875,0.1597177568126469,0.0203740949869155,0.0045382279515266
1721665018700243200,4.8322431640625,0.1336393857695162,0.0049101300038397,0.0102525139451026
1721665018710287400,4.842287353515625,0.1159711887404322,0.0053162265866994,0.002750760012865
1721665018720332300,4.852332275390625,0.0839879045024514,-0.0011751812592148,-0.0346755920618772
1721665018730376200,4.862376220703125,0.0719612935569137,-0.0064849781051278,-0.0576245059728622
1721665018740420400,4.87242041015625,0.072580740629509,0.0027370237484574,-0.0647013124912977
1721665018750465300,4.88246533203125,0.0582373771741986,0.0307139949545264,-0.0836012432724237
1721665018760509200,4.89250927734375,0.035460166568309,0.0346953196756541,-0.0747749627381563
1721665018770553300,4.90255322265625,0.0197891347058117,0.0488391419708728,-0.0105482820212841
1721665018780598500,4.9125986328125,0.0177042181905359,0.0680450699612498,-0.0111754740089178
1721665018790642200,4.92264208984375,0.0254511059902608,0.0773623488828539,-0.0343780704200267
1721665018800686300,4.932686279296875,0.0346146556548774,0.0829231978803873,-0.0239098678976297
1721665018810730500,4.94273046875,0.0523030186891555,0.0764158618129789,0.0366501070052385
1721665018820775200,4.952775146484375,0.0624700463078916,0.0700965956635773,0.039256490111351
1721665018830819300,4.9628193359375,0.0773038966938853,0.0687517569258809,0.0116343236923217
1721665018840863200,4.97286328125,0.0805609987936913,0.0525283518776297,-0.0140121587395668
1721665018850908200,4.982908203125,0.0680463120702654,0.0479435083054006,-0.0538414803028106
1721665018860952300,4.992952392578125,0.0449099858283996,0.0243479670539498,-0.1374883162826299
1721665018870996200,5.002996337890625,0.0274498785920441,0.0052409693934023,-0.1167670152932405
1721665018881040400,5.013040283203125,0.048740430836752,-0.0291841550387442,0.080723057487607
1721665018891085300,5.023085205078125,0.0913536109648644,-0.061974956267327,0.2706722133696079
1721665018901129200,5.033129150390625,0.1497787657961249,-0.0783731333605945,0.1397194363355636
1721665018911173400,5.04317333984375,0.1702373972613364,-0.0767529848128557,-0.0062730889201164
1721665018921218300,5.05321826171875,0.1542067383062094,-0.0741024703040719,-0.1360246734708547
1721665018931262200,5.06326220703125,0.1239534927312284,-0.0733865771196782,-0.2241489471256733
1721665018941306400,5.073306396484375,0.0885807121854275,-0.0675701459258794,-0.1915560065567493
1721665018951350500,5.0833505859375,0.0499777906119823,-0.0408332379087805,-0.0548211389899253
1721665018961395200,5.093395263671875,0.0375632763274014,0.0018272154271602,0.0578121374994516
1721665018971439400,5.103439453125,0.0488896300490945,0.0640299891009926,0.0929471637666225
1721665018981483500,5.1134833984375,0.0686831486690789,0.1075470592662692,0.0899175868123769
1721665018991528200,5.123528076171875,0.0841280436255037,0.1633548712059855,0.0588765518605709
1721665019001572400,5.133572265625,0.0836928670786321,0.18626272245422,0.0306043971002101
1721665019011616300,5.1436162109375,0.0653901715382933,0.1963536160968244,-0.0144838679045438
1721665019021660400,5.153660400390625,0.0598269844532012,0.1922568483024835,-0.0275654677957296
1721665019031705300,5.163705322265625,0.0539634261820465,0.1782882364436984,-0.04824760581851
1721665019041749200,5.173749267578125,0.0478542225867509,0.1476541748575866,-0.0428822793930768
1721665019051793400,5.18379345703125,0.0615793810784816,0.1120455397292971,-0.0229535900861024
1721665019061838300,5.19383837890625,0.0735332190487533,0.0681739570379257,-0.0181879831194877
1721665019071882200,5.20388232421875,0.0821968563672155,0.0336439109265804,0.002418751579523
1721665019081926400,5.213926513671875,0.0749706314407289,0.0100070147514343,-0.0024772037684917
1721665019091970600,5.223970458984375,0.0824416249085217,-0.0127089671865105,0.0017377835780382
1721665019102015200,5.23401513671875,0.1060303710930049,-0.0357360609002411,-0.0005856909334659
1721665019112059400,5.244059326171875,0.1136124237198382,-0.0483469745397567,-0.0173398418575525
1721665019122103600,5.254103515625,0.1323390437606722,-0.0592861555747687,-0.0327507614791393
1721665019132147200,5.264147216796875,0.1471029707156121,-0.0689198069691658,-0.0385579864531755
1721665019142192400,5.2741923828125,0.1416753196436911,-0.0636446430452167,-0.0233417126208543
1721665019152236300,5.284236328125,0.1395570853807032,-0.0631204730406403,-0.0009176993668079
1721665019162280400,5.294280517578125,0.1262408730160445,-0.0542728574573993,0.0198538705050945
1721665019172325400,5.304325439453125,0.1171308071043342,-0.026986498863995,-0.0035737668335437
1721665019182369300,5.314369384765625,0.0958911813292652,0.0178014680199325,0.0857610516548156
1721665019192413400,5.324413330078125,0.0761813954699784,0.0466802103713154,0.1648112074941396
1721665019202457300,5.334457275390625,0.0648609600324183,0.0632778555594384,0.0653074616909027
1721665019212502300,5.344502197265625,0.0750922850590199,0.0567385169185698,-0.1262187342494726
1721665019222546400,5.35454638671875,0.1111961563583463,0.0241315478242933,-0.2161176163613796
1721665019232590300,5.36459033203125,0.1187125233378261,0.0032777064964175,-0.0905038622677326
1721665019242635300,5.37463525390625,0.0952888315219432,0.0075963003478944,0.0309445888400077
1721665019252679400,5.384679443359375,0.0761190708234906,0.0013451309986412,0.0454699577987194
1721665019262723300,5.394723388671875,0.0707825321011245,0.0116138654261827,-0.0027443302720785
1721665019272767200,5.404767333984375,0.0629066110942512,0.0315706117838621,-0.0232177939802408
1721665019282812400,5.4148125,0.0599912351042032,0.0587358282156288,-0.0202875857472419
1721665019292856600,5.424856689453125,0.0535772764086723,0.0832677735343575,0.0039022681355476
1721665019302900200,5.434900146484375,0.0471592991251498,0.0839125011786818,0.0159206227093935
1721665019312944400,5.4449443359375,0.0411683881472796,0.0754948014453053,-0.0041653029859066
1721665019322989300,5.4549892578125,0.0401891678515821,0.0776081403374671,-0.0182037652105092
1721665019333033200,5.465033203125,0.0322446385879069,0.0873768162883818,-0.0263707050532102
1721665019343077400,5.475077392578125,0.0305033478785306,0.089889529761672,-0.0179576814949512
1721665019353121500,5.48512158203125,0.039525077919662,0.0884703106135129,0.0073375032812356
1721665019363165700,5.495165771484375,0.0402280385572463,0.0798553347423672,-0.0172767134934663
1721665019373209600,5.505209716796875,0.0400181951988488,0.0647264469325542,-0.0297960033267736
1721665019383253500,5.51525341796875,0.0531239796832203,0.0542741726316511,-0.0431575892031192
1721665019393298700,5.525298583984375,0.0559640984799712,0.024211481192708,-0.0325952786564826
1721665019403342600,5.535342529296875,0.0607088087890297,0.0072353580810129,-0.0144826988607645
1721665019413386500,5.545386474609375,0.0608577888056635,-0.0091243866980075,-0.0141425071209669
1721665019423430700,5.5554306640625,0.0528109682112932,-0.0231993815407156,-0.0221504570096731
1721665019433475600,5.5654755859375,0.0436298098247498,-0.0316977452948689,-0.0197585934370756
1721665019443519500,5.57551953125,0.0481966793488711,-0.0333684549860656,-0.0280763399273157
1721665019453563600,5.585563720703125,0.0569309707507491,-0.0242088508442044,-0.052531566748023
1721665019463608600,5.595608642578125,0.0460112250685691,-0.0344638490073382,-0.0625643004626035
1721665019473652500,5.605652587890625,0.0450095006801187,-0.0246843594014644,-0.0417681806713342
1721665019483696600,5.615696533203125,0.0445436367340385,-0.0181314306266605,-0.0428565604299306
1721665019493740500,5.625740478515625,0.0459458316821604,-0.0125667822368443,-0.0246568868726491
1721665019503785700,5.63578564453125,0.0447361636314541,0.0109501408204436,-0.016121113717556
1721665019513829600,5.64582958984375,0.0324641996227204,0.0205241709820926,-0.0164215579688549
1721665019523873500,5.65587353515625,0.0363623761050403,0.0396582027800381,-0.0313403101593256
1721665019533917700,5.665917724609375,0.0466151092458516,0.0352482773832976,-0.0401508086025714
1721665019543962400,5.67596240234375,0.0588473988313227,0.0353439928427338,-0.0427449167490005
1721665019554006500,5.686006591796875,0.0549397969335317,0.0311142463184893,-0.05186579631567
1721665019564050700,5.69605078125,0.0652624535053968,0.0250130068339407,-0.0592488923043012
1721665019574094600,5.706094482421875,0.0663072863832116,0.0309724997602403,-0.0235188227534294
1721665019584139500,5.716139404296875,0.0485100561469793,0.0469683796629309,0.0138490771323442
1721665019594183700,5.72618359375,0.0560086682740598,0.0435178008176386,0.0200730662137269
1721665019604227600,5.7362275390625,0.0571671906594187,0.0481070283040404,0.0008528174370527
1721665019614272500,5.7462724609375,0.0598019961424171,0.0606409311845898,-0.0025403321325778
1721665019624316700,5.756316650390625,0.0675301792416721,0.0525172459617257,0.0274941561251878
1721665019634360600,5.766360595703125,0.0619375468663871,0.0549618626348674,-0.0016278934627771
1721665019644404700,5.77640478515625,0.0458390833720564,0.0479167664289474,-0.0340215120673179
1721665019654449700,5.78644970703125,0.054946811196208,0.0388692443594336,-0.0477531002998352
1721665019664493600,5.79649365234375,0.0440268463183194,0.0235528711535036,-0.0981336264938116
1721665019674537700,5.806537841796875,0.0486487339653074,0.0084589085265994,-0.1355050335109233
1721665019684581600,5.81658154296875,0.0570704522866755,-0.0079563658319413,-0.0411468339025974
1721665019694626600,5.82662646484375,0.0849989812411367,-0.0433887676104903,0.2097100874066352
1721665019704670700,5.836670654296875,0.1352939480435103,-0.0451869030736386,0.1839560529470443
1721665019714714600,5.846714599609375,0.1534171953637153,-0.0509700165197253,-0.0111532621771097
1721665019724758500,5.856758544921875,0.1299010029587894,-0.0412896033741533,-0.0909440072506666
1721665019734803700,5.8668037109375,0.0931149946141988,-0.0393853771880269,-0.2236976962268352
1721665019744847600,5.87684765625,0.06742686499767,-0.0428984998755156,-0.2527414198815822
1721665019754891500,5.8868916015625,0.028290274938941,-0.029647827027738,-0.1375526136904954
1721665019764936700,5.896936767578125,0.0157864749357104,0.0063213119760155,-0.0181365451931953
1721665019774980600,5.906980712890625,0.0325132994614541,0.053936903501302,0.0505202269256114
1721665019785024800,5.917024658203125,0.0758607852134853,0.0942196679204702,0.0515951626807451
1721665019795068400,5.927068359375,0.0951918008882552,0.1387102592930197,0.0140752871036529
1721665019805113600,5.937113525390625,0.0911293737549334,0.1733689002200961,-0.0177741416215896
1721665019815157800,5.94715771484375,0.062945700995624,0.181255123425275,-0.050526656666398
1721665019825201400,5.957201416015625,0.0425387997176498,0.1806716244488954,-0.0699117406159639
1721665019835245600,5.96724560546875,0.0181136027090251,0.1604012820973992,-0.0679711279422044
1721665019845290800,5.977290771484375,0.0084888652734458,0.1091962877780199,-0.0336760596305131
1721665019855334400,5.98733447265625,0.0102719492979347,0.0589367576152086,-0.0155593881815671
1721665019865378600,5.997378662109375,0.0112134679317474,0.0149872873820364,-0.0077817399173974
1721665019875422500,6.00742236328125,0.0263493700042366,-0.0303254340283572,-0.0007125321835279
1721665019885467600,6.017467529296875,0.026833646389842,-0.0570431989535689,-0.0082552026480436
1721665019895511600,6.027511474609375,0.0207596602384001,-0.082539459259808,-0.0029044892698526
1721665019905555500,6.037555419921875,0.0279100434496998,-0.0986902374632656,0.0041536125481128
1721665019915599600,6.047599609375,0.0326275004256516,-0.1117274136908352,0.0121358434736728
1721665019925644500,6.05764453125,0.0434155094869434,-0.1069923479929566,0.0048591304689645
1721665019935688400,6.0676884765625,0.0433857719358056,-0.0994387177430093,0.0116629652649164
1721665019945732600,6.077732666015625,0.0509415210776031,-0.0755602678969502,0.0223655610650777
1721665019955776800,6.08777685546875,0.0533593228090554,-0.0428571449518203,0.0276338568568229
1721665019965821400,6.097821533203125,0.0553548074752092,-0.0235917418591678,0.0242307704150676
1721665019975865600,6.107865478515625,0.0682244451161473,0.011897796934098,0.0129360539406538
1721665019985909800,6.11790966796875,0.0738829092692583,0.055938014190644,-0.0406949984818696
1721665019995953700,6.12795361328125,0.0642315030224621,0.0977132091246545,0.0552583613634109
1721665020005998600,6.13799853515625,0.0324705562982708,0.1227631869681179,0.0978314286768436
1721665020016042800,6.148042724609375,0.0345890828222036,0.1074801315099,-0.0364116220742464
1721665020026086700,6.158086669921875,0.0774340258795768,0.0665644760146737,-0.1839490386843681
1721665020036130600,6.168130615234375,0.0794715230565518,0.0162558460131287,-0.1208937398344278
1721665020046175500,6.178175537109375,0.0662372168216854,-0.0023779811777174,-0.0043944355666637
1721665020056219600,6.1882197265625,0.0450885572656989,-0.0139637895531952,-0.0026408698976039
1721665020066263600,6.198263671875,0.048707843741402,-0.005746873088926,-0.0543085132926702
1721665020076307500,6.208307373046875,0.0498648317568004,0.0178365393333137,-0.0796364312946796
1721665020086352600,6.2183525390625,0.0554071952495723,0.05157192793563,-0.0678986472278833
1721665020096396800,6.228396728515625,0.0709106885254383,0.0779686442129313,-0.0414390948474407
1721665020106440400,6.2384404296875,0.0648282998718321,0.0910407456234097,-0.0271224002033472
1721665020116484600,6.248484619140625,0.0616902941070497,0.1024962056174874,-0.0241734872698783
1721665020126529800,6.25852978515625,0.0532987517282366,0.1176801846154034,-0.0291582899451255
1721665020136573400,6.268573486328125,0.0513201451316475,0.1246964931182563,-0.025123335340619
1721665020146617600,6.27861767578125,0.0488495172344148,0.1194626841180026,-0.0253892928004264
1721665020156661500,6.28866162109375,0.0379872008278965,0.1039532725580036,-0.00755319185853
1721665020166706700,6.298706787109375,0.030468495760858,0.0819685275040566,-0.0105693248093128
1721665020176750600,6.30875048828125,0.0402631098706275,0.0455732720427215,-0.026717911055684
1721665020186794500,6.31879443359375,0.0411220647875219,0.0088806410700082,-0.0274088159292936
1721665020196838700,6.328838623046875,0.0539478632867336,-0.0290942847982048,-0.003405424529314
1721665020206883600,6.338883544921875,0.0567056375622749,-0.0582584199622273,-0.0119108025461435
1721665020216927500,6.348927490234375,0.0636001463163644,-0.0733051824465394,-0.0118114338248968
1721665020226971600,6.3589716796875,0.0488227022927254,-0.0875537802904844,-0.018079262048006
1721665020237016600,6.3690166015625,0.039318887823075,-0.0860590116880834,-0.0245411515384912
1721665020247060500,6.379060546875,0.0211023361962288,-0.0687858053259551,-0.0210176535874605
1721665020257104600,6.389104736328125,0.0193940709736198,-0.0586393821038305,-0.0094505499124526
1721665020267148500,6.3991484375,0.0246704039413481,-0.0489494704775512,-0.0043926820009946
1721665020277192700,6.409192626953125,0.0316934344459325,-0.0314829335004091,-0.0084399115651845
1721665020287237600,6.419237548828125,0.0422152668517082,-0.0027646424077451,0.0033814591318368
1721665020297281500,6.429281494140625,0.0399867040820419,0.0197869427487254,-0.0070604399055242
1721665020307325700,6.43932568359375,0.048549803635478,0.0336349969677627,0.0059714756250381
1721665020317370600,6.44937060546875,0.0422022612396627,0.0359144862070679,-0.0004272855013608
1721665020327414500,6.45941455078125,0.0330083895020186,0.0547854831546545,-0.0095224461048841
1721665020337458700,6.469458740234375,0.0251546803269535,0.0556420999839901,-0.0025689737051725
1721665020347502600,6.479502685546875,0.0241098474491387,0.0583608574233949,-0.0176209968864917
1721665020357551000,6.489551025390625,0.0273678993970155,0.0545022822991013,-0.0227858323037624
1721665020367596000,6.499595947265625,0.0371295610852539,0.0534960278660058,-0.0522398903250694
1721665020377640000,6.509639892578125,0.0372069371704012,0.0439928709834814,-0.0559691399812698
1721665020387684000,6.51968408203125,0.0390619173873215,0.0320930282227695,-0.0654231970250606
1721665020397728300,6.529728271484375,0.0317030059918761,0.0144989193432033,-0.0575496871709823
1721665020407773000,6.53977294921875,0.0211234520494937,0.0081125793069601,-0.0484866752713918
1721665020417817000,6.549817138671875,0.0165443806309252,0.0166074359297752,-0.0142091426163911
1721665020427861000,6.559861083984375,0.0228371971648186,0.0251313725166022,-0.0059223757863044
1721665020437905200,6.5699052734375,0.0346430780317634,0.0387305665411055,0.0129974287390708
1721665020447950000,6.5799501953125,0.039876156379655,0.0484369909107685,0.0090969141691923
1721665020457994000,6.589993896484375,0.0376776234220713,0.0493980910278856,-0.0365635977655649
1721665020468038100,6.6000380859375,0.0398333401512354,0.053359542004764,-0.0829091693550348
1721665020478082300,6.610082275390625,0.0349655149191617,0.0626426263958215,-0.0975841759175062
1721665020488127000,6.620126953125,0.0225627641376107,0.0621916677579283,-0.0935556510537862
1721665020498171100,6.630171142578125,0.0291421425279229,0.047060587991029,-0.1573088690400123
1721665020508215300,6.64021533203125,0.036834304465726,0.0314608677990734,-0.1099783780664205
1721665020518259000,6.650259033203125,0.046469344099611,-0.0049983928091824,-0.0054991819381713
1721665020528304000,6.66030419921875,0.0828045399367809,-0.0256469208233058,0.1481733764261007
1721665020538348300,6.670348388671875,0.119006391717866,-0.0410366515263915,0.1035340242326259
1721665020548392000,6.680391845703125,0.1154524986285716,-0.0546820227801799,-0.060689154240489
1721665020558436000,6.69043603515625,0.0764449417769908,-0.0675951342366635,-0.1443283914357423
1721665020568481300,6.700481201171875,0.041538682764396,-0.0795182117424905,-0.2361784076154232
1721665020578525200,6.710525146484375,0.0211697023440152,-0.0944347719758749,-0.2380050385206937
1721665020588569000,6.720569091796875,0.0099826109625399,-0.0812388980552554,-0.1251420449286699
1721665020598613000,6.730613037109375,0.0073437138263136,-0.0136085463747382,0.0031727848172187
1721665020608658200,6.740658203125,0.0426061658654361,0.0316445538029074,0.0717027156859636
1721665020618702000,6.7507021484375,0.0686603523153811,0.0697419370070099,0.0824596720218658
1721665020628746000,6.76074609375,0.0874152486026287,0.1078555406935513,0.0447884052753448
1721665020638790100,6.7707900390625,0.0791496706910431,0.1419312671661377,0.0247930804729461
1721665020648835000,6.7808349609375,0.0710232089892029,0.1505892053961753,0.0105897830754518
1721665020658879000,6.79087890625,0.0592087794896215,0.1411290108725428,0.011583470287919
1721665020668923100,6.800923095703125,0.0461028488747775,0.1274745795294642,0.0029249475359916
1721665020678967000,6.810967041015625,0.0452782346189022,0.0933348479099571,0.0019856208592653
1721665020689012000,6.821011962890625,0.0282099762443453,0.0572306843496859,-0.0023375030368566
1721665020699056000,6.83105615234375,0.0097699911251664,0.0247486568093299,-0.0090852237313985
1721665020709100000,6.84110009765625,-0.0078537091750651,-0.0095297526285052,0.0092716862142086
1721665020719144200,6.851144287109375,-0.0215808404281735,-0.0339285730868577,0.0086263740479946
1721665020729189000,6.861189208984375,-0.0387803970322012,-0.0552576307110488,-0.0040285248637199
1721665020739233000,6.87123291015625,-0.0240505915425717,-0.0630276801906526,0.0031675241202116
1721665020749277200,6.881277099609375,-0.0084635116364806,-0.0728001555338501,-0.0079927523195743
1721665020759321000,6.891321044921875,0.0134156541511416,-0.0899161255076527,-0.0132329910606145
1721665020769366000,6.901365966796875,0.0455273870743811,-0.0955156990803778,-0.0020475801795721
1721665020779410200,6.91141015625,0.0646775662895292,-0.07710866638273,0.0061304655790328
1721665020789454000,6.9214541015625,0.0664202452383935,-0.0656299716435372,0.0108545714914798
1721665020799498000,6.931498046875,0.0592353752356022,-0.0271615631699562,0.0288625218689441
1721665020809543200,6.941543212890625,0.0544637769196182,0.0197530404791235,-0.0163964235275983
1721665020819587000,6.951587158203125,0.0419733478546142,0.0578163752831518,-0.0307172098249196
1721665020829631000,6.961630859375,0.0155262165643274,0.0950505657866597,0.0439075307875871
1721665020839675100,6.971675048828125,-0.0088997841618955,0.1046327792547643,-0.0555289949983358
1721665020849720000,6.981719970703125,0.0144404671542346,0.0809051360562443,-0.1322854869425296
1721665020859764200,6.99176416015625,0.0390508114714175,0.0601296206615865,-0.1019230819046497
1721665020869808000,7.00180810546875,0.0584811958674341,0.0469118271701037,-0.0712438660025596
1721665020879852000,7.01185205078125,0.0517312832158058,0.0162191672645509,-0.0336859965026378
1721665020889896200,7.021896240234375,0.0512711914233863,0.0106941202327609,-0.0669885466456413
1721665020899941000,7.031941162109375,0.0503062188487499,0.012255816591531,-0.1057920322924852
1721665020909985000,7.041985107421875,0.0422621747333556,0.0221051565632224,-0.0830494546085596
1721665020920029200,7.052029296875,0.0249834884785115,0.0331355230130255,-0.0494675030022859
1721665020930073000,7.062072998046875,0.014657909297198,0.0605495996393263,-0.0264753344714641
1721665020940118000,7.072117919921875,0.0297038680639117,0.0737901894845068,-0.0252829098165035
1721665020950162200,7.082162109375,0.0348991716846823,0.0753447254501283,-0.0146323364645242
1721665020960206000,7.0922060546875,0.0343075624670833,0.0743709119819104,-0.0007201309680938
1721665020970250200,7.102250244140625,0.0392901731852442,0.0759966134876012,0.0154494980663061
1721665020980295200,7.112295166015625,0.0474034831445664,0.0555143819510936,0.0438625226020812
1721665020990339000,7.122339111328125,0.0461897234406322,0.0490918015576899,0.0527612838506698
1721665021000383200,7.13238330078125,0.0449441803589463,0.0356646030992269,0.0420750546634197
1721665021010427000,7.142427001953125,0.051822833956778,0.0246044260330498,0.0106610947459936
1721665021020472000,7.15247216796875,0.0487013409353792,0.0055815995246171,-0.0102495913356542
1721665021030516200,7.16251611328125,0.050035219887644,0.0026933307372033,-0.00432663102746
1721665021040560000,7.17256005859375,0.0511482956960797,-0.0213175133168697,0.0090191727578639
1721665021050604000,7.18260400390625,0.0505983336631208,-0.0470021358020603,0.0194599027514457
1721665021060649200,7.192649169921875,0.0402120372705161,-0.0526264054246246,0.0072083239436149
1721665021070693000,7.202693115234375,0.0374557973649352,-0.0565296964734792,-0.0035661680489778
1721665021080737000,7.212737060546875,0.0253002993427217,-0.0566509847655892,-0.0215858088642358
1721665021090781000,7.222781005859375,0.0134824357770383,-0.0596950286366045,-0.0140729490160942
1721665021100825000,7.2328251953125,0.0040751404844224,-0.0473138320997357,-0.0281125802844762
1721665021110870000,7.2428701171875,0.0022602000169456,-0.0415646209232509,-0.0431949986040592
1721665021120914000,7.252913818359375,0.0050808103956282,-0.0284926656432449,-0.0568693036913871
1721665021130958000,7.2629580078125,0.0195940505251288,-0.0097460257276892,-0.0430102896869182
1721665021141002200,7.273002197265625,0.0294441211491823,0.0111593996569514,-0.0357113648504018
1721665021151047000,7.283046875,0.0226750654056668,0.0236503401786088,-0.0413981783151626
1721665021161091000,7.293091064453125,0.0222906691979616,0.0492545909039676,-0.0464373415261507
1721665021171135200,7.30313525390625,0.0318675489038228,0.0596546966262161,-0.0569318475335836
1721665021181179100,7.31317919921875,0.0337500016495585,0.0719663350582122,-0.0548451043874025
1721665021191224000,7.32322412109375,0.0264802298422902,0.0804781428158283,-0.0546522121638059
1721665021201268200,7.333268310546875,0.019091580895707,0.0742139678545296,-0.0540168368697166
1721665021211312000,7.34331201171875,0.0285565977249294,0.0668738342247903,-0.0476823731511831
1721665021221356000,7.35335595703125,0.0350372649811208,0.0500581623718142,-0.0271539643853902
1721665021231400000,7.36339990234375,0.0255571236480027,0.0579553453624248,-0.02251052249372
1721665021241445000,7.373445068359375,0.0184990218300372,0.0343472368903458,-0.0181599260687828
1721665021251489300,7.3834892578125,0.020682357218489,0.0196042796581983,-0.02251052249372
1721665021261533000,7.393532958984375,0.0215321789808571,0.0161604228146374,-0.0150806647539138
1721665021271577000,7.4035771484375,0.0290803293380886,0.0037830256700515,-0.0081827219337224
1721665021281622300,7.413622314453125,0.0364957932263612,-0.0133693307913839,-0.0158592479109764
1721665021291666000,7.423666015625,0.0316183233831077,-0.0179126733094453,-0.0316273104071617
1721665021301710000,7.4337099609375,0.0364232394468039,-0.0134970488242804,-0.036606267863512
1721665021311754000,7.44375390625,0.01857069882676,-0.018455986405909,-0.0172410576581954
1721665021321799000,7.453798828125,0.0102671269923448,-0.0010768354512751,0.0079167644739151
1721665021331843000,7.463843017578125,0.020580796540156,0.0076876318931579,0.0341541985362768
1721665021341887000,7.473886962890625,0.0285388428725302,0.0276239199846982,0.0363128378748893
1721665021351927300,7.48392724609375,0.0361637847930192,0.0372054028004407,0.0110328506678342
1721665021361972200,7.49397216796875,0.0554537378050386,0.046269729874283,-0.0390051456987857
1721665021372016000,7.50401611328125,0.0676952336102724,0.0429170584455132,-0.0856815566778183
1721665021382060300,7.514060302734375,0.0490106991454958,0.0401131069406867,-0.0878635768920183
1721665021392104200,7.524104248046875,0.0131699357617646,0.0347718920432031,-0.0996948844611644
1721665021402148400,7.5341484375,-0.0063370210018008,0.0251373638659715,-0.1032943702578544
1721665021412193300,7.544193359375,-0.016196005584672,0.012916034065932,-0.0135807815849781
1721665021422237200,7.5542373046875,-0.0064656158175319,-0.0195592714726924,0.018118425014615
1721665021432281300,7.56428125,0.0437425494842231,-0.0271457810789346,0.090251348811388
1721665021442325000,7.574324951171875,0.0742888597216457,-0.0333301688022911,0.0904074161559343
1721665021452370200,7.5843701171875,0.084884707211703,-0.062956076259166,-0.0402121834009885
1721665021462414300,7.594414306640625,0.0601804740659892,-0.074122636309266,-0.1816717414021492
1721665021472458200,7.604458251953125,0.0296964154098182,-0.0697488051392137,-0.269314369019866
1721665021482502100,7.614502197265625,0.0052137891255319,-0.0858475608944892,-0.1915402244657278
1721665021492546300,7.62454638671875,-0.0051672465700656,-0.0747575732119381,-0.026197686573863
1721665021502591200,7.63459130859375,0.0169116795733571,-0.0280633343152701,0.0831090758413076
1721665021512635100,7.64463525390625,0.0569270252279937,0.0085169223241508,0.0945844095796346
1721665021522679300,7.65467919921875,0.0747919869381934,0.0511259377337992,0.0401245051175355
1721665021532723200,7.66472314453125,0.0673874097701162,0.0918238588251173,-0.0033019641548395
1721665021542768000,7.67476806640625,0.0208063489243388,0.135522569167614,0.0274345348924398
1721665021552812000,7.68481201171875,0.004936579619348,0.1600596290528774,0.0305237330794334
1721665021562856200,7.694856201171875,-0.0054762394540011,0.1594547950275242,0.0012824410259723
1721665021572900400,7.704900390625,0.0048936903256922,0.1404213009946048,-0.0246960498392581
1721665021582945000,7.714945068359375,0.0229892459213733,0.109451431582868,-0.0148497786074876
1721665021592989200,7.7249892578125,0.0228524677991867,0.0736179016575217,-0.0211895030230283
1721665021603033300,7.735033447265625,0.0201500039074569,0.033682927762717,-0.006986205625534
1721665021613077200,7.7450771484375,0.0034153614014387,-0.002174421429634,0.0094394439965486
1721665021623121200,7.75512109375,-0.0091402418542653,-0.0151201199814677,-0.0100865097284317
1721665021633166300,7.765166259765625,-0.0108284141369163,-0.0289304725386202,-0.0231944131046533
1721665021643210200,7.775210205078125,-0.0102335169836878,-0.0458517967231571,-0.0358282692283391
1721665021653254100,7.785254150390625,-0.0057507455464452,-0.0442887851901352,-0.0420791463166475
1721665021663298000,7.795298095703125,0.0112941319525241,-0.0617296032041311,-0.0372094944536685
1721665021673343200,7.80534326171875,0.0268788007058203,-0.0530450692281126,-0.0195084180682897
1721665021683387400,7.815387451171875,0.0283954888790845,-0.0569024753086268,-0.0048678982973098
1721665021693431000,7.82543115234375,0.0346984614808112,-0.0387500018939375,0.0163034845471382
1721665021703475200,7.83547509765625,0.029685236428678,-0.0235746445938944,0.0151391169428825
1721665021713519400,7.845519287109375,0.0364127180527895,-0.010735767417401,-0.0461865816354751
1721665021723564000,7.85556396484375,0.0338015857063233,0.0200593299493193,0.0166243870645761
1721665021733608200,7.865608154296875,0.0050988575089722,0.0495293161921203,0.0776145700782537
1721665021743652000,7.875652099609375,-0.005729191301763,0.0589111847825348,-0.0538344660401344
1721665021753696300,7.8856962890625,0.0187036044914275,0.041401100924611,-0.1149216796875
1721665021763741200,7.8957412109375,0.0275786926034837,0.0248629308387637,-0.0351093073040246
1721665021773785000,7.90578515625,0.0384402052924037,0.0188764037750661,0.0473252302765846
1721665021783829200,7.915829345703125,0.0407652872391045,0.0107696696870028,0.0314829335004091
1721665021793873400,7.925873291015625,0.0435438851069659,0.0191173729240894,-0.0592103138595819
1721665021803917000,7.9359169921875,0.0435001190304756,0.0243321849629282,-0.0990384663790464
1721665021813962200,7.945962158203125,0.0466624555189162,0.0379053677633404,-0.0846323398858308
1721665021824006400,7.95600634765625,0.045760245982185,0.0485815139479935,-0.0292044671744108
1721665021834050300,7.96605029296875,0.0295671630069613,0.0556574436835944,-0.0129769704729318
1721665021844094200,7.97609423828125,0.0276418940328061,0.0608051818355917,-0.02012333509624
1721665021854139400,7.986139404296875,0.0367340589616447,0.0671770549550652,-0.0294675020247697
1721665021864183300,7.996183349609375,0.0418088049426674,0.0643871319755911,-0.0210702605575323
1721665021874227200,8.006227294921874,0.0347130014628171,0.0479268494315445,-0.0141191262453794
1721665021884271000,8.01627099609375,0.0370820686817169,0.0301608911164104,-0.0019289222359657
1721665021894315300,8.026315185546874,0.031025764317438,0.024837065745145,-0.0064127896517515
1721665021904360200,8.036360107421874,0.0250675865653902,0.0090726565107703,-0.0052338090002536
1721665021914404000,8.046404052734376,0.0223036748100072,0.0109751291312277,-0.0363783043265342
1721665021924448300,8.0564482421875,0.0204192493028938,-0.0141717332154512,-0.0305512056082487
1721665021934492200,8.0664921875,0.012014262920618,-0.0457975823178887,-0.0143207862973213
1721665021944536300,8.076536376953126,0.0207985309440642,-0.0334901816695928,-0.0039922845065593
1721665021954581200,8.086581298828126,0.0279736102052032,-0.0243003285199403,-0.0077221186846494
1721665021964625200,8.096625244140625,0.0248478794001042,-0.0366881009280681,-0.014470423901081
1721665021974669300,8.10666943359375,0.0213385561048984,-0.0398904041007161,-0.0239683200865983
1721665021984713200,8.116713134765625,-0.0003851999253034,-0.0305189107738435,-0.0224590845674276
1721665021994758100,8.126758056640625,-0.0056988692287355,-0.0269607799008488,-0.0114075291991233
1721665022004802300,8.13680224609375,-9.65191770344e-05,-0.0222375507712364,-0.0269721780776977
1721665022014846200,8.14684619140625,0.0034311434924602,-0.012191373053193,-0.0403571448296308
1721665022024890000,8.15689013671875,0.0068269964758306,-0.0063818099915981,-0.0483206710547208
1721665022034934300,8.166934326171875,0.0208382784325629,0.0122882575564086,-0.0369599036067724
1721665022044979500,8.1769794921875,0.0436493913080543,0.0150552380517125,-0.0330418533802032
1721665022055023000,8.187023193359375,0.0426350266337394,0.0284923733823001,-0.0334516032248735
1721665022065067300,8.1970673828125,0.0381269746247679,0.0434529188878834,-0.0311228680163621
1721665022075111200,8.207111083984374,0.0262564310237765,0.0541144520252943,-0.0326420404076576
1721665022085156000,8.217156005859374,0.02637340846695,0.0489082616843283,-0.030845220118761
1721665022095200300,8.2272001953125,0.022348317669332,0.0605851093441247,-0.0270931741088628
1721665022105244200,8.237244140625,0.0170616094380617,0.0550542170934379,-0.0323567937254905
1721665022115288300,8.247288330078124,0.0085424220915883,0.0532055204868316,-0.0334334830462932
1721665022125332200,8.257332275390626,0.0109122199628502,0.0449283982679247,-0.0301584068983793
1721665022135377200,8.267377197265626,0.0161057700179517,0.0363996393755078,-0.0118272159159183
1721665022145421300,8.27742138671875,0.0164767952874302,0.0245317991882562,-0.0113046533465385
1721665022155465200,8.28746533203125,0.0094677933081984,0.0114522451236844,-0.0152244571387767
1721665022165509000,8.297509033203125,0.0118729547537863,0.0061633449353277,-0.0131587567806243
1721665022175553300,8.30755322265625,0.0074445438522845,-0.004268032708019,-0.0138052379906177
1721665022185598200,8.31759814453125,0.0142635762173682,-0.0072632690012454,-0.0165904847949743
1721665022195642000,8.32764208984375,0.0187605953756719,-0.0062865329235792,-0.0170388130843639
1721665022205686300,8.337686279296875,0.0142159376833587,-0.0263601836591958,-0.0184252990067005
1721665022215730200,8.347730224609375,0.0135175070904195,-0.0097084701962769,-0.0311643690705299
1721665022225775400,8.357775390625,0.0112752811215817,-0.0113791798874735,-0.0200187056779861
1721665022235819000,8.367819091796875,0.014951120090112,0.0017274083144962,0.0096370123952627
1721665022245863200,8.37786328125,0.0210633193600922,0.0181540808498859,-0.0042179099559783
1721665022255907300,8.3879072265625,0.0258854788195341,0.0163899937868118,-0.0361129313886165
1721665022265951200,8.397951171875,0.0435411816932261,0.0279891000352799,-0.0439104533970355
1721665022275996200,8.40799609375,0.0429069023776799,0.0208446351081132,-0.0402501773238182
1721665022286040300,8.418040283203124,0.0383543536398559,0.0137026543989777,-0.0518570284873247
1721665022296084200,8.428084228515624,0.0199079387798905,0.0076205580063164,-0.0562964722394943
1721665022306128400,8.43812841796875,0.0006445815138518,-0.0060429334260523,-0.0275491011828184
1721665022316172000,8.448172119140626,-0.0100399671729654,-0.0011893559150397,-0.0924497356384992
1721665022326217200,8.45821728515625,-0.0129679834488779,0.0154617730259895,-0.050752282115817
1721665022336261400,8.468261474609376,-0.0137448861055076,0.0026500761173665,-0.0450800816982984
1721665022346305000,8.478304931640626,0.0192982093837112,-0.0126329793408513,0.0540232666105032
1721665022356349000,8.488348876953125,0.0798424752607941,-0.0189271110489964,0.087845456713438
1721665022366393000,8.49839306640625,0.105415600195527,-0.0433555959932506,-0.0123532856166362
1721665022376438000,8.50843798828125,0.0906504311315715,-0.0729191057384014,-0.1603209103375673
1721665022386482000,8.51848193359375,0.0471356259886175,-0.0815124542996287,-0.2712754399597644
1721665022396526000,8.528526123046875,0.0141221949853003,-0.0869549376145005,-0.1857043579190969
1721665022406570200,8.5385703125,-0.0077527330186218,-0.0744775872267782,-0.0180260705560445
1721665022416615000,8.548614990234375,0.0069946811929345,-0.0407417602330446,0.1127542725205421
1721665022426659000,8.5586591796875,0.0419024745754897,0.0112988081276416,0.1156535010933876
1721665022436703200,8.568703125,0.0765666684605181,0.0528409249581396,0.0528963084071874
1721665022446747100,8.5787470703125,0.0688771368712186,0.0960614963948726,0.0018371522992849
1721665022456791000,8.588791015625,0.0390682740628719,0.1364990129843354,0.0048883565634489
1721665022466836000,8.5988359375,0.0028902415487915,0.1834570173837244,0.0238490776211023
1721665022476880100,8.608880126953125,-0.0224738437451422,0.186085612321645,-0.0167284319609403
1721665022486924300,8.61892431640625,-0.018173516202718,0.181396869983524,-0.0565098227292299
1721665022496968000,8.628968017578124,0.0013403817582875,0.1644147555224597,-0.0655453621000051
1721665022507012000,8.63901220703125,0.0111696287900209,0.124774380660057,-0.0438712904304266
1721665022517057300,8.649057373046874,0.0121634621329605,0.0574340979672968,-0.0080400985926389
1721665022527101000,8.659100830078126,-0.0014616700503975,0.0119080260671675,-0.0093500121474266
1721665022537145000,8.66914501953125,0.0024853140097111,-0.0294715936779975,-0.03088438308537
1721665022547189000,8.67918896484375,-0.0043769729752093,-0.066831456387788,-0.0496241548687219
1721665022557233200,8.689233154296875,-0.0161789083193987,-0.1081099538460373,-0.0399848043859005
1721665022567278000,8.699278076171876,-0.0174254743143916,-0.1239030046530067,-0.0258165783017873
1721665022577322000,8.709322021484375,-0.0030480624590069,-0.1359739661969244,-0.0064168813049793
1721665022587366100,8.7193662109375,0.0076208502672612,-0.1293441727936267,-0.0162725048869848
1721665022597410300,8.729410400390625,0.0158066409409046,-0.1270680445551872,-0.0288175136834383
1721665022607455000,8.739455078125,0.0252881705135107,-0.0992095851622521,-0.022538579544425
1721665022617499100,8.7494990234375,0.0317421689584851,-0.0616511311404407,-0.0098100308746099
1721665022627543000,8.75954296875,0.0262536545448005,-0.0183327984176576,-0.030013445469737
1721665022637587000,8.7695869140625,0.0202986185979098,0.0226962543241679,0.0290600902676582
1721665022647631000,8.779631103515625,-0.0115682727187871,0.0595404225967824,0.1054319668084382
1721665022657676000,8.789676025390625,-0.0185033326789736,0.0958021148063242,0.0178314247667789
1721665022667720200,8.79972021484375,0.0184731567364186,0.0808573513917624,-0.1410673438131809
1721665022677764000,8.80976416015625,0.029867534193024,0.0672960051596164,-0.1201999123513698
1721665022687808000,8.81980810546875,0.0345575186401605,0.0462996866211295,0.008912789773941
1721665022697852200,8.82985205078125,0.0277468887772411,0.0292858618475496,0.0704465781450271
1721665022707897000,8.83989697265625,0.0337122999876737,0.0227478383809328,0.0094961426198482
1721665022717941000,8.84994091796875,0.0452753120094537,0.025549597928673,-0.0697293697863817
1721665022727985200,8.859985107421876,0.045413697566837,0.0384974884375929,-0.0900017579644918
1721665022738029000,8.870029052734376,0.0270487504452466,0.058666562371701,-0.0295902516216039
1721665022748073200,8.8800732421875,0.0261667069137096,0.0582559357441961,0.0038356326401233
1721665022758118100,8.8901181640625,0.0225564074620604,0.0628030776545405,0.0014841010779142
1721665022768162000,8.900162109375,0.0226931855842471,0.0646340924739837,-0.0102729722112417
1721665022778206200,8.910206298828125,0.0187191673867404,0.0726088707454502,-0.0242103121489286
1721665022788250000,8.92025,0.0268673294637352,0.0621976591072976,-0.0282289001405239
1721665022798294000,8.9302939453125,0.037196123515442,0.0506149194717407,-0.0151671739935874
1721665022808339200,8.940339111328125,0.0213001968558877,0.0264214123271405,-0.0045499183893203
1721665022818383000,8.950383056640625,0.028588673363626,0.0171659465953707,-0.0232984580010175
1721665022828427000,8.960427001953125,0.0338114495132118,0.0036661212921142,-0.0488578466713428
1721665022838471200,8.97047119140625,0.0165842011846601,-0.0156035195842385,-0.0478512999773025
1721665022848515000,8.98051513671875,0.017414879855141,-0.0321340908855199,-0.0321931275963783
1721665022858560000,8.99056005859375,0.0286750364728271,-0.0357917366102337,-0.0207832603096961
1721665022868604200,9.000604248046875,0.0264885592792183,-0.0517003766208887,-0.0312877031892538
1721665022878648000,9.01064794921875,0.0236470522429794,-0.0591869329839944,-0.0430506216973066
1721665022888692200,9.020692138671874,0.00992167455554,-0.0547464663185179,-0.0280652340114116
1721665022898736000,9.030736083984374,0.0075466890525072,-0.0552716592364013,-0.0273345816493034
1721665022908781000,9.040781005859374,-0.0061941784650087,-0.0571130493193864,-0.0323328283280134
1721665022918825200,9.0508251953125,-0.0075841715186834,-0.0467190810769796,-0.0187099611669778
1721665022928869000,9.060869140625,-0.0076106211341917,-0.0251860253132879,-0.0418166959881782
1721665022938913000,9.0709130859375,0.001187383153662,-0.0140524907499551,-0.0479717114865779
1721665022948957200,9.080957275390626,0.0032645547538995,0.0056289457976818,-0.0423012646347284
1721665022959002000,9.091002197265626,0.0146005530867725,0.0114447924695909,-0.027810966989398
1721665022969046000,9.1010458984375,0.0108978991765528,0.018966127885133,-0.0161772278189659
1721665022979090000,9.11108984375,0.0251199012745171,0.0362894569993019,-0.0171042795360088
1721665022989134000,9.121134033203123,0.0198602271806448,0.0416816714316606,-0.0193348150670528
1721665022999178200,9.13117822265625,0.0129344465054571,0.0547179708763957,-0.0200537769913673
1721665023009223000,9.141222900390623,0.0120298988811671,0.0584888677172362,-0.023342297142744
1721665023019267000,9.15126708984375,0.0046079321868717,0.0521605414785444,-0.0211047473490238
1721665023029311200,9.161311279296877,0.0021647768184542,0.063111705212295,-0.0220423204600811
1721665023039355100,9.171355224609377,-0.0026466420512646,0.0521720857858657,-0.0232353296369314
1721665023049399000,9.18139892578125,0.0022501170143485,0.0394952673032879,-0.0181447284996509
1721665023059444200,9.1914443359375,0.001904080055654,0.0335287601143121,-0.0014823475122451
1721665023069488000,9.201488037109376,0.0052504678741097,0.0216014448247849,-0.0120943424195051
1721665023079532000,9.211531982421874,0.0036513621143996,0.0092906831756234,-0.0152840783715248
1721665023089576000,9.221575927734374,0.0084671648982912,0.0047806584052741,-0.0259779063433408
1721665023099620000,9.2316201171875,0.0076890201326459,-0.004114157320559,-0.0317260946065187
1721665023109664300,9.241664306640626,0.0062560647200793,-0.0098845574155449,-0.0202618667840957
1721665023119709000,9.251708984375,0.000733721102029,-0.0033930034391582,0.0024584990680217
1721665023129753000,9.261753173828126,0.0014995178427547,0.0084869655773043,0.0067915598362684
1721665023139797000,9.271796875,0.0205972362183034,0.0067624798722565,-0.0307137026935815
1721665023149841200,9.281841064453126,0.0304586319539695,0.0058002107113599,-0.0515764579802751
1721665023159886000,9.291885986328126,0.0346289764411747,0.0147299516201019,-0.0534632946401834
1721665023169930000,9.301929931640624,0.0388944518659263,-0.0037884324975311,-0.0664718292951583
1721665023179974100,9.31197412109375,0.0370558382619172,-0.0186931561626493,-0.0697825612783432
1721665023190018300,9.322018310546875,0.0150727737084031,-0.0309768836744129,-0.0389613065570592
1721665023200062000,9.33206201171875,-0.0120147743772715,-0.0095415891967713,-0.0439414330571889
1721665023210106000,9.342106201171877,-0.0181308461047709,-0.0068451897196471,-0.1011070893466472
1721665023220151300,9.3521513671875,-0.0180778007432818,-0.0056350832775235,-0.0754302117764949
1721665023230195000,9.36219482421875,-0.0089350016057491,-0.0138075760781764,-0.0136503396898508
1721665023240239000,9.372239013671877,0.0499063328109681,-0.0174972243763506,0.1258995852977037
1721665023250283000,9.382282958984376,0.1068692330699414,-0.0100483696751296,0.0544201569736003
1721665023260327200,9.3923271484375,0.1001042689796537,-0.0253841782338917,-0.0583177489340305
1721665023270372000,9.4023720703125,0.0578236818067729,-0.0373391121827065,-0.2334644724816083
1721665023280416000,9.412416015625,0.0291008606694638,-0.0634476591683924,-0.2404693828076124
1721665023290460200,9.422460205078124,-0.0061845338538289,-0.072711746598035,-0.0978571476399898
1721665023300504300,9.43250439453125,-0.0168467976436018,-0.0449849507607519,0.0661819064378738
1721665023310548000,9.4425478515625,0.005742708370462,-0.0144603408984839,0.1135953995198011
1721665023320593200,9.45259326171875,0.0493573936913162,0.0287438639253377,0.0771001908153295
1721665023330637000,9.462636962890626,0.0683294398605823,0.0775359518840908,0.0261041630715131
1721665023340681000,9.472680908203126,0.0422275418113917,0.1201665946036577,0.0171557174623012
1721665023350725000,9.48272509765625,-0.0041906566228717,0.1370100312463939,0.0331646029770374
1721665023360768800,9.492768798828124,-0.0307334303073585,0.1689912696577608,0.0255839385896921
1721665023370813000,9.50281298828125,-0.0337255978606641,0.1722830046795308,-0.0157131174385547
1721665023380857900,9.51285791015625,-0.0150745272740721,0.1641255633175373,-0.0433563266456127
1721665023390901800,9.52290185546875,-0.0074945204738527,0.1362728030130267,-0.0420627797037363
1721665023400946000,9.53294580078125,0.0024549188714474,0.0747263012908399,-0.0122732061177492
1721665023410989800,9.54298974609375,0.0123357499599456,0.0150604987487196,-0.0039472763210535
1721665023421034000,9.553033935546877,0.0035583500687032,-0.0392063673593103,-0.0025368250012397
1721665023431079000,9.563078857421877,-0.0030022505559027,-0.0782673348985612,-0.0314770882815122
1721665023441122800,9.573122802734376,-0.0061463938005268,-0.1117258062556385,-0.0293576119095087
1721665023451167000,9.5831669921875,-0.012176467745006,-0.135335083771497,-0.0232850139975547
1721665023461210600,9.593210693359374,-0.013711422227323,-0.1452681565038859,-0.0192576581776142
1721665023471254800,9.6032548828125,-0.0049121027652174,-0.1387646198287606,-0.0093581954538822
1721665023481300000,9.613300048828124,0.0096978757370263,-0.1201532967306673,-0.0209101015597581
1721665023491343600,9.623343505859374,0.0088677085231989,-0.107340430778265,-0.0357341612040996
1721665023501387800,9.6333876953125,0.0167963095653802,-0.0656096595078706,-0.0236029939055442
1721665023511432000,9.643431884765626,0.0084337740853428,-0.0256087807700037,-0.0275806653648614
1721665023521475800,9.653475830078126,0.0113295685920864,0.0222872351318597,-0.0442635046184062
1721665023531520000,9.66352001953125,-0.0015067513011395,0.0656837476573884,0.0697831458002328
1721665023541565000,9.67356494140625,-0.0244986275710165,0.0866653070181608,0.0644622430384159
1721665023551608800,9.68360888671875,-0.0059095163047313,0.0803327429957687,-0.0705634825229644
1721665023561653000,9.693653076171875,0.0181684747014194,0.0562418194428086,-0.1800251432389021
1721665023571696600,9.703696533203123,0.0070491878591477,0.0242858616031706,-0.0645785628944635
1721665023581740800,9.71374072265625,0.016556071068719,0.0039366087965667,0.0715063163310289
1721665023591786000,9.723785888671877,0.0244121183313429,0.0020385200902819,0.0617728578239679
1721665023601830000,9.733829833984377,0.0384719886701554,0.0106537882223725,-0.0255564660608768
1721665023611873800,9.743873779296877,0.0480371779382228,0.0234990951396524,-0.075597969558835
1721665023621917700,9.753917724609376,0.0442073174517601,0.0484542343065142,-0.0525081858724355
1721665023631961900,9.7639619140625,0.0224085234239697,0.0713499567255377,-0.0064455228775739
1721665023642006000,9.774006103515624,0.0221959035865962,0.0854090233467519,0.0089005148142576
1721665023652050700,9.78405078125,0.0171558635927736,0.0859537977479398,-0.0040139118164777
1721665023662094800,9.7940947265625,0.0148498516727238,0.0987356840401887,-0.0080307462424039
1721665023672139000,9.804138916015624,0.0267448721278458,0.0807122438326478,-0.011408113721013
1721665023682183000,9.814182861328124,0.0277207314226776,0.0524276679821312,-0.0185696759134531
1721665023692226800,9.824226806640626,0.0179126733094453,0.0346782224103808,-0.0148293203413486
1721665023702272000,9.83427197265625,0.0126531453460454,0.0096660923592746,-0.0161924253880977
1721665023712316000,9.84431591796875,0.0124510469026863,-0.0100659053318202,-0.0247369663715362
1721665023722359800,9.85435986328125,0.0069996496289968,-0.0259158008925616,-0.0425064318180084
1721665023732403700,9.86440380859375,0.0109511637337505,-0.0274520705491304,-0.0358569108009338
1721665023742447900,9.87444775390625,0.011359598404169,-0.0382293390206992,-0.0179173494845628
1721665023752492800,9.884492919921875,0.026473580905795,-0.0460679236918687,-0.0238052384793758
1721665023762536700,9.89453662109375,0.0291267257630825,-0.0512269138902425,-0.0327104294687509
1721665023772580900,9.904580810546875,0.0241075824268162,-0.0528460395246744,-0.0314759192377328
1721665023782625000,9.914625,0.0024206512756645,-0.0528606525719165,-0.041770518758893
1721665023792669000,9.9246689453125,-0.0046446109354496,-0.0600622545138001,-0.0429115054875612
1721665023802712800,9.934712890625,-0.0072075202260166,-0.0640332039713859,-0.048187984585762
1721665023812757800,9.9447578125,-0.0068839873600751,-0.04893310386464,-0.0452191979080438
1721665023822802000,9.954802001953125,-0.0046888154033571,-0.0375543623685836,-0.0426882181257009
1721665023832845800,9.964845703125,0.0033763445653021,-0.0212122993767261,-0.0364478624314069
1721665023842889700,9.9748896484375,-0.0016861264560371,-0.0200125681981444,-0.0290109904289245
1721665023852934000,9.984933837890624,0.0040206338182091,0.0032037644773721,-0.0210123928904533
1721665023862977800,9.994977783203124,0.0001472264509648,0.0134992407813668,-0.0194178171753883
1721665023873022700,10.005022705078124,0.0063520724404603,0.0284163855366408,-0.0216863466292619
1721665023883067000,10.01506689453125,0.0037365561798214,0.044150107371807,-0.0142021283537149
1721665023893110800,10.02511083984375,0.0036339725881814,0.0504524223864078,-0.003884732478857
1721665023903155000,10.035155029296876,0.0125859253287315,0.0562393352247774,-0.013424129718542
1721665023913198800,10.04519873046875,0.0188287652410566,0.0668171356014907,-0.0036374797195196
1721665023923243800,10.055243896484376,0.0104271398596465,0.0635503888905048,-0.0093687168478965
1721665023933288000,10.065287841796875,0.0040676878303289,0.0668406626075506,-0.0114016839802265
1721665023943331800,10.075331787109375,-0.0012851444397121,0.0496238626077771,0.0012631518036127
1721665023953375700,10.085375732421875,0.0048331923101097,0.0351075537383556,0.0086024086505174
1721665023963420000,10.095419921875,0.0026055063232779,0.0197578627847135,-0.00014905308187
1721665023973463800,10.1054638671875,-0.0005710778862237,0.0091005674310028,-0.0276046307623386
1721665023983508700,10.1155087890625,-0.0073090078391134,0.0053613809026777,-0.0221107095211744
1721665023993553000,10.125552978515625,-0.015893442441523,0.0187942784495651,0.0076689271926879
1721665024003596800,10.1355966796875,-0.0194886173892766,0.0062713353544473,0.0093371526658535
1721665024013641000,10.145640869140625,-3.2148703932e-06,0.0024675591573119,-0.0154915836423635
1721665024023684900,10.155684814453124,0.0134110510412603,0.0047543549202382,-0.0377899246901273
1721665024033728800,10.165728759765624,0.023490619572252,0.0015811317116022,-0.0527390720188617
1721665024043774000,10.17577392578125,0.0328072409067302,-0.0101829558402299,-0.0651490562587976
1721665024053817900,10.18581787109375,0.0227619399715214,-0.0191379773207008,-0.0798509508281946
1721665024063861800,10.19586181640625,0.0066341773174703,-0.0342690570876002,-0.0354179348617792
1721665024073906000,10.205906005859376,-0.0119787532158195,-0.0256197405554354,-0.0311433262825012
1721665024083949800,10.21594970703125,-0.0188708508171141,-0.0173991708293557,-0.1038444053560495
1721665024093994000,10.225993896484376,-0.0077246759679168,-0.0173499248601496,-0.1013607718467712
1721665024104039000,10.236038818359376,-0.0029335692338645,-0.0328676658570766,-0.0044178164422512
1721665024114082800,10.246082763671875,0.0503011773474514,-0.0402405327126383,0.1350040982514619
1721665024124127000,10.256126953125,0.0968492857716977,-0.0305414148665964,0.0428694199115037
1721665024134171000,10.2661708984375,0.1016807975813746,-0.0423595706932246,-0.1005167222380638
1721665024144214800,10.27621484375,0.0540484010517597,-0.0612633008666336,-0.2612988203465938
1721665024154258700,10.2862587890625,0.019133885667473,-0.074313921097666,-0.2421656653314828
1721665024164304000,10.296303955078123,-0.0035813656181097,-0.0818845024824142,-0.0711556031972169
1721665024174347800,10.30634765625,-0.0121374509088695,-0.0498946423731744,0.0761427439600229
1721665024184391700,10.3163916015625,0.0153935300953686,-0.0129148650221526,0.1225350773006677
1721665024194435800,10.326435791015625,0.046854032568261,0.0415044151686131,0.0769534758210182
1721665024204480000,10.33647998046875,0.0642216392155736,0.0754644063070416,0.0255956290274858
1721665024214524700,10.346524658203125,0.0386444956928491,0.1220754969649016,0.0214741651833057
1721665024224568800,10.35656884765625,-0.0059415919434279,0.1578257325209677,0.0413794736146926
1721665024234613000,10.366613037109374,-0.0337244288168847,0.1799091156437993,0.0336509251892566
1721665024244657000,10.376656982421874,-0.0418622886955738,0.1880526746109128,-0.0057107788622379
1721665024254700800,10.38670068359375,-0.0297949073482304,0.1714766567327082,-0.0531254409879446
1721665024264744700,10.39674462890625,-0.0076981532871723,0.1385161980256438,-0.047201311635971
1721665024274790000,10.406789794921876,0.0041579964622855,0.0708932989992201,-0.0010252513945102
1721665024284833800,10.416833740234376,-0.0012641747169196,0.0135414724878966,0.0115624274998903
1721665024294877700,10.426877685546875,-0.0071355509683489,-0.0220233234986662,-0.0106944124937057
1721665024304921900,10.436921875,-0.0225799344681203,-0.073036448507756,-0.0226648362725973
1721665024314965800,10.4469658203125,-0.0265193928088992,-0.1018922483749687,-0.0210270059376955
1721665024325010000,10.457010009765623,-0.0182348910011351,-0.1221361411109566,-0.0184516024917364
1721665024335054800,10.467054931640623,-0.0040257483847439,-0.1359127375289797,-0.0373696534514427
1721665024345098800,10.4770986328125,0.0014853431869298,-0.1412106978066265,-0.0375134458363056
1721665024355143400,10.487143310546877,0.0184079825457185,-0.1243750060789287,-0.0300882642716169
1721665024365187300,10.497187255859377,0.0154349580843001,-0.1104433652296662,-0.0265554139703512
1721665024375231200,10.507231201171876,0.0107691582303494,-0.0716840109854936,-0.0213613524585962
1721665024385275400,10.517275390625,0.0144836487088352,-0.0322686770506203,-0.0404728801637887
1721665024395320300,10.5273203125,0.0177216807819902,0.0152295717053115,-0.0594119739115238
1721665024405364200,10.5373642578125,-0.0069799950804561,0.0551534396842122,0.0806061531096696
1721665024415408400,10.547408447265624,-0.0337884339638054,0.0745189421504736,0.0828051244586706
1721665024425452300,10.557452392578124,-0.0169737850241363,0.0686292995899915,-0.060681555455923
1721665024435496400,10.567496337890624,0.0164196582727134,0.0501965479291975,-0.2082218946754932
1721665024445540400,10.577540283203126,0.0184580322325229,0.0094241002969443,-0.1026420438289642
1721665024455584300,10.587584228515626,0.0097226448521018,-0.0088543375849723,0.0572270310878753
1721665024465629400,10.59762939453125,0.0197021140094846,-0.0005683014072477,0.0612602321267128
1721665024475673300,10.60767333984375,0.0345325303293764,-0.0045702305249869,-0.0293862534821033
1721665024485717200,10.61771728515625,0.0392614585474133,0.0170735921368002,-0.0818868405699729
1721665024495761400,10.627761474609375,0.0246439543258398,0.0408810225732624,-0.0543564440876245
1721665024505805300,10.637805419921875,0.0066392188187688,0.0577929944075644,-0.0083808748543262
1721665024515849500,10.647849365234377,0.0037272038295865,0.0669923460379242,0.0054518356651067
1721665024525894400,10.657894287109375,0.0056450932148844,0.0828876881755888,-0.0018073416829109
1721665024535938300,10.667938232421877,0.0071671882156282,0.101297643482685,-0.0040729485273361
1721665024545982500,10.677982421875,0.0112713355988264,0.097524846945703,-0.0062953007519245
1721665024556026400,10.6880263671875,0.0087848525453358,0.0788676388792693,-0.0053536359876394
1721665024566070300,10.6980703125,0.0087458357091993,0.0618111440077424,0.0109293902933597
1721665024576114400,10.708114501953125,0.0070638739716261,0.0399563089437782,-0.0038981764823198
1721665024586159000,10.7181591796875,0.0141020289801061,0.019513386504352,-0.0286672915577888
1721665024596203300,10.728203369140624,0.0133218383878469,0.0064865855403244,-0.0352519306451082
1721665024606247400,10.738247314453124,0.0124490010760724,-0.0105434597156941,-0.0380354238837957
1721665024616291300,10.748291259765624,0.0249590846896171,-0.0263946704506874,-0.0299058934420347
1721665024626335500,10.75833544921875,0.0405959220215678,-0.0480095592789351,-0.0329985987603664
1721665024636379100,10.768379150390626,0.0312304200440645,-0.0528910477101802,-0.0318593655973672
1721665024646424300,10.77842431640625,0.0153072400514036,-0.0762831753440201,-0.0238853179782629
1721665024656468500,10.788468505859376,0.0036829262964427,-0.0866957021564245,-0.0272071558773517
1721665024666512100,10.79851220703125,-0.0022124153524637,-0.0951326911121606,-0.0388794734925031
1721665024676556300,10.808556396484375,-0.0142072429202497,-0.0934084976680576,-0.0422036494791507
1721665024686600400,10.818600341796875,-0.0205420719649642,-0.0795154352635145,-0.0603220744937658
1721665024696644400,10.828644287109377,-0.0123512397900223,-0.0693486999057233,-0.0638829818457365
1721665024706689300,10.838689208984375,-0.0070083443921059,-0.0468893230773508,-0.040491000342369
1721665024716733400,10.8487333984375,0.004819090719521,-0.029184447299689,-0.022499416577816
1721665024726777300,10.85877734375,0.0079401453495025,-0.0098358959682285,-0.0100385789334774
1721665024736821500,10.868821533203125,-0.0013898469232022,0.0264655437298119,-0.024957331123948
1721665024746865200,10.878865234375,0.0075935969341546,0.0528949932329356,-0.0289063610106706
1721665024756909300,10.888909423828125,0.0077217533584684,0.0584139027848839,-0.0265191736131906
1721665024766954500,10.89895458984375,-0.0038751609329134,0.0699674163259565,-0.0177899237126112
1721665024776998400,10.908998291015624,0.0021552052725106,0.0661029959827661,-0.0093634561508893
1721665024787042300,10.919042236328124,0.0075893591504544,0.0695646807439625,-0.0033323592931032
1721665024797086200,10.929086181640624,-0.0010687252100557,0.0715953097887337,-0.0210293440252542
1721665024807130400,10.93913037109375,-0.0001213613573461,0.0615687135539948,-0.0246960498392581
1721665024817174500,10.949174560546876,-0.0005958470012992,0.0520825078062713,-0.0181920747727155
1721665024827218200,10.95921826171875,-0.0285151697359979,0.0454391242690384,0.015720131701231
1721665024837263400,10.969263427734376,-0.0414865141857415,0.0540314499169588,0.0244008662849664
1721665024847307500,10.9793076171875,-0.0398167543426156,0.048085400994122,-0.002504676297307
1721665024857351400,10.989351318359375,-0.0349422071088105,0.0417551750592887,-0.0343529359787702
1721665024867395300,10.999395263671875,-0.0242352273944765,0.0270424668349325,-0.0282692321509122
1721665024877439200,11.009439208984375,0.0010698211885988,0.0257306535840034,-0.022139351093769
1721665024887483400,11.0194833984375,0.0135129039805382,-0.0016445523366332,-0.0099415482997894
1721665024897528300,11.0295283203125,0.0261646610870957,-0.0094895667485892,-0.027245734322071
1721665024907572200,11.039572265625,0.019136662146449,-0.0308139481976628,-0.020300445228815
1721665024917616400,11.049616455078125,0.0007778525047004,-0.0326956702910363,-0.0933867242276668
1721665024927660300,11.059660400390625,-0.0010719400804489,-0.0476515396215021,-0.1103004496276378
1721665024937704400,11.069704345703125,-0.0155258512381464,-0.0489675906561315,-0.0742360335558652
1721665024947748400,11.079748291015624,0.0140200497850775,-0.0692582451432943,0.0733773708999157
1721665024957792300,11.089792236328124,0.0735383336152881,-0.0747470518179237,0.0977490110903978
1721665024967837400,11.09983740234375,0.1101221704512834,-0.0688153236813843,-0.0293278012931346
1721665024977881300,11.10988134765625,0.0903641615360975,-0.0748993197701871,-0.1494213306605815
1721665024987925200,11.11992529296875,0.0501892414055764,-0.0871641964510083,-0.263064660975337
1721665024997969400,11.129969482421876,0.0060020899590104,-0.0921777868293225,-0.188378545564413
1721665025008013300,11.140013427734376,-0.0219167213190346,-0.0748635178044438,-0.0659492667257785
1721665025018057500,11.150057373046875,-0.0270720582555979,-0.0309743994563817,0.026149171257019
1721665025028102400,11.160102294921876,0.0032001842807978,0.0060384033814072,0.0519873768687248
1721665025038146300,11.170146240234375,0.0330680838000029,0.0487944260463118,0.0354980143606662
1721665025048190500,11.1801904296875,0.0351136912181973,0.1097593284882605,0.024662732091546
1721665025058234400,11.190234375,0.0086353610720485,0.1444992179580032,0.0232604640781879
1721665025068278300,11.2002783203125,-0.0319449249889701,0.1843921062767505,0.019869652596116
1721665025078322400,11.210322509765623,-0.0397838019210845,0.1975135997869074,0.0059673839718103
1721665025088367000,11.2203671875,-0.0350316389579325,0.1800470628097653,-0.0241045136868953
1721665025098411300,11.230411376953125,-0.0260946645908057,0.1396862647183239,-0.0377758961647748
1721665025108455400,11.240455322265625,-0.0158447809942066,0.0863370979771018,-0.0125035077422857
1721665025118499300,11.250499267578125,-0.0067906830534338,0.0311158537536859,0.0255547124952077
1721665025128543500,11.26054345703125,-0.0110390612129122,-0.0241813783153891,0.0243657949715852
1721665025138587100,11.270587158203124,-0.0179242176167666,-0.0594669189691543,0.0147965871155261
1721665025148631300,11.28063134765625,-0.0220260999776422,-0.0900175400555133,0.0026513912916183
1721665025158676500,11.290676513671874,-0.0158292911641299,-0.1108008003652095,0.0112368488073349
1721665025168720100,11.30072021484375,-0.0094933661408722,-0.1166572713084518,0.0020469956576824
1721665025178764300,11.310764404296876,0.0074551383115351,-0.1263166416659951,-0.0080769234716892
1721665025188808400,11.320808349609376,0.0339994463659822,-0.1153374208815395,-0.0255658184111118
1721665025198852400,11.330852294921876,0.0359415934097021,-0.0886735781006515,-0.038142975911498
1721665025208896500,11.340896484375,0.0309296104665845,-0.0612931114830076,-0.0101408702641725
1721665025218940200,11.350940185546875,0.0272007261365652,-0.0262038240537047,0.0007996259450912
1721665025228985300,11.3609853515625,0.028479513900727,-0.0025619594424962,-0.0301005392313003
1721665025239029500,11.371029541015623,0.0185962716594338,0.0432744935810565,-0.0146697458654642
1721665025249073200,11.3810732421875,-0.0151246500261127,0.0817987238951027,0.117709849101305
1721665025259117300,11.391117431640623,-0.0435530182614922,0.0908893544539809,0.0548304913401603
1721665025269161200,11.4011611328125,-0.0148124422717839,0.0753060008749365,-0.1305184772700071
1721665025279205400,11.411205322265625,0.0127118167307227,0.0288750890895724,-0.2118710648328065
1721665025289250300,11.421250244140625,0.0170498459350317,-0.003605038754642,-0.097685298204422
1721665025299294200,11.431294189453125,0.0040823008775711,-0.0182531573101878,0.0212561385184526
1721665025309338400,11.44133837890625,0.016500614554435,-0.0321691621989011,-0.0016208792001008
1721665025319382500,11.451382568359374,0.0173049897398799,-0.022709113805741,-0.0605260726332664
1721665025329426200,11.46142626953125,0.012139715931192,0.0055672787383198,-0.0687093790888786
1721665025339470300,11.47147021484375,-0.0004224631957709,0.0291873699091374,-0.0488479097992181
1721665025349514200,11.48151416015625,-0.0024707009624689,0.0557215949609875,-0.0273047710329294
1721665025359559200,11.49155908203125,0.0030013007078319,0.0822303933106362,-0.028780688804388
1721665025369602800,11.501602783203126,0.0052573360063135,0.0950222164750099,-0.0261363117754459
1721665025379647000,11.51164697265625,0.009577171966806,0.089740184418857,-0.0077156889438629
1721665025389691000,11.52169091796875,0.0156981390651315,0.0830289963424205,-0.0063823945134878
1721665025399735000,11.531735107421875,0.0195839675225317,0.069691375863552,0.0193529352456331
1721665025409779000,11.541779052734377,0.0129024439319968,0.0456364004068076,0.0401104765921831
1721665025419822800,11.55182275390625,0.0157912972413003,0.0335905733041465,0.0195896666109561
1721665025429868000,11.561867919921877,0.0168032507628202,0.015581161621958,-0.0119634095162153
1721665025439912200,11.571912109375,0.0067323039297014,-0.0046852352067828,-0.0229553436517715
1721665025449955800,11.581955810546877,0.009626052609831,-0.0154253865383565,-0.0110725981563329
1721665025460000000,11.592,0.0185649266730993,-0.0325305428571999,-0.0123895259737968
1721665025470044000,11.6020439453125,0.0137943512704223,-0.0542548834092915,-0.012004910570383
1721665025480088000,11.612088134765624,0.014103051893413,-0.0681269030258059,-0.0140519062280654
1721665025490133000,11.622133056640624,0.0132340870391577,-0.0689338354945182,-0.0200134449809789
1721665025500177000,11.632177001953124,0.0027666151691228,-0.0700889968790113,-0.0205517896413803
1721665025510221000,11.642220947265624,0.001093786586076,-0.0690543931342661,-0.0385632471501827
1721665025520265000,11.652264892578126,-0.0001340747084468,-0.0680481387011706,-0.0426239207178354
1721665025530308900,11.662308837890626,-0.0017567074742168,-0.054185763695836,-0.0393728099673986
1721665025540353000,11.67235302734375,-0.0007074176169931,-0.0441409011520445,-0.0376724357903003
1721665025550397000,11.68239697265625,-0.0018000351592898,-0.0340986689567565,-0.0445458286911249
1721665025560441900,11.69244189453125,0.0041781624674797,-0.0237047007143497,-0.0440992539674043
1721665025570486000,11.702486083984375,-0.000902136471495,-0.0093763156324625,-0.0378074603468179
1721665025580530000,11.712530029296875,0.0001603051282465,0.0053451604202389,-0.0373269833534955
1721665025590574000,11.722573974609375,-0.0038085254374891,0.022369798848778,-0.058370940425992
1721665025600618000,11.732617919921877,0.00749495886527,0.0335049408473074,-0.0618815788954496
1721665025610662000,11.742661865234377,0.0133097826238721,0.050102439904958,-0.0680295801311731
1721665025620706000,11.7527060546875,0.0077014412228018,0.0417246337905526,-0.0615402181118726
1721665025630751000,11.7627509765625,-0.0094144556857645,0.0494008675068616,-0.0434738155454397
1721665025640795000,11.772794921875,-0.0183491650305688,0.0635847295515239,-7.24807143211e-05
1721665025650838800,11.7828388671875,-0.0305670607645064,0.0610454203322529,-0.0075409168988466
1721665025660883000,11.792883056640624,-0.0280427299186587,0.0562453265741467,-0.0278881238788366
1721665025670927000,11.802927001953124,-0.0314057766109704,0.0626988866277039,-0.0102039986282587
1721665025680971000,11.812970947265624,-0.0228720492824912,0.048995501576364,0.0158428812980651
1721665025691015000,11.823014892578126,-0.00604490618743,0.0379224650286138,0.0247486568093299
1721665025701060000,11.83306005859375,0.0002316167987883,0.0249998550914227,0.0057025955557823
1721665025711104000,11.84310400390625,-0.0040287440594285,0.0138069915562868,-0.0150146137803792
1721665025721148000,11.85314794921875,-0.0107426355496048,0.0030764848358929,-0.0614525398284196
1721665025731191800,11.86319189453125,-0.0150076725829392,-0.0013213117316365,-0.1544312677770853
1721665025741236000,11.873236083984375,-0.0100497579146176,-0.0131586106501519,-0.1293599548846483
1721665025751280000,11.883280029296875,0.0016987667419016,-0.0441541990250349,0.0611100100010633
1721665025761324000,11.893323974609377,0.0566520076788961,-0.0579248040936887,0.18927929379642
1721665025771369000,11.903368896484375,0.1004660880293697,-0.0719650198839604,0.030619594669342
1721665025781413000,11.9134130859375,0.100040629158914,-0.077294105952233,-0.0669628276824951
1721665025791457000,11.92345703125,0.0651799628537148,-0.0561737226426601,-0.1731231087654829
1721665025801501000,11.9335009765625,0.0190270642921328,-0.0763116707861423,-0.2446101358741521
1721665025811544800,11.943544921875,-0.012093977093324,-0.0826413121990859,-0.1894055505245923
1721665025821589000,11.953589111328125,-0.0351738239075988,-0.0582663110077381,-0.047533320069313
1721665025831633000,11.9636328125,-0.0355769978810101,-0.0141809394352138,0.0484855062276124
1721665025841677800,11.973677734375,-0.00506342086941,0.0332948052279651,0.0672960051596164
1721665025851722000,11.983721923828124,0.018007511986047,0.0899997121378779,0.0415063148647546
1721665025861766000,11.993765869140624,0.0180189832281321,0.1239256548762321,0.0271715000420808
1721665025871810000,12.00381005859375,-0.0051826633349061,0.1515611191682517,0.0037087913900613
1721665025881854000,12.01385400390625,-0.0202171508595347,0.1634562857538461,-0.019614216530323
1721665025891897900,12.02389794921875,-0.0292737330183386,0.1595573786191642,-0.0432896911501884
1721665025901943000,12.033943115234376,-0.0246532336108386,0.1218804127842187,-0.0532248097091913
1721665025911987000,12.043987060546876,-0.0239996650729328,0.0801950880907475,-0.0171779292941093
1721665025922030800,12.05403076171875,-0.0105592418067157,0.0266002760253846,0.012473112604022
1721665025932075000,12.064074951171875,0.0080813073858618,-0.0214507843077182,0.0220142634093761
1721665025942119000,12.074118896484377,0.0114844668928533,-0.0518361318297684,0.0006698620855808
1721665025952163000,12.0841630859375,-0.0026614012289792,-0.0807037682652473,0.0014151274949312
1721665025962207000,12.09420703125,-0.0056697892647236,-0.0884681186564266,0.0166097740173339
1721665025972251000,12.1042509765625,-0.0044166473984718,-0.0952460883587598,0.0082370824694633
1721665025982296000,12.114296142578125,0.0057900546435266,-0.1023699488893151,-0.0061959320306777
1721665025992340000,12.124340087890625,0.0140589935559779,-0.0838470347270369,-0.0170510880440473
1721665026002384000,12.1343837890625,0.0235443225208669,-0.0694800712004303,-0.015438392150402
1721665026012428000,12.144427978515624,0.0227266494624316,-0.0581910538144409,0.0072369655162096
1721665026022472000,12.154471923828124,0.0080412676364183,-0.0394173797614872,0.0155775083601474
1721665026032516000,12.16451611328125,0.0010720862109214,-0.0079191025614738,0.0074754504472017
1721665026042559700,12.174559814453126,0.0061413522992283,0.0358330915339291,-0.061698039022088
1721665026052605000,12.18460498046875,-0.0057183045815676,0.0657335781484842,0.0656079059422016
1721665026062649000,12.194649169921876,-0.0343627997856587,0.0973512439444661,0.1124099891275167
1721665026072693000,12.20469287109375,-0.0186554545007646,0.0952557329699397,-0.0136006553292274
1721665026082737000,12.21473681640625,0.0220865249279886,0.0659495589867234,-0.1891916155129671
1721665026092781000,12.224781005859375,0.043181408470124,0.0136520932555198,-0.2136047567576169
1721665026102825000,12.234824951171875,0.0227381207045167,-0.021030659199506,-0.0468120200574398
1721665026112869000,12.244869140625,0.0122462450455874,-0.039434623157233,0.0460328523784875
1721665026122914000,12.2549140625,0.0120678197387605,-0.0214862940125167,-0.0224660988301038
1721665026132958000,12.2649580078125,0.013198138942942,-0.0030060499481856,-0.074484455358982
1721665026143002000,12.275002197265623,0.0078627692643553,0.0295936126224696,-0.0708060591071844
1721665026153046000,12.2850458984375,0.0044407589264214,0.0499605472162365,-0.0498760838031768
1721665026163090000,12.29508984375,0.0019987726017832,0.065655544476211,-0.0282183787465095
1721665026173133800,12.3051337890625,-0.0054473056204617,0.0757337247677147,-0.014753917017579
1721665026183178000,12.315177978515624,-0.0134042559742927,0.0688362203389406,-0.0083078096181154
1721665026193222100,12.32522216796875,-0.00505165736638,0.0619341858655214,-0.0027525135785341
1721665026203266800,12.335266845703124,0.0012822218302637,0.0589895107157528,-0.0045265375137329
1721665026213311000,12.34531103515625,0.0071053019605576,0.0422254229195415,-0.0025906010150909
1721665026223355100,12.355355224609376,0.0164177585765719,0.0289499078914523,0.0022094927430152
1721665026233399000,12.36539892578125,0.0046440264135599,0.0064249184809625,-0.005263035094738
1721665026243443000,12.37544287109375,0.0016371727477759,-0.0066641340643167,-0.0086439097046852
1721665026253486800,12.38548681640625,0.0112487584408372,-0.0236193605184555,-0.0199795427113771
1721665026263531000,12.395531005859375,0.0074906480163335,-0.0296110021486878,-0.0265337866604328
1721665026273576000,12.405575927734375,0.0217305510971695,-0.045652474758774,-0.021630232527852
1721665026283619800,12.415619873046875,0.0212591341931372,-0.0462760134845972,-0.0167862996280193
1721665026293664000,12.4256640625,0.0163483466021716,-0.047475452402234,-0.0117915600806474
1721665026303708200,12.435708251953123,0.0100737233120948,-0.056919864834845,-0.0371305839985609
1721665026313751800,12.445751708984377,-0.0005961392622441,-0.0537459109738469,-0.025846973440051
1721665026323796000,12.4557958984375,-0.0050398938633501,-0.0448642469905316,-0.0118652098387479
1721665026333840000,12.46583984375,-0.0037095220424234,-0.0357362070307135,-0.0278010301172733
1721665026343885000,12.475885009765625,0.0009279284998774,-0.0375474942363798,-0.0280424376577138
1721665026353929000,12.485928955078125,-0.0020307751752436,-0.0248939104989171,-0.0526385342538356
1721665026363972900,12.495972900390624,0.0050054801370948,-0.0142848382011055,-0.0516261423408985
1721665026374016800,12.506016845703124,0.0086678751021623,-0.0045540100425481,-0.0382078578412532
1721665026384061000,12.51606103515625,-0.0066695408917963,0.0079138418644666,-0.0162193133950233
1721665026394104800,12.526104736328126,-0.0077633274778723,0.0169372524060308,-0.0248965408474206
1721665026404148700,12.536148681640626,0.0011444938600063,0.029678660557419,-0.0417377855330705
1721665026414193000,12.54619287109375,0.0056098027057945,0.0395057886973023,-0.0528910477101802
1721665026424237800,12.55623779296875,0.0140361972022801,0.0443299939833581,-0.0634562808662653
1721665026434281700,12.56628173828125,0.0070775371707975,0.0343245866671204,-0.06602116291821
1721665026444326000,12.576325927734375,0.0071703300207853,0.0239332487732172,-0.0609901830136775
1721665026454369800,12.586369873046875,-0.005790200773999,0.0157040573492646,-0.029907062485814
1721665026464414000,12.5964140625,-0.0182918818853795,0.028955022457987,-0.0038420623809099
1721665026474457900,12.606457763671877,-0.033772359611839,0.0305047361180186,0.0009340659797191
1721665026484501800,12.616501708984377,-0.0276069688498973,0.0284318753667175,0.0045265375137329
1721665026494547000,12.626546875,-0.0152742876298725,0.0355634808123111,0.0029676176339387
1721665026504590800,12.6365908203125,-0.00437792282328,0.0341065600022673,0.0083341131031513
1721665026514634800,12.646634765625,-0.0007119476616382,0.0281511587291955,-0.0056412207573652
1721665026524679000,12.656678955078124,-0.0015257482625544,0.0152013685241341,-0.0303512991219758
1721665026534722800,12.666722900390624,-0.0060009209152311,0.0144822604693472,-0.0202560215651988
1721665026544767000,12.67676708984375,-0.0139866589721292,-0.0003127192109823,-0.0603033697932958
1721665026554811000,12.686810791015626,-0.0082060297440737,-0.0099764734826982,-0.131199445271492
1721665026564854800,12.696854736328126,-0.003650120005384,-0.0242773860357701,-0.1022428153783082
1721665026574900000,12.70689990234375,0.014587547474727,-0.0435445426940917,0.0935614962726831
1721665026584943900,12.71694384765625,0.0602779430910944,-0.0644736412152647,0.2007949595451355
1721665026594987800,12.72698779296875,0.0894299494259059,-0.0723236240632832,0.0020166005194187
1721665026605031700,12.73703173828125,0.079636212098971,-0.0568964839592576,-0.0995925931304693
1721665026615075800,12.747075927734375,0.0367070978894829,-0.0423977107465267,-0.1853501376539468
1721665026625120000,12.7571201171875,-0.0081385905310511,-0.0667450932785868,-0.2255184819132089
1721665026635164000,12.767163818359377,-0.0368939987637102,-0.063543520758301,-0.1693248855262994
1721665026645208800,12.777208740234377,-0.0515812072206288,-0.0494059820733964,-0.0458785385996103
1721665026655253000,12.7872529296875,-0.0454873473249375,-0.0061817573748528,0.0453992306500673
1721665026665297000,12.797296875,-0.0021284633960574,0.0358497504077851,0.0660334378778934
1721665026675340800,12.8073408203125,0.0469270247392356,0.0708474140308797,0.0603904635548591
1721665026685384700,12.817384765625,0.04610993620269,0.1200090659543871,0.0308989961326122
1721665026695428900,12.827428955078124,0.0189648127108812,0.1445813432835042,0.001460135680437
1721665026705473000,12.83747314453125,-0.0062744040943682,0.1594974651254713,-0.0352554377764463
1721665026715517000,12.847516845703124,-0.0202673466768115,0.163313808543235,-0.045235564520955
1721665026725561900,12.857561767578124,-0.0207512577362358,0.1271292732231319,-0.0218885912030935
1721665026735606000,12.86760595703125,-0.0250150526605546,0.0779005474127829,0.0073304890185594
1721665026745650000,12.87764990234375,-0.0225420136105269,0.0208048876196146,0.0268225404739379
1721665026755693800,12.88769384765625,-0.0142743168070912,-0.0169333068832755,0.025397476106882
1721665026765737700,12.89773779296875,-0.0100119831874966,-0.0545570812262594,0.0144715929448604
1721665026775782000,12.907781982421875,-0.0093750004582107,-0.0736569184936583,-0.0005441898792982
1721665026785825800,12.91782568359375,-0.0158860628526657,-0.0994870869293809,-0.0085626611620187
1721665026795870000,12.927869873046877,-0.0129641109913587,-0.1189535655520856,-0.0099912326604127
1721665026805915000,12.937914794921875,0.0035315351270139,-0.1165191780120134,-0.0148819273114204
1721665026815958800,12.947958740234377,0.0211998052213341,-0.110517453379184,-0.0226063840836286
1721665026826003000,12.9580029296875,0.0180772162213921,-0.0878488177143037,-0.0176087219268083
1721665026836046800,12.968046875,0.0194839412141591,-0.0620953677766025,0.0029138416200876
1721665026846090800,12.9780908203125,0.0121575438488274,-0.0280474060937762,0.0144382751971483
1721665026856135000,12.988135009765625,0.008340250582993,0.007241641691327,0.0077051675498485
1721665026866178800,12.9981787109375,0.0031114830840379,0.0421852370396256,-0.0332598800450563
1721665026876223000,13.008222900390624,0.0043747079528868,0.070919602484256,-0.0596679944992065
1721665026886268000,13.018267822265624,-0.013176657763496,0.1133399634540081,0.0659849225610494
1721665026896311800,13.028311767578124,-0.0241399503264576,0.105902506929636,0.0260270061820745
1721665026906356000,13.03835595703125,0.0052696109659969,0.0610423515923321,-0.1449900702148676
1721665026916399900,13.04839990234375,0.027955855352804,0.0184720607578754,-0.1750216358631849
1721665026926443800,13.05844384765625,0.0136635644976049,-0.0256625567838549,-0.0490530769824981
1721665026936488000,13.068488037109375,0.0019797025751322,-0.0544315551504492,0.0074912325382232
1721665026946531800,13.07853173828125,0.0020730799470096,-0.0479528606556355,-0.0439011010468006
1721665026956575700,13.08857568359375,0.0057575406134128,-0.0226161748252809,-0.0863274533659219
1721665026966621000,13.098620849609375,0.0031279227621853,0.0041951136022806,-0.0851256763607263
1721665026976664800,13.108664794921877,0.0038704116925597,0.0296541106380522,-0.0376800345748662
1721665026986709000,13.118708984375,-0.0009108312346041,0.054789136416465,-0.0119593178629875
1721665026996752600,13.128752685546877,0.0094214699484407,0.0787630094610154,-0.0200672209948301
1721665027006796800,13.138796875,0.0094455084111541,0.0845982914857566,0.0004015665382146
1721665027016841000,13.148841064453125,0.0141161305706948,0.0789643772520124,0.0223082779198884
1721665027026884900,13.158884765625,0.0185823892645537,0.0750301065430045,0.0292535670131444
1721665027036928800,13.1689287109375,0.0168986739613115,0.0614528320893645,0.0357376683354377
1721665027046974000,13.178973876953124,0.006338116980344,0.0416069987602531,0.0318622882068157
1721665027057017900,13.189017822265624,-0.0036921325162053,0.0246210849069058,0.0046229836255311
1721665027067062000,13.19906201171875,0.0003683218557387,-0.0039934535503387,-0.0279851545125246
1721665027077105700,13.209105712890626,0.0089683924186974,-0.0312147840835154,-0.0315349559485912
1721665027087149800,13.21914990234375,0.0139360247634351,-0.0470101729780435,-0.0232668938189744
1721665027097194000,13.229194091796876,0.0120000882647931,-0.0576617692433297,-0.0009907646030187
1721665027107238000,13.23923779296875,0.0061228667944669,-0.072476768798381,-0.0242050514519214
1721665027117281800,13.24928173828125,0.0034559856727719,-0.071563891737163,-0.034746903732419
1721665027127326700,13.25932666015625,-0.0141710756283253,-0.0641476241312921,-0.0246995569705963
1721665027137371000,13.269370849609375,-0.0205514243151992,-0.0624755992658436,-0.0214174665600061
1721665027147415000,13.2794150390625,-0.0123781277969479,-0.0603789192475378,-0.0277273803591728
1721665027157458700,13.289458740234377,-0.001033142440021,-0.0389959394790232,-0.0256330384284257
1721665027167502800,13.2995029296875,-0.0013527297832071,-0.0264674434259533,-0.050908933982253
1721665027177546800,13.309546630859376,0.0079536624182015,0.0012491232782602,-0.0466816716760396
1721665027187591000,13.3195908203125,0.0037920126941055,0.0137298346668481,-0.0228390237957239
1721665027197634800,13.329634765625,0.0077443305164575,0.0377528075501322,-0.0262239900588989
1721665027207678700,13.3396787109375,0.002019157802686,0.0407413218416273,-0.040666356909275
1721665027217724000,13.349723876953124,-0.0060243017908185,0.0483000666581094,-0.0415717813163995
1721665027227768000,13.35976806640625,0.0076665891051292,0.0492759259529411,-0.0522848985105752
1721665027237811700,13.369811767578126,0.0010223287850618,0.0429965534225106,-0.0440039768993854
1721665027247855900,13.37985595703125,-0.0114308370094746,0.0456686952412128,-0.0388595997482538
1721665027257899800,13.389899658203126,-0.0155940211035311,0.0429055141381919,-0.0147200147479772
1721665027267944000,13.39994384765625,-0.0170657010912895,0.0372955653019249,-0.0136012398511171
1721665027277987800,13.40998779296875,-0.0102472532480955,0.0234507259532809,-0.0169663323700428
1721665027288031700,13.42003173828125,-0.0046758828565478,0.018419599918276,-0.0372480728983879
1721665027298077000,13.430076904296875,0.004790668342635,0.0092845456957817,-0.0370715472877025
1721665027308120800,13.440120849609375,0.0017660598244518,0.0029123803153634,-0.0402232893168926
1721665027318164700,13.450164794921877,-0.005167758026719,-0.0108677232339978,-0.0335772754311561
1721665027328209000,13.460208984375,-0.0125984194841235,-0.0139282798483967,-0.0047428106129169
1721665027338252800,13.470252685546876,-0.0095234690181911,-0.0043906361743807,0.0087111297219991
1721665027348297000,13.480296875,-0.0050525341492146,-0.0024498773701488,0.0108276834845542
1721665027358342000,13.490341796875,0.0059272711571305,-0.0060077159821987,0.0072644380450248
1721665027368386000,13.500385986328125,0.0055425096232444,0.0157337218351662,-0.011426818421483
1721665027378430000,13.510429931640624,0.0048928135428577,0.0100705815069377,-0.043648587590456
1721665027388475000,13.520474853515625,0.0006320142932236,0.0007210077509284,-0.0820680423557758
1721665027398519000,13.53051904296875,-0.008853533867374,0.0248718447975814,-0.0871972219377756
1721665027408563000,13.54056298828125,-0.0183380591146647,0.0244281926833093,-0.0855032775014638
1721665027418607000,13.550607177734374,-0.0222889886975288,0.0070227382436394,-0.1285878014683723
1721665027428650800,13.560650634765626,-0.0275160756960511,0.0037163901746273,-0.0581073210537433
1721665027438695000,13.57069482421875,-0.0199800541680306,-0.0133101479500532,0.0496826070576906
1721665027448739000,13.580739013671876,0.0234903273113071,-0.0384723539963364,0.1689040297657251
1721665027458783000,13.590782958984375,0.07608977166377,-0.0492699346035718,0.0509323148578405
1721665027468828000,13.600827880859375,0.0873074043139815,-0.0526131075516343,-0.061472413572669
1721665027478872000,13.6108720703125,0.0479449696101248,-0.0499012182444334,-0.1145084227114915
1721665027488916000,13.620916015625,0.0220761496644467,-0.0687326138339936,-0.2091436856955289
1721665027498960100,13.630960205078123,-0.0073080579910427,-0.0880716666847467,-0.2238210303455591
1721665027509003800,13.641003662109377,-0.0411843894340097,-0.0693557141683995,-0.0965858125299215
1721665027519048000,13.6510478515625,-0.0467838168762624,-0.0283157016411423,0.0474228454321622
1721665027529092000,13.661092041015625,-0.0011667056918144,0.0366743646636605,0.0894675049573183
1721665027539136000,13.671135986328125,0.0461797865685075,0.0824187554895877,0.0636760610967874
1721665027549180000,13.681179931640624,0.054081791864708,0.1304004038482904,0.031147417935729
1721665027559225000,13.69122509765625,0.025729484540224,0.1641777318961918,0.0320212781608104
1721665027569269000,13.70126904296875,-0.0004986702371388,0.1753017679788172,0.0222404733806848
1721665027579313200,13.711313232421874,-0.0168356917276978,0.1659625694863498,-0.0166512750715017
1721665027589356800,13.721356689453126,-0.0215291102409362,0.1369802206300198,-0.0290291106075048
1721665027599401000,13.73140087890625,-0.0158252725761383,0.0769870858296751,0.0104062432020902
1721665027609444900,13.74144482421875,-0.0163836371112614,0.0181653328962624,0.0381119962513446
1721665027619489000,13.751489013671875,-0.0214458889368921,-0.022633564351499,0.018459785798192
1721665027629533000,13.761532958984375,-0.0250276929464191,-0.0562653464488685,0.002827332380414
1721665027639576800,13.771576904296875,-0.034942718565464,-0.0921333631657063,0.0008925649255514
1721665027649622000,13.7816220703125,-0.031387583367154,-0.1058899397090077,-0.0048854339540004
1721665027659666200,13.791666259765623,-0.0168986008960753,-0.1130953410431742,-0.0286000715404748
1721665027669709800,13.801709716796877,-0.0015681260995566,-0.1100257243394851,-0.0447381363928318
1721665027679754000,13.81175390625,0.0128835200358182,-0.0955124842099845,-0.0425830041855573
1721665027689798000,13.8217978515625,0.0206552500158548,-0.0789173232398927,-0.0358493120163679
1721665027699842000,13.831842041015625,0.0209337016310542,-0.0423969800941646,-0.0139151281058788
1721665027709886000,13.841885986328125,0.0211371152486652,-0.0197724758319556,0.0054144262641668
1721665027719929900,13.851929931640624,0.0059706719074398,0.0086148297406733,0.0074427172213792
1721665027729974000,13.86197412109375,0.0040828853994607,0.0494474831275641,-0.0166588738560676
1721665027740019200,13.872019287109374,0.0066185413569211,0.0808734257437288,-0.0726969874203205
1721665027750062800,13.882062744140624,-0.0034844811148941,0.1020588371135294,0.0326034619629383
1721665027760107000,13.89210693359375,-0.0139792063180357,0.1130666994705796,0.0085299279361963
1721665027770151000,13.90215087890625,-0.0023616145648062,0.063234747070074,-0.1035837085932493
1721665027780195000,13.912195068359376,0.0215464267019182,0.0066053896144032,-0.0803565622627735
1721665027790239000,13.922239013671875,0.0238076496321707,-0.0259812673442065,-0.0300420870423316
1721665027800283000,13.932282958984375,0.0212478821467608,-0.0597569879569113,-0.0102355628103017
1721665027810327000,13.9423271484375,0.0159981449250131,-0.0617069529809057,-0.0506307015627622
1721665027820371000,13.952370849609377,0.0066287704899907,-0.0406716176062822,-0.0903162307411432
1721665027830416000,13.962415771484377,0.003099061993882,-0.0156416596375405,-0.0748532886713743
1721665027840460000,13.9724599609375,0.0025065759934484,0.0221979494132101,-0.0408271004289388
1721665027850504000,13.98250390625,0.0045031566381454,0.0513404572673141,-0.0107055184096097
1721665027860548000,13.992548095703125,0.0095915658183395,0.0810001208633184,-0.0218617031961679
1721665027870592000,14.002592041015625,0.0082720807176083,0.0927263606227934,-0.0266781635671854
1721665027880636000,14.012635986328124,0.0041540509395301,0.0835958364449441,-0.0098866032421588
1721665027890680000,14.02268017578125,-0.0006453121662139,0.0882487768173217,0.0228255797922611
1721665027900724000,14.032723876953124,-0.0017962357670068,0.0720890846550464,0.0251741887450218
1721665027910768000,14.04276806640625,0.0013145897299051,0.0361779594488441,0.0075970310002565
1721665027920813000,14.05281298828125,0.0169505502790212,0.0188379714608192,0.0078261635810136
1721665027930857000,14.06285693359375,0.0116235100373625,-0.0077739950023591,-0.0164379245817661
1721665027940901000,14.072901123046876,0.018913447849825,-0.0339282808259129,-0.0284089328825473
1721665027950945000,14.082945068359376,0.0167141842398792,-0.0464589688360691,-0.0228133048325777
1721665027960989000,14.092989013671875,0.0167969671525061,-0.060497869452089,-0.0215548292040824
1721665027971032800,14.10303271484375,0.0173964674156159,-0.0724346832223236,-0.0339782574474811
1721665027981077000,14.113076904296875,0.0107946579977869,-0.0764544402576982,-0.0345925899535417
1721665027991121200,14.12312109375,0.0028173224430531,-0.0789931649550795,-0.0286772284299135
1721665028001164800,14.133164794921877,-0.0043920974791049,-0.0607915917016565,-0.0417810401529073
1721665028011209000,14.143208984375,-0.0074393562205135,-0.0475083317585289,-0.0780617293238639
1721665028021254100,14.153254150390625,-0.0069161360640078,-0.0448950805202126,-0.0968202058076858
1721665028031298000,14.163298095703125,-0.0099107147701084,-0.0419821156829595,-0.0908814634084701
1721665028041342000,14.173342041015625,-0.0094027652479708,-0.0263600375287234,-0.0663233607351779
1721665028051385900,14.1833857421875,-0.0094119714677333,-0.0193153797142207,-0.0576835426837205
1721665028061430000,14.193429931640624,-0.0031081951484084,-0.0061563306726515,-0.0371381827831268
1721665028071474200,14.20347412109375,-0.0031089258007705,0.0039367549270391,-0.0191752405911684
1721665028081517800,14.213517822265626,-0.001916574211046,0.0118484048344194,-0.0229489139109849
1721665028091562000,14.22356201171875,-0.0074938628867268,0.0222286368124186,-0.0293108501583337
1721665028101606000,14.23360595703125,0.0048673137754201,0.0440238506436347,-0.0213631060242652
1721665028111650800,14.24365087890625,-0.0050556759543716,0.0580006458088755,-0.0220662858575582
1721665028121695000,14.253695068359375,-0.0097595427963882,0.0642836716011166,-0.0159743987232446
1721665028131739000,14.26373876953125,-0.0153802322223782,0.0722542120888829,-0.0057277299970388
1721665028141783000,14.273782958984375,-0.0127565326552838,0.0683368925146758,0.0046188919723033
1721665028151827000,14.283826904296877,-0.0120320908382534,0.0583586654663085,0.0124228437215089
1721665028161870800,14.293870849609377,-0.0235750829853117,0.0365519073277711,-0.0034814123749732
1721665028171915000,14.3039150390625,-0.0169987733349204,0.0337840500496327,-0.0109901805698871
1721665028181959000,14.313958984375,-0.0134106857150793,0.014644026902318,-0.0219260006040334
1721665028192003000,14.324003173828125,-0.0143128952518105,0.0016252631142735,-0.010134440523386
1721665028202047000,14.334046875,-0.0116657417438924,-0.0050916240505874,-0.0116465986520051
1721665028212092000,14.344091796875,-0.0006281418357044,-0.0098544545382261,-0.0165893157511949
1721665028222136000,14.354135986328124,-0.0064632046647369,-0.0117937520377337,-0.0301852949053049
1721665028232180000,14.364179931640624,-0.0022722557809203,-0.0097536245122551,-0.0459060111284255
1721665028242223900,14.374223876953126,0.0011682400617748,-0.0002282557979226,-0.0432815078437328
1721665028252268000,14.38426806640625,0.0041977439507842,-0.0076597209729254,-0.0483697708934545
1721665028262312000,14.39431201171875,0.0027433073587715,-0.0116404611721634,-0.0470686251670122
1721665028272356000,14.404356201171876,0.0044944618750363,-0.0260636849306523,-0.0485626631170511
1721665028282400000,14.41439990234375,0.0018221739258617,-0.0353342021010816,-0.0743318951457738
1721665028292444000,14.42444384765625,-0.0134798054285347,-0.0347724765650928,-0.0465811339110136
1721665028302487800,14.43448779296875,-0.0225511467650532,-0.0359738151788711,-0.0323451032876968
1721665028312533000,14.444532958984375,-0.0243942173484712,-0.0291860547348856,-0.0187777657061815
1721665028322577000,14.454576904296877,-0.0135620768845081,-0.0173690679520368,0.013442834419012
1721665028332620800,14.464620849609377,0.0017938976794481,0.0127899234682321,0.013715221619606
1721665028342665000,14.4746650390625,0.0149041391432285,0.0191381234511733,-0.016316928550601
1721665028352709000,14.484709228515625,0.0283954158138483,0.0289358793660998,-0.0679834029018879
1721665028362752800,14.494752685546874,0.0197002873785793,0.034342122323811,-0.0897761325150728
1721665028372796400,14.50479638671875,0.0041768472932279,0.0348877735078334,-0.0746861154109239
1721665028382840600,14.514840576171874,-0.0029310119505971,0.0282433670572936,-0.1208136603355407
1721665028392884500,14.524884521484376,-0.0131825760476291,0.025459143166244,-0.0440583374351263
1721665028402928600,14.5349287109375,-0.0191447723876684,0.0098778354138135,0.0207435128211975
1721665028412973600,14.5449736328125,0.0234746182855218,-0.0274912335157394,0.1092184996098279
1721665028423017500,14.555017578125,0.0687508801430463,-0.0249269359856843,0.1556792220115661
1721665028433061600,14.5650615234375,0.081847020016238,-0.0441466002404689,0.0220551799416542
1721665028443105800,14.575105712890624,0.0562443036608397,-0.0822752553656697,-0.1064350063711404
1721665028453149400,14.5851494140625,0.0236977595169097,-0.0890653538972139,-0.1756587647229432
1721665028463193600,14.595193603515623,-0.0126774760697036,-0.0775732151545584,-0.1790086596727371
1721665028473237500,14.605237548828123,-0.0358243237055838,-0.070295771497488,-0.0749672704398632
1721665028483281700,14.61528173828125,-0.028983444834873,-0.0155291391737759,0.0532522822380065
1721665028493325800,14.625325927734377,0.0018686434160917,0.0163595986485481,0.1028103861331939
1721665028503369500,14.635369384765625,0.027552096857503,0.0590871258713305,0.0598415975004434
1721665028513414700,14.64541455078125,0.0237640296861529,0.1072818324588239,0.030317396852374
1721665028523458600,14.65545849609375,-0.0107240039143711,0.1399041452527046,0.0411684612125158
1721665028533502500,14.66550244140625,-0.0366167161922901,0.1612934086315333,0.0296060337126255
1721665028543546600,14.675546630859374,-0.0517369823042303,0.1690986755549907,-0.0169523038446903
1721665028553590500,14.685590576171874,-0.0409506537433713,0.1664376396521925,-0.051183074748516
1721665028563634700,14.695634765625,-0.025784575728327,0.124340811548382,-0.0468663805931806
1721665028573678600,14.7056787109375,-0.0128602852907031,0.0882813639126718,-0.043074002572894
1721665028583722500,14.715722412109375,-0.0178314247667789,0.042403702095896,-0.0460907200455665
1721665028593766700,14.7257666015625,-0.0199538968134671,-0.0020613164439797,-0.0320440745145082
1721665028603810600,14.735810546875,-0.024391367804259,-0.0389661288626492,-0.0326969854652881
1721665028613854700,14.745854736328123,-0.032525062964484,-0.0681214961983263,-0.0165618432223796
1721665028623899600,14.755899658203123,-0.0274323429353535,-0.1039310607261955,-0.0309293912708759
1721665028633943600,14.765943603515623,-0.0155973090391606,-0.1239148412212729,-0.0289385097146034
1721665028643987700,14.77598779296875,-0.0091377576362341,-0.1384162447825074,-0.0562175617843866
1721665028654031600,14.786031494140625,0.0056396133221685,-0.1306307054728269,-0.0464279891759157
1721665028664075500,14.796075439453125,0.0132575409799814,-0.1151186635643243,-0.0471440284907817
1721665028674119400,14.806119384765625,0.0091833503436297,-0.0986797160692513,-0.0129074123680591
1721665028684163600,14.81616357421875,0.008722527898848,-0.0661173167690634,0.0071954644620418
1721665028694207700,14.826207763671874,0.0068994771901518,-0.0303000073261558,0.0282289001405239
1721665028704251600,14.836251708984374,0.0082866937648504,0.0096620007060468,-0.0090495678961277
1721665028714295600,14.846295654296876,0.0068200552783906,0.0423608858674764,0.0799795456439256
1721665028724340700,14.8563408203125,-0.0212569422360509,0.0758130736142396,0.0251496388256549
1721665028734384600,14.866384521484376,-0.0125298842925578,0.0705494539976119,-0.0783604200094938
1721665028744428500,14.876428466796876,0.0082695234343409,0.0513755285806953,-0.0485562333762645
1721665028754472400,14.886472412109375,0.0216968680232763,0.0271763223476707,0.0003723404437303
1721665028764516600,14.8965166015625,0.0075539955761283,0.0178216340251266,0.0316600436329841
1721665028774560800,14.906560791015623,0.0087886519376188,0.0029075580097734,-0.015652911683917
1721665028784604700,14.916604736328123,0.0188951084755361,0.0073503627628088,-0.0894943929642438
1721665028794648600,14.926648681640623,0.0167353000931441,0.0182774149686098,-0.100954529133439
1721665028804692500,14.9366923828125,0.0181784115735441,0.0326148601397872,-0.0663911652743816
1721665028814736600,14.946736572265625,0.0098423987742513,0.040813656425476,-0.0285690918803215
1721665028824780800,14.95678076171875,0.0017922902442514,0.0503472084462642,-0.0280243174791336
1721665028834825500,14.966825439453125,0.007059343926981,0.0586770837657153,-0.0371972194939851
1721665028844869600,14.97686962890625,0.0039120588771998,0.0718739805996418,-0.0322311215192079
1721665028854913500,14.98691357421875,0.0041950405370444,0.0554281649723649,-0.0199029703438282
1721665028864957700,14.996957763671874,-0.0061501931928098,0.0434212085753679,-0.0152063369601964
1721665028875001600,15.007001708984374,-0.0050449353646487,0.0253903157137334,-0.0045522564768791
1721665028885045500,15.01704541015625,0.0022366730108857,0.0125295189663767,0.0008183306455612
1721665028895089700,15.027089599609376,0.0020778291873633,-0.0073024319678544,-0.035060207465291
1721665028905133600,15.037133544921875,0.0075024115193635,-0.0239447930805385,-0.0478752653747797
1721665028915177500,15.047177490234375,0.0071200611382722,-0.02478124390468,-0.0370540116310119
1721665028925221600,15.0572216796875,0.0026816402994096,-0.0399899189524352,-0.0052092590808868
1721665028935265500,15.067265625,0.0080813073858618,-0.049568040767312,-0.0008095628172159
1721665028945310700,15.077310791015623,0.0089868048582226,-0.0321259075790643,-0.0089046064674854
1721665028955354600,15.087354736328123,0.0029823037464171,-0.0323025793202221,-0.0327799875736236
1721665028965398500,15.0973984375,-0.0050676586531102,-0.0442038833856582,-0.0157768303245306
1721665028975442700,15.107442626953125,-0.0141610656909644,-0.0497058418028056,-0.0103314244002103
1721665028985486600,15.117486572265625,-0.0254427034880965,-0.0339880481891334,-0.0115700262844562
1721665028995530500,15.127530517578125,-0.0222763484116643,-0.0303008841089904,-0.0298281520307064
1721665029005574700,15.13757470703125,-0.00873984435983,-0.015582915187627,-0.0357248088538646
1721665029015618600,15.14761865234375,-0.0098792967185378,-0.0002606967628002,-0.0325076003730297
1721665029025662700,15.157662841796874,-0.0003274053234606,0.0057495034374296,-0.0280623114019632
1721665029035706600,15.16770654296875,-0.0050768648728728,0.0106911976233124,-0.0329062443017959
1721665029045750500,15.17775048828125,-0.0037641748391091,0.0183371823318302,-0.0308721081256866
1721665029055795700,15.187795654296876,-0.011267390076071,0.0255102888315916,-0.0212865336567163
1721665029065839600,15.197839599609376,-0.0128005909927189,0.0285414732210338,-0.0221457808345556
1721665029075883500,15.207883544921875,-0.0003212678436189,0.0368961907207965,-0.0241693956166505
1721665029085927400,15.217927490234375,-0.0026364859834313,0.0385147318333387,-0.0284510184586048
1721665029095971600,15.2279716796875,0.0036581571813672,0.042445641541481,-0.030209260302782
1721665029106015700,15.238015625,-0.0066992784429341,0.0442369088724255,-0.0256786311358213
1721665029116059600,15.2480595703125,-0.0021024521719664,0.0322409122608602,-0.014772621718049
1721665029126103600,15.258103515625,-0.0118889560405164,0.026272213114798,-0.0153752637863159
1721665029136147500,15.2681474609375,-0.0106530575700104,0.013160364215821,-0.019008067330718
1721665029146191600,15.278191650390625,-0.0094800682678818,0.0033380583815276,-0.0178659115582704
1721665029156235800,15.28823583984375,-0.0102053138025105,-0.0111927174046635,-0.0315121595948934
1721665029166279700,15.29827978515625,-0.0196993375305086,-0.03264218653813,-0.0488438181459903
1721665029176324600,15.30832470703125,-0.0255577081698924,-0.0407541813232004,-0.0493301403582096
1721665029186368800,15.31836865234375,-0.0296726692080497,-0.0458840915575623,-0.0391460154742002
1721665029196412700,15.32841259765625,-0.0281735897567123,-0.0420280006512999,-0.0101671737492084
1721665029206456600,15.33845654296875,-0.0295785611838102,-0.021720687290281,0.0180716632634401
1721665029216500500,15.34850048828125,-0.0092199560269713,-0.0048640989050269,0.0253203192174434
1721665029226544600,15.358544677734375,0.0068674746166914,0.0088084526166319,0.0096422730922698
1721665029236588500,15.368588623046875,0.0286478562049567,0.025248423025012,-0.02234276471138
1721665029246632400,15.378632568359375,0.0436216995835304,0.0159573014579713,-0.0419224944502115
1721665029256676600,15.388676513671877,0.0423703112829476,0.0057296296931803,-0.0407388376235961
1721665029266720500,15.398720458984377,0.0240723649829626,0.005843903722614,-0.0538859039664268
1721665029276764700,15.4087646484375,0.0156008161704987,-0.005072773219645,-0.0356815542340278
1721665029286808600,15.41880859375,0.0022541356023401,0.0021323358535766,-0.0156184248924255
1721665029296853500,15.428853515625,-0.0053173956304788,0.0175074535094201,0.0056505731076002
1721665029306897700,15.438897705078125,-0.0014269640631973,0.035803280917555,-0.0068827452510595
1721665029316941600,15.448941650390625,0.0130507663615047,0.0343409532800316,-0.0321679931551218
1721665029326985500,15.4589853515625,0.0274812966436147,0.0412963253758847,-0.0393587814420461
1721665029337029600,15.469029541015624,0.0349270826049149,0.0394105116292834,-0.0550695607930421
1721665029347073500,15.479073486328126,0.0252347598258405,0.0200280580282211,-0.0717991617977619
1721665029357117700,15.48911767578125,0.0047227907381951,0.0148883570522069,-0.0394797774732112
1721665029367165200,15.499165283203125,-0.0161914024747908,0.018347849856317,-0.057570729959011
1721665029377208800,15.509208740234374,-0.0261879688974469,0.0211743054538965,-0.0728904641658067
1721665029387253000,15.5192529296875,-0.0310894772034138,0.0144148943215608,-0.0277396553188562
1721665029397297000,15.529296875,-0.0115972796175628,-0.0143783617034554,0.023655600875616
1721665029407341000,15.539341064453126,0.0376684172023087,-0.0299507554970681,0.1100052660733461
1721665029417386000,15.549385986328126,0.0780327224250882,-0.0371728157050907,0.0314051920890808
1721665029427430000,15.559429931640626,0.0681402739640325,-0.068088470711559,-0.0863052415341138
1721665029437474000,15.56947412109375,0.026741803387925,-0.0868558611541986,-0.2327145308971404
1721665029447518200,15.579518310546876,-0.0035606150910258,-0.1014824985302984,-0.2146311771959066
1721665029457561900,15.589561767578124,-0.0345516734212636,-0.0995179204590618,-0.0753314275771379
1721665029467606000,15.59960595703125,-0.0252139362335205,-0.0784789318226277,0.0841419260203838
1721665029477650000,15.60964990234375,0.00884936914891,-0.0368418301850557,0.1310270113140344
1721665029487694000,15.619694091796877,0.0407807770691812,0.0080726856879889,0.0748088650077581
1721665029497738200,15.62973828125,0.0514002976957708,0.0394562504671514,0.0155161335617303
1721665029507782000,15.639781982421876,0.0122765671186149,0.07764934913069,-0.0274865573406219
1721665029517826000,15.649825927734376,-0.035032150414586,0.122650228112936,0.0032066870868206
1721665029527871000,15.65987109375,-0.0600463993575423,0.1391822607189416,0.0133814596205949
1721665029537915000,15.669914794921874,-0.0637721418824046,0.1592858682014048,-0.0255997206807136
1721665029547959000,15.679958984375,-0.0313899214547127,0.1517513810433447,-0.0434369906663894
1721665029558003000,15.6900029296875,-0.0003855652514845,0.1273753569386899,-0.0531172576814889
1721665029568047000,15.700047119140624,-0.0023517507579177,0.0924723858617246,-0.0254091665446758
1721665029578091000,15.710091064453126,-0.0062079877946525,0.0291765562541782,-0.0059743982344865
1721665029588135000,15.720135009765626,-0.0180132110744714,-0.0064404083110392,-0.0133183312565088
1721665029598179000,15.730178955078124,-0.0349026057507842,-0.0432315312221646,-0.0262187293618917
1721665029608223000,15.740222900390624,-0.0344521585695445,-0.0784692872114479,-0.0278267490804195
1721665029618267100,15.75026708984375,-0.0347069370482116,-0.0990692999087274,-0.0236859960138797
1721665029628311000,15.76031103515625,-0.0347151934199035,-0.109248310226202,-0.0175748196572065
1721665029638355000,15.77035498046875,-0.0231515968762338,-0.1187377308443188,-0.0132628016769886
1721665029648399000,15.780399169921877,-0.0061631257396191,-0.1026763844899833,-0.0170820677042007
1721665029658443000,15.790443115234376,-0.0005189093075692,-0.0868491391524672,-0.024927520507574
1721665029668488000,15.800488037109377,-0.0012440817769616,-0.056580549877882,-0.0067319386035203
1721665029678532000,15.810531982421876,0.0057614861361682,-0.0147270290106534,-0.0010462941825389
1721665029688576000,15.820575927734374,0.0145570792712271,0.0265048528268933,-0.0413683676987886
1721665029698620200,15.8306201171875,0.0204386846557259,0.0736136638738215,0.0301081380158662
1721665029708664000,15.8406640625,-0.0132682085044682,0.0974405296631157,0.0890361278027296
1721665029718708000,15.8507080078125,-0.0149403064351528,0.10098536266312,-0.0490244354099035
1721665029728751900,15.860751953125,0.0154375884328037,0.075633333133161,-0.1638701272517442
1721665029738796000,15.870796142578126,0.0226529266390949,0.0458678710751235,-0.0785024588286876
1721665029748840200,15.880840087890626,0.0295096606660634,0.0265859552390873,0.0457195486456155
1721665029758883800,15.8908837890625,0.0277829830039292,0.0048518239453434,0.0497048188894987
1721665029768928000,15.900927978515623,0.0433309730086475,-0.0102235801115632,-0.0280202258259057
1721665029778972000,15.910971923828123,0.0387301281496882,-0.0029873452477157,-0.0766419256538152
1721665029789017000,15.92101708984375,0.0365337871491909,-9.71767641603e-05,-0.0732546213030815
1721665029799061000,15.93106103515625,0.0209647543564438,0.007353577633202,-0.032204818034172
1721665029809105000,15.94110498046875,-0.0126098907262086,0.0089160046443343,-0.004041384345293
1721665029819149000,15.951149169921877,-0.0014169541258364,0.0169447050601243,-0.0118050040841102
1721665029829193200,15.961193115234376,0.0033727643687278,0.0330114582419395,-0.0262567232847213
1721665029839236900,15.97123681640625,-0.0027982524164021,0.0301417480245232,-0.0165641813099384
1721665029849281000,15.981281005859374,0.0042062195181846,0.0187001704253256,-0.0174532391041517
1721665029859325000,15.991324951171874,-0.0091164956524968,0.0051733109846711,-0.0203384391516447
1721665029869369000,16.001369140625,-0.0016362959649413,-0.0022127076134085,0.0033984102666378
1721665029879413000,16.0114130859375,-0.0101787911217659,0.0010477554872632,-0.0035077158600091
1721665029889457000,16.021456787109376,-0.0060878685463219,-0.0042203941740095,-0.0147550860613584
1721665029899501000,16.0315009765625,-0.0093174250520765,-0.0114120592437684,-0.004884264910221
1721665029909545000,16.041544921875,-0.0079151570387184,-0.0115445995822548,0.0051344402790069
1721665029919589000,16.051589111328123,0.006868351399526,-0.0116445528253912,0.0005710778862237
1721665029929634000,16.061634033203124,0.0139485919840633,-0.0131311381213366,-0.0157265614420175
1721665029939678000,16.071677978515623,0.0025914777979254,-0.0252357096739113,-0.0194663324922323
1721665029949722000,16.08172216796875,-0.0074755235124379,-0.0233992880269885,-0.0237386029839515
1721665029959766000,16.09176611328125,-0.0189502727288752,-0.0327795491822063,-0.0231114109963178
1721665029969810000,16.101809814453127,-0.0282560804083943,-0.0361854121029376,-0.0234013338536024
1721665029979854000,16.11185400390625,-0.0205185449589043,-0.0189350020945072,-0.028155834904313
1721665029989898000,16.12189794921875,-0.0182978732347488,-0.0092145491994917,-0.0336345585763454
1721665029999942100,16.131942138671874,-0.0045181350115686,0.0058051791474223,-0.0411789826065301
1721665030009986000,16.141986083984374,-0.0012890168972313,0.0139459616355597,-0.0442015452980995
1721665030020030000,16.152030029296874,0.0005255582440644,0.0114294487699866,-0.0319826997160911
1721665030030074000,16.16207421875,0.0023247896857559,0.0240372936695814,-0.0358300227940082
1721665030040118000,16.172117919921874,0.0151513188373297,0.0272664848491549,-0.0383113182157278
1721665030050162200,16.182162109375,0.0059830929975956,0.0309046952210366,-0.039248891326785
1721665030060206800,16.192206787109374,0.0017073884397745,0.0394178181529045,-0.0297106631308794
1721665030070251000,16.2022509765625,0.0038146629173308,0.0409285149767994,-0.024927520507574
1721665030080295200,16.212295166015625,-0.0022566928856074,0.0467579517826437,-0.0222381352931261
1721665030090339000,16.222339111328125,-0.0021533786416053,0.0324266440913081,-0.0321224004477262
1721665030100383000,16.232383056640625,0.001728358162567,0.0211285666160285,-0.0253927999317646
1721665030110427000,16.242427001953125,-0.0049513387970626,0.0179874921113252,-0.0222445650339126
1721665030120471000,16.252470947265625,-0.0141867115888744,0.0050828562222421,-0.0075730656027793
1721665030130515200,16.26251513671875,-0.0156610949903726,0.0002563128486275,-0.0104255324244499
1721665030140558800,16.272558837890625,-0.0176553375475108,-0.0167024207368493,-0.0061140989661216
1721665030150603000,16.28260302734375,-0.0295472161974757,-0.0242569277696311,-0.0166232180207967
1721665030160647000,16.29264697265625,-0.020708003116399,-0.0311602774173021,-0.0112532154202461
1721665030170691000,16.302691162109376,-0.0079335694782435,-0.0292372004002332,-0.0137397715389728
1721665030180735200,16.3127353515625,0.0001717763703316,-0.043642011719197,-0.0183960729122161
1721665030190779000,16.32277880859375,0.0087967621788382,-0.0405839393228292,-0.0215899005174636
1721665030200824000,16.332823974609376,0.0057267070837318,-0.040600159805268,-0.0328185660183429
1721665030210868200,16.3428681640625,0.0027520751871168,-0.0225014624044299,-0.0279354701519012
1721665030220911900,16.352911865234375,-0.0024791034646332,-0.0058441959835588,0.0007967033356428
1721665030230956000,16.3629560546875,0.0028441373847424,0.0142152800962328,0.0087350951194763
1721665030241000000,16.373,0.0130982587650418,0.0248358967013657,-0.0088818101137876
1721665030251044000,16.383044189453123,0.0231047620598226,0.033959845007956,-0.0342863004833459
1721665030261088000,16.393087890625,0.0238370949223637,0.0357980202205479,-0.0405137966960668
1721665030271132000,16.4031318359375,0.019037877947092,0.0262381647147238,-0.0469072971254587
1721665030281176000,16.413176025390626,0.007161927518621,0.0175714586563408,-0.0536567713856697
1721665030291220000,16.423219970703126,-0.0064851973008364,-0.0067566346533596,-0.0255938754618167
1721665030301264100,16.43326416015625,-0.0205571964688599,0.0060160454191267,-0.0459171170443296
1721665030311308000,16.44330810546875,-0.0275918443460017,0.0067645256988704,-0.111146837323904
1721665030321352000,16.45335205078125,-0.0272028450284153,0.0005503273591399,-0.1078022030711173
1721665030331396000,16.46339599609375,-0.0143858143575489,-0.0164534144118428,0.0525847582399845
1721665030341441000,16.47344091796875,0.0435266417112201,-0.0270543034031987,0.150509710419178
1721665030351485000,16.48348486328125,0.0908100056074559,-0.0303816942602395,0.0154717098981142
1721665030361525000,16.49352490234375,0.0837590641826391,-0.0459463431388139,-0.1256242754876613
1721665030371569200,16.503569091796876,0.041566739815101,-0.0690045626431703,-0.2440390579879283
1721665030381613000,16.513613037109376,0.0060442486003041,-0.0812545340158045,-0.2070329771518707
1721665030391657200,16.5236572265625,-0.0284885739900171,-0.078611764422059,-0.055144379594922
1721665030401701000,16.533701171875,-0.0333938086230307,-0.0449245988756418,0.0803448718249797
1721665030411745000,16.5437451171875,-0.0070046180650591,-0.0063128364086151,0.0968558616429567
1721665030421789200,16.5537890625,0.0321778569620102,0.0347004342421889,0.0508878911942243
1721665030431833000,16.5638330078125,0.0435983187079429,0.0667607292391359,0.0281914907395839
1721665030441877200,16.573877197265624,0.0156196670014411,0.1014491807825863,0.0145873282790184
1721665030451921200,16.583921142578124,-0.0098139763973653,0.1461105986773967,0.0140939918041229
1721665030461965000,16.593965087890624,-0.0437623501632362,0.1593542572624981,0.000518470916152
1721665030472009200,16.60400927734375,-0.046717473641783,0.173038937613368,-0.0350268897175788
1721665030482053000,16.61405322265625,-0.021408771796897,0.1490238557755947,-0.0536100096344947
1721665030492098000,16.62409814453125,-0.0074281772393733,0.1094106611810624,-0.0519312627673149
1721665030502142200,16.63414208984375,-0.0065381695970892,0.0547238160952925,-0.0248942027598619
1721665030512186000,16.64418603515625,-0.0084370620209723,-0.0012789338946342,-0.016874562433362
1721665030522230300,16.654230224609375,-0.0217571468431502,-0.0483881833329796,-0.0318862536042928
1721665030532274200,16.664274169921875,-0.033962986813113,-0.0929720059469342,-0.039735798060894
1721665030542318000,16.674318115234374,-0.0365973539046943,-0.1231109774924814,-0.0404699575543403
1721665030552362200,16.6843623046875,-0.040382863792777,-0.129932055684179,-0.0293669642597436
1721665030562406100,16.69440625,-0.0409684085957706,-0.1428241243526339,-0.0152402392297983
1721665030572450000,16.704449951171874,-0.0193681328147649,-0.147010031735152,-0.0266617969542741
1721665030582494000,16.714493896484374,-0.0063552142456173,-0.1283300273150205,-0.022540333110094
1721665030592538000,16.7245380859375,0.0024397943675518,-0.0978022025823593,-0.0194745157986879
1721665030602582300,16.734582275390625,-0.001427183258906,-0.0597124181628227,-0.0011503390789031
1721665030612626200,16.744626220703125,0.0003530512213706,-0.0044344753161072,-0.0073036010116338
1721665030622670000,16.754670166015625,0.0086029201071709,0.0315618439555168,-0.051591655549407
1721665030632714000,16.7647138671875,-0.0032277298748493,0.0781821408331394,0.0911070888578891
1721665030642759200,16.77475927734375,-0.0207685741972178,0.1067177688352763,0.107252752494812
1721665030652803000,16.784802978515625,-0.0085894761037081,0.0974826152391731,-0.0248912801504135
1721665030662847000,16.794846923828125,0.0270702316246926,0.0679220281034708,-0.1800818418622017
1721665030672891100,16.80489111328125,0.0350330271974205,0.0157968501992523,-0.1225841771394014
1721665030682935300,16.814935302734376,0.0190546829514205,-0.0132972884684801,0.0545645338803529
1721665030692979200,16.824979248046876,0.0337510976281017,-0.0109688455209136,0.0813596018254756
1721665030703023000,16.835023193359376,0.043185573188588,-0.0123811965368688,-0.0200894328266382
1721665030713067000,16.84506689453125,0.0466480616673827,0.0021190379805862,-0.0734989514529705
1721665030723111200,16.855111083984376,0.0284136090576648,0.0305813084855675,-0.0636199469953775
1721665030733155300,16.8651552734375,0.0190758718699216,0.0428049763731658,-0.0400847576290369
1721665030743199200,16.87519921875,-0.0032795331273227,0.0611135171324014,-0.0114642278224229
1721665030753243100,16.8852431640625,-0.0033228608123958,0.0712047030359506,-0.005126841494441
1721665030763287000,16.895287109375,-0.0064229457195848,0.0786976891398429,-0.0225362414568662
1721665030773331200,16.905331298828123,0.0043786534756422,0.0739120622985065,-0.0185591545194387
1721665030783375000,16.915375,0.0112695820331573,0.0657975832954049,-0.0256786311358213
1721665030793419000,16.9254189453125,0.0016749474748969,0.0343536666311323,-0.0229366389513015
1721665030803464200,16.935464111328123,-0.0032665275152772,0.0237640296861529,-0.0089618896126747
1721665030813508000,16.945508056640627,-0.0068996233206242,0.0072438336484134,-0.0359615402191877
1721665030823552300,16.95555224609375,-0.0064455228775739,-0.017433949881792,-0.0575187075108289
1721665030833596200,16.96559619140625,-0.000937500045821,-0.0253828630596399,-0.0474865583181381
1721665030843640000,16.97564013671875,0.0044213966388255,-0.0312822963617742,-0.0266875159174203
1721665030853684200,16.985684326171874,0.012715031601116,-0.0389059231080114,-0.0266197113782167
1721665030863728000,16.99572802734375,0.0071598086267709,-0.0474051636449992,-0.0336386502295732
1721665030873772000,17.00577197265625,-0.0019421470437198,-0.0549538254588842,-0.0298889423072338
1721665030883816200,17.015816162109374,-0.0173526282738894,-0.0553008853308856,-0.0285416193515062
1721665030893860000,17.025860107421874,-0.0208284146256744,-0.0542765107192099,-0.0378331793099641
1721665030903904300,17.035904296875,-0.0324034824114292,-0.0472838753528893,-0.0342214185535907
1721665030913948200,17.0459482421875,-0.0188736272960901,-0.042625528153032,-0.0371574720054864
1721665030923992000,17.055991943359373,-0.0119286304637789,-0.0351947936303913,-0.0406891532629728
1721665030934036000,17.066035888671873,-0.0175724085044115,-0.0287665141485631,-0.043316579157114
1721665030944080100,17.076080078125,-0.0115825204398483,-0.0209362589143216,-0.0250052619189023
1721665030954124300,17.086124267578125,-0.0115055827461183,-0.0050362406015396,-0.0090823011219501
1721665030964169000,17.0961689453125,-0.0079598729632794,0.0052076516456902,-0.0111240360826253
1721665030974213000,17.106213134765625,-0.0019403204128146,0.0154205642327666,-0.0120750531971454
1721665030984257300,17.11625732421875,0.0008982640139758,0.038418139591068,-0.0137292501449584
1721665030994301200,17.12630126953125,-0.0060807812184095,0.0443887384332716,-0.0140256027430295
1721665031004345000,17.136344970703124,-0.000811681709066,0.0510987574659287,-0.0098269820094108
1721665031014389000,17.146388916015624,-0.0018969927277415,0.0614214140377938,-0.0084901804476976
1721665031024433200,17.15643310546875,-0.0104382457755506,0.0570091505534946,-0.0159276369720697
1721665031034477300,17.166477294921876,-0.01801825257577,0.045837183675915,-0.0166138656705617
1721665031044521200,17.176521240234376,-0.0119561760578304,0.0453062916696071,-0.0068120181024074
1721665031054565000,17.186565185546876,-0.0186948366630822,0.0269534733772277,-0.017355623948574
1721665031064609000,17.196609130859375,-0.0258691122066229,0.0153784786567091,-0.0209451728731393
1721665031074653200,17.206653076171875,-0.0158162124868482,-0.0060660220406949,-0.0139525375068187
1721665031084697300,17.216697265625,-0.0084762249875813,-0.0122401806309819,-0.0282628024101257
1721665031094741000,17.226740966796875,-0.0108161391772329,-0.0173082776755094,-0.0415302802622318
1721665031104785200,17.23678515625,-0.0122488023288547,-0.0193915136903524,-0.0425017556428909
1721665031114829000,17.2468291015625,-0.0132214467532932,-0.0120256610974669,-0.0200613757759332
1721665031124873200,17.256873291015626,-0.0146919576972723,-0.0023415946900844,-0.0076461308389902
1721665031134917000,17.266917236328126,0.0032155279804021,0.0073607380263507,-0.02049626006186
1721665031144962000,17.276962158203126,0.023501725488156,0.0019882512077689,-0.0465051460653543
1721665031155006200,17.287006103515626,0.0335450536619871,0.002953150717169,-0.0445551810413599
1721665031165050000,17.297050048828126,0.0358703548043966,0.0022558161027729,-0.0734539432674646
1721665031175094000,17.307093994140626,0.0325099384605884,-0.008715952027589,-0.0661696314781904
1721665031185138200,17.31713818359375,0.0053378538966178,-0.0161244747184216,-0.020319149929285
1721665031195182000,17.32718212890625,-0.0131776076115667,-0.0146351129435002,-0.0411129316329956
1721665031205226200,17.337226318359374,-0.0157779263030737,-0.0060671910844743,-0.08994915099442
1721665031215270100,17.347270263671874,-0.021200828134641,-0.0025203122578561,-0.0864034412115812
1721665031225314000,17.35731396484375,-0.0077279639035463,-0.022075930468738,0.0622182635039091
1721665031235358200,17.367358154296873,0.0543800441589206,-0.0268462136104702,0.145755793890357
1721665031245402000,17.377402099609377,0.0929510362241417,-0.0295214241690933,0.0253852011471986
1721665031255446300,17.3874462890625,0.0890656461581587,-0.0444229329638183,-0.1158341183573007
1721665031265490200,17.397490234375,0.0396054496794939,-0.0525882653713226,-0.2590361361116171
1721665031275534000,17.4075341796875,-0.00465308650285,-0.071153557370603,-0.2037169844716787
1721665031285578200,17.417578125,-0.0356862304091453,-0.0658681643135845,-0.0292687645822763
1721665031295622100,17.4276220703125,-0.0303179083090275,-0.0459825834959745,0.123217214345932
1721665031305666300,17.437666259765624,-0.0123914987351745,-0.0051056525759398,0.1384632987946271
1721665031315711000,17.4477109375,0.0278080443799495,0.038469431386888,0.0753033705264329
1721665031325755100,17.457755126953124,0.0302175166744738,0.0740377345047891,0.0182405900895595
1721665031335799300,17.46779931640625,0.0016376842044293,0.1099672721505165,-0.0078618194162845
1721665031345843200,17.47784326171875,-0.0432965592823922,0.1448144213870167,0.0049292730957269
1721665031355887000,17.48788720703125,-0.0617947043295949,0.1744970274671912,0.0010135609567165
1721665031365932000,17.49793212890625,-0.0480080979742109,0.1701793103985488,-0.0297398892253637
1721665031375976000,17.507975830078124,-0.0335804172363132,0.1546795434497296,-0.0623790070235729
1721665031386019800,17.518019775390623,-0.0183146051738411,0.1134070373408496,-0.0463438180238008
1721665031396064000,17.52806396484375,-0.0006856441766023,0.0489722668312489,-0.0043961891323328
1721665031406108000,17.53810791015625,-0.0040399230405688,0.0004274316318333,-0.0150035078644752
1721665031416152000,17.548152099609375,-0.0169620945863425,-0.0525038019582629,-0.0300847571402788
1721665031426196000,17.558196044921875,-0.0225406253710389,-0.0955085386872291,-0.0427314727455377
1721665031436240000,17.568239990234375,-0.0300885565325617,-0.1225090660765767,-0.0383773691892623
1721665031446284000,17.578283935546875,-0.0274523628100752,-0.1438289174810051,-0.0398433500885963
1721665031456328000,17.588327880859374,-0.0197378429099917,-0.1583599855281412,-0.0238017313480377
1721665031466372000,17.5983720703125,-0.0082510379295796,-0.1598055081613361,-0.0171516258090734
1721665031476416000,17.608416015625,-0.0049289077695459,-0.1428537888385355,-0.0271937118738889
1721665031486460000,17.6184599609375,0.0054760202582925,-0.1137795239150524,-0.0220008194059133
1721665031496504000,17.628504150390626,-0.0089997374050319,-0.0722794926606118,-0.0040764556586742
1721665031506549000,17.638549072265626,-0.005664017111063,-0.0241299403890967,-0.0051145665347576
1721665031516593000,17.648593017578126,0.0040988866861909,0.0211100080460309,-0.038406010761857
1721665031526637000,17.658636962890625,-0.0088353406235575,0.0708329471141099,0.0841658914178609
1721665031536681000,17.668680908203125,-0.0289513691961765,0.0959809785045683,0.1197930851161479
1721665031546725000,17.67872509765625,-0.0198853616219013,0.0930704978853464,-0.0160299283027648
1721665031556768800,17.688768798828125,0.0120384475138038,0.0692298958316445,-0.1899374654442071
1721665031566813000,17.69881298828125,0.0241802823368459,0.0335306598104536,-0.1217769524097442
1721665031576856800,17.70885693359375,0.0209716224886476,0.0085828271672129,0.0477542693436145
1721665031586901000,17.71890087890625,0.0232729582335799,0.0048113458044826,0.0788888277977705
1721665031596945200,17.728945068359376,0.0334943463880568,0.0099026775941252,0.0019873744249343
1721665031606988800,17.73898876953125,0.0351353185281157,0.0267323779724538,-0.0514046085447073
1721665031617033000,17.749032958984376,0.0253528332475572,0.0496945897564291,-0.0647147564947605
1721665031627076900,17.759076904296876,0.0184815592385828,0.075171706970781,-0.0369628262162208
1721665031637121000,17.76912109375,0.004962225517258,0.0873715555913746,-0.0166799166440963
1721665031647165200,17.779165283203124,-0.0025724808365106,0.0892807502135634,-0.0006979191362857
1721665031657208800,17.789208740234375,-0.0053567047275602,0.091736765063554,0.0003378536522388
1721665031667253000,17.7992529296875,-0.0064586746200919,0.0791435332112014,0.0016395839005708
1721665031677297000,17.809296875,0.0011342647269368,0.0522103719696402,-0.0082920275270938
1721665031687341000,17.819341064453123,0.0050048225499689,0.0360816594675183,-0.0110725981563329
1721665031697385000,17.829385009765623,0.0058146045628935,0.0172686763174831,-0.0386620313495397
1721665031707430000,17.839429931640623,0.0023858722232282,-0.0062568684376776,-0.0633265170067548
1721665031717474000,17.84947412109375,0.0023490473441779,-0.0314389482282102,-0.0596457826673984
1721665031727518200,17.859518310546875,0.0110101273793727,-0.0401429175570607,-0.0414525388509035
1721665031737561900,17.869561767578126,0.016820859484747,-0.055522126866132,-0.0357242243319749
1721665031747606000,17.87960595703125,0.0128547323327511,-0.0672812459819018,-0.0251303496032953
1721665031757650000,17.88964990234375,0.0186958595763891,-0.0890655000276863,-0.0338958398610353
1721665031767694000,17.899694091796874,-0.0005318418543785,-0.0865088012821972,-0.0199649296641349
1721665031777737700,17.90973779296875,-0.0249693868879228,-0.0764607238680124,-0.0169862061142921
1721665031787782000,17.919781982421874,-0.0272249107297509,-0.0736269617468118,-0.0291074365407228
1721665031797826000,17.929825927734374,-0.0291127703029662,-0.0704465781450271,-0.0371498732209205
1721665031807870000,17.939869873046874,-0.0266360049258917,-0.0619822627909481,-0.0374158306807279
1721665031817914000,17.9499140625,-0.0150233085434883,-0.0512574551589787,-0.0411444958150386
1721665031827957800,17.959957763671873,-0.0128507137447595,-0.0466444084055721,-0.0543301406025886
1721665031838002000,17.970001953125,-0.0073253744520246,-0.0311129311442375,-0.0206827225446701
1721665031848046000,17.980046142578125,-0.0121676268514245,-0.0107986035205423,0.0003904606223106
1721665031858090000,17.990090087890625,-0.0170060067933052,0.0113302261792123,-0.0026397008538246
1721665031868134100,18.000134033203125,-0.0186200909264385,0.0359950040973722,0.0052788171857595
1721665031878177800,18.010177734375,-0.0049085956338793,0.0612030951119959,0.0032078561305999
1721665031888222000,18.020221923828124,-0.0036132220610976,0.0744572750911116,-0.0104834000915288
1721665031898266000,18.03026611328125,0.0020989450406283,0.0791841574825346,0.0017296002715826
1721665031908310000,18.04031005859375,0.0009288783479481,0.0910188260525464,-0.0051443771511316
1721665031918355000,18.05035498046875,-0.0033942455481737,0.0878043940506875,-0.0173725750833749
1721665031928398800,18.06039892578125,0.0128118430390954,0.0750688311181962,-0.0106242698669433
1721665031938443000,18.070443115234376,0.0084707450948655,0.0642994536921381,-0.0156979198694229
1721665031948487200,18.08048706054688,-0.0032174276765435,0.0481048363469541,-0.0291676422953605
1721665031958530800,18.09053076171875,-0.0192113348178565,0.0334647549673914,-0.0056815527677536
1721665031968575000,18.100574951171875,-0.0314425284247845,0.0194688167102634,0.0073766662478446
1721665031978619000,18.11061889648437,-0.040048078880459,0.0047846039280295,-0.0140700264066457
1721665031988663000,18.1206630859375,-0.0407300697952508,-0.0007514028891921,-0.0335603242963552
1721665031998707000,18.13070703125,-0.0336742329996079,-0.0029649872854351,-0.0219780230522155
1721665032008750800,18.140750732421875,-0.0135115888062864,-0.0066740709364414,-0.0001999064862728
1721665032018795000,18.150794921875,0.0029882950957864,-0.0186896490313112,-0.0011146832436323
1721665032028839000,18.1608388671875,0.005996756196767,-0.0329515447482466,-0.0141775784343481
1721665032038883000,18.170883056640623,0.0047604924000799,-0.0357391296401619,-0.0255249018788337
1721665032048927000,18.18092700195313,-0.0212450326025486,-0.0388933558873832,-0.017148703199625
1721665032058971000,18.190970947265622,-0.0290161780606955,-0.0337106925524771,-0.1144616609603166
1721665032069015000,18.20101513671875,-0.0264515882696956,-0.0216670574069023,-0.1518038418829441
1721665032079059000,18.211058837890626,-0.0156153561525046,-0.0354430693030357,-0.0799053113639354
1721665032089103000,18.22110302734375,0.0275591111201792,-0.0470730090811848,0.1338777245700359
1721665032099147000,18.23114697265625,0.0854085849553346,-0.0510799066349864,0.0769032069385051
1721665032109191000,18.24119091796875,0.1139507888287305,-0.0518282407842576,-0.0618815788954496
1721665032119235000,18.251235107421877,0.0898806158028543,-0.0512383120670914,-0.1841056905508041
1721665032129279000,18.261279052734373,0.0468862543374299,-0.0705056148558855,-0.2411082652330398
1721665032139323000,18.27132299804688,0.0101779874041676,-0.0637000264942646,-0.1668038426160812
1721665032149368000,18.2813681640625,-0.0148334119945764,-0.0432969976738095,-0.0429717112421989
1721665032159412000,18.291411865234377,-0.0156046886280179,-0.008024170371145,0.0412450335800647
1721665032169456000,18.3014560546875,0.003780760647729,0.0288256969898939,0.0504413164705038
1721665032179499800,18.311499755859376,0.0231118493877351,0.0795947841100394,0.0393219565629959
1721665032189544000,18.3215439453125,0.0171175043437629,0.1256290977932512,0.0419821156829595
1721665032199588000,18.331588134765624,-0.0156807495389133,0.1556825830124318,0.0509299767702817
1721665032209632000,18.341632080078124,-0.0442224419556558,0.1663150361858308,0.0288841491788625
1721665032219676000,18.351676025390624,-0.0547519462112337,0.1613666199982166,0.0202151050329208
1721665032229719800,18.3617197265625,-0.0458368914149701,0.1463815245732665,-0.0031996728241443
1721665032239764000,18.371763916015624,-0.0299213102068752,0.1071900625221431,-0.0099158293366432
1721665032249808100,18.38180810546875,-0.0123655605763196,0.0530605590581893,-0.0012397709280252
1721665032259852000,18.39185205078125,-0.0042070232357829,0.003013794863224,0.0230798468142747
1721665032269896000,18.40189599609375,0.0010465133782476,-0.0342620428249239,0.0341074367851018
1721665032279939800,18.41193994140625,-0.0007690846763551,-0.0708284170694649,0.028674305820465
1721665032289984000,18.42198388671875,-0.0134795862328261,-0.0848382377214729,0.0072971712708473
1721665032300028000,18.43202783203125,-0.0010775661036372,-0.098057200256735,0.003338204512
1721665032310072000,18.44207202148437,-0.0007188888590782,-0.1086056284084916,0.0013052373796701
1721665032320116000,18.452115966796875,0.0080131375204771,-0.1125226557217538,-0.0257429285436868
1721665032330159900,18.46215991210937,0.02309343694821,-0.0973415993332862,-0.0412298360109329
1721665032340204000,18.4722041015625,0.0168303579654544,-0.0764101627245545,-0.0323182152807712
1721665032350248000,18.482248046875,-0.0010156067833304,-0.0600201689377427,-0.0165542444378137
1721665032360291800,18.492291748046878,-0.0141959908738732,-0.024225363587588,0.0066956982463598
1721665032370335000,18.5023349609375,-0.022919833946973,0.0095322368465363,-0.0326584070205688
1721665032380379100,18.512379150390625,-0.0311267404738813,0.0408462435208261,-0.0108078097403049
1721665032390423300,18.52242333984375,-0.0646810734208673,0.0787754305511713,0.1309019236296415
1721665032400467200,18.53246728515625,-0.0610486352026462,0.087147829838097,0.0323480258971452
1721665032410512100,18.54251220703125,-0.0345540845740586,0.0596926905490457,-0.108351069125533
1721665032420556300,18.552556396484373,0.000902501797676,0.0326373642325401,-0.2277577852725982
1721665032430600200,18.56260009765625,0.0182157479092478,-0.0067275546893477,-0.1799392185211181
1721665032440644400,18.572644287109377,0.0168109226126223,-0.0280621652714908,-0.0258878899723291
1721665032450688000,18.58268798828125,0.0220832369923591,-0.0187310039550065,0.0136485861241817
1721665032460732200,18.592732177734376,0.0219233702555298,-0.0165077749475836,-0.0115752869814634
1721665032470776300,18.6027763671875,0.0300620338518172,0.0118131873905658,-0.0269745161652565
1721665032480820200,18.6128203125,0.0325831498272717,0.0342214185535907,-0.0317301862597465
1721665032490864400,18.622864501953124,0.0202661045677959,0.0564287203170359,-0.0396715006530284
1721665032500908000,18.632907958984376,0.0178127200663089,0.0711987116865813,-0.0424807128548622
1721665032510952200,18.6429521484375,0.0123605190750211,0.0817671597130596,-0.0092062197625637
1721665032520996400,18.652996337890624,0.0007928308781236,0.0766625300504267,0.0050806642651557
1721665032531040300,18.663040283203124,0.0067350073434412,0.0615191753238439,0.02290215215981
1721665032541084400,18.67308447265625,0.0069604866623878,0.0424224067963659,0.038299627777934
1721665032551128000,18.683128173828123,0.0058110974315553,0.0308205240689218,0.0310755217432975
1721665032561172200,18.693172119140623,-0.0071402271434664,-0.0008379121288657,0.0016436755537986
1721665032571216100,18.703216064453127,0.0004123071279376,-0.0018143559455871,-0.0206581726253032
1721665032581260300,18.71326025390625,-0.0016792583238333,-0.0223247906632721,-0.0131225164234638
1721665032591304200,18.72330419921875,0.0021603929042816,-0.0429838400714099,-0.0057499418288469
1721665032601348000,18.73334814453125,0.0016387071177363,-0.058960138490796,-0.0023421792119741
1721665032611392300,18.74339233398437,0.0071711337383836,-0.0766594613105058,-0.022441548910737
1721665032621436200,18.753436279296874,0.0083615125667303,-0.0813578482598066,-0.0229652805238962
1721665032631480300,18.76348022460937,-0.0060672641497105,-0.0836484434150159,-0.0272960032045841
1721665032641524200,18.773524169921878,-0.0130161334395408,-0.0806146286770701,-0.0311392346292734
1721665032651568000,18.78356811523437,-0.011706512145698,-0.0743826024197042,-0.0339303266525268
1721665032661612300,18.7936123046875,-0.0191588009130209,-0.0652726826384663,-0.0455213957250118
1721665032671657200,18.8036572265625,-0.0136668524332344,-0.044575347046554,-0.0515571687579154
1721665032681701000,18.813701171875,-0.0119596831891685,-0.0322645853973925,-0.0366892699718475
1721665032691745300,18.823745361328125,-0.0061805152658373,-0.0253913386270403,-0.0322767142266035
1721665032701789200,18.8337890625,-0.0036507775925099,-0.0069635554023087,-0.0331318697512149
1721665032711833300,18.843833251953125,-0.0065074821978807,0.0188616445973515,-0.0387643226802349
1721665032721877000,18.853876953125,0.000831774649024,0.0378628437958657,-0.041928924190998
1721665032731921200,18.863921142578125,-0.014016761849448,0.0391387089505791,-0.0495171873629093
1721665032741965300,18.87396533203125,-0.0137319535586982,0.0587877045333385,-0.0533610033094882
1721665032752009200,18.88400927734375,-0.0125876788944005,0.0540768964938819,-0.0487228221148252
1721665032762053400,18.89405346679688,-0.0142968208998441,0.0668434390865266,-0.0438309584200382
1721665032772097000,18.904096923828124,-0.0067054159227758,0.0516736347444355,-0.0456079049646854
1721665032782141200,18.91414111328125,-0.0151269150484353,0.0470616109043359,-0.0299807122439146
1721665032792185300,18.924185302734376,-0.0302234349586069,0.0431095122776925,-0.0134235451966524
1721665032802229200,18.93422924804688,-0.0396110757026821,0.0382689403787255,-0.0144967273861169
1721665032812273200,18.944273193359376,-0.0374013637639582,0.0320272695101797,-0.0091284783512353
1721665032822317000,18.954317138671875,-0.0320965353541076,0.0337615459568798,0.0179378077507019
1721665032832361200,18.964361328125,-0.0220380096111446,0.040328795517981,0.0285357741326093
1721665032842405400,18.9744052734375,-0.0149922558180987,0.0205379072465002,0.0044049569606781
1721665032852449300,18.98444921875,-0.0087598642345517,0.0040621348723769,-0.0352028308063745
1721665032862493200,18.9944931640625,-0.0074016545586287,-0.0044978959411382,-0.0480102899312973
1721665032872537000,19.004537109375,-0.0078774553768336,-0.0128650345310568,-0.1085118126451969
1721665032882581200,19.014581298828126,-0.0052728258363902,-0.0146688690826296,-0.1528618265032768
1721665032892625400,19.02462548828125,-0.0052714375969022,-0.0393257559552788,-0.0875146173238754
1721665032902669300,19.03466943359375,0.0123524818990379,-0.0742854256555438,0.1574234353303909
1721665032912713200,19.044713134765622,0.0567909777581691,-0.0820246416054666,0.2117185046195983
1721665032922757000,19.05475708007813,0.0905703516326844,-0.0847903069265186,-0.0048398412466049
1721665032932801300,19.06480126953125,0.0815396345674991,-0.0721729635462164,-0.1163549273610115
1721665032942845200,19.07484521484375,0.0289247003849595,-0.0620293168030679,-0.2185989117830991
1721665032952889000,19.08488916015625,-0.0067265317760407,-0.0617988690480589,-0.2275853513151407
1721665032962934300,19.094934326171877,-0.0339550227023661,-0.0688585783012211,-0.1357762516677379
1721665032972978200,19.104978271484374,-0.0442884198639541,-0.0443032521069049,-0.0202010765075683
1721665032983022300,19.115022216796877,-0.033728009013459,0.0001245031625032,0.0540343725264072
1721665032993066200,19.125066162109373,-0.0012064531803131,0.0438274512887001,0.0818120217680931
1721665033003110100,19.135110107421877,0.0153490333665162,0.0802241680547595,0.0689016867905855
1721665033013154300,19.145154296875,0.0143784347686916,0.1127642093926668,0.0494569816082716
1721665033023198200,19.1551982421875,0.0092851302176713,0.1376525669336319,-0.002055178964138
1721665033033242000,19.1652421875,-0.0033160657454282,0.147319536075741,-0.0446545497626066
1721665033043286300,19.175286376953125,-0.0181717626370489,0.1413027600042521,-0.0586363133639097
1721665033053330200,19.185330078125,-0.0184134624384343,0.1112533664382994,-0.0512947184294462
1721665033063374300,19.195374267578124,-0.0104404377326369,0.0680557374857366,-0.0011333879441022
1721665033073418200,19.205418212890624,-0.0140236299816519,0.0263539000488817,0.0236234521716833
1721665033083462100,19.215462158203124,-0.0089344170838594,-0.018678835376352,0.0340367096364498
1721665033093506000,19.225506103515624,-0.002184796693176,-0.0433456591211259,0.0244885445684194
1721665033103550200,19.23555029296875,-0.011297566018626,-0.0733221335813403,0.0133931500583887
1721665033113594400,19.245594482421875,-0.0042499855946749,-0.085408731085807,-0.0034229601860046
1721665033123638300,19.25563818359375,-0.0027638386901468,-0.0860531664691865,-0.0133808750987052
1721665033133682200,19.26568212890625,0.0080261431325227,-0.0982763959653675,-0.0104354692965745
1721665033143726000,19.27572607421875,0.0133343325432389,-0.0828026402406394,-0.0262105460554361
1721665033153770200,19.285770263671875,0.02047061416395,-0.063453065995872,-0.0134095166712999
1721665033163814400,19.295814453125,0.0054000324126333,-0.0480262181527912,0.0029565117180347
1721665033173858000,19.305858154296875,8.97971753031e-05,-0.0229060976825654,0.0092792849987745
1721665033183902200,19.31590209960937,-0.0157884476970881,-0.0090162501484155,0.00516600446105
1721665033193946000,19.325946044921874,-0.0090762367073446,0.0221288296997547,-0.0765595080673694
1721665033203990300,19.335990234375,-0.013600874524936,0.0523078409947454,-0.0184457572728395
1721665033214034400,19.34603442382813,-0.0458476320046931,0.0777094087548554,0.1026671782702207
1721665033224078000,19.356078125,-0.0411099359583109,0.0751521254874765,0.0368038362622261
1721665033234122200,19.36612231445313,-0.0027414807278662,0.0475559702925384,-0.1145838260352611
1721665033244166100,19.376166259765625,0.0213861215736716,0.0041527357652783,-0.2049947493225336
1721665033254210300,19.386210205078125,0.0188100605405867,-0.0203697110727429,-0.1063449900001287
1721665033264254200,19.396254150390625,0.0080095573239028,-0.0418666726097464,0.0290969151467084
1721665033274298000,19.406298095703125,0.0030864947732537,-0.0305243176013231,-0.0052075055152177
1721665033284342300,19.41634228515625,-0.0050119829431176,-0.0187941323190927,-0.0480412695914506
1721665033294387200,19.42638720703125,-0.0018348872769623,0.0014506371997296,-0.045537762337923
1721665033304431000,19.43643115234375,0.0013220423839986,0.0365948696866631,-0.0254249486356973
1721665033314475300,19.44647534179688,-0.0008214724507182,0.0529245115883648,-0.0198076932758092
1721665033324519200,19.456519287109376,-0.0077031217232346,0.071190966771543,-0.0198252289324998
1721665033334563300,19.46656323242188,-0.000467179120332,0.0686919895626604,-0.0118377373099327
1721665033344607200,19.476607177734376,-0.0030099224057048,0.0650803749367594,0.0069715925782918
1721665033354651100,19.48665112304688,-0.0001799596767872,0.0536475651659071,0.0217325238585472
1721665033364695800,19.49669580078125,-0.0079104077983647,0.0361909650608897,0.0357061041533946
1721665033374739700,19.50673974609375,-0.0095429774362593,0.0242819160804152,0.0166845928192138
1721665033384784000,19.51678393554688,-0.0034372809723019,0.0141699796497821,0.0030453590452671
1721665033394827500,19.52682763671875,-0.0014020488176494,-0.0048166065014898,-0.0259609552085399
1721665033404871700,19.53687158203125,0.0085367960684001,-0.0258617326177656,-0.026160277172923
1721665033414915800,19.54691577148437,0.0072136577058583,-0.0345592722058296,-0.0070557637304067
1721665033424959700,19.556959716796875,0.0158683810655027,-0.0460096176333725,-0.009686696755886
1721665033435003600,19.56700366210937,0.0109283673800528,-0.0456821392446756,-0.0174964937239885
1721665033445047600,19.577047607421875,0.0033472646012902,-0.0603966010347008,-0.0231084883868694
1721665033455091700,19.587091796875,-0.006063976214081,-0.0677893416345119,-0.0099088150739669
1721665033465135900,19.597135986328126,-0.0190209998775273,-0.0580453617334365,-0.0233580792337656
1721665033475179800,19.6071796875,-0.006418854066357,-0.0573093025438487,-0.0405295787870883
1721665033485223700,19.6172236328125,0.0031432664617896,-0.0416257034607231,-0.0518494297027587
1721665033495267600,19.627267578125,0.0024099106859415,-0.0259954420000314,-0.0603244125813245
1721665033505311700,19.63731176757813,0.0063078679725527,-0.0192506439149379,-0.0594686725348234
1721665033515356000,19.64735595703125,0.0024621523298323,0.0041166415385901,-0.0377829104274511
1721665033525399800,19.65739990234375,-0.0027793285202234,0.0160074242100119,-0.0216653038412332
1721665033535443700,19.667443603515625,0.0065915072195231,0.0229971369668841,-0.0127998603403568
1721665033545487600,19.677487548828125,0.0086135145664215,0.0305883227482438,-0.0167652568399906
1721665033555531800,19.68753173828125,0.0056807490501552,0.0367518138140439,-0.0364092839866876
1721665033565575700,19.69757568359375,0.0014850509259849,0.0435983187079429,-0.0473696539402008
1721665033575619600,19.70761962890625,0.0015863193433731,0.0404597284212708,-0.0500374118447303
1721665033585663700,19.717663818359377,0.0014375585224479,0.0379696651712059,-0.03869885622859
1721665033595707600,19.72770776367188,-0.0012394056018441,0.0298506561234593,-0.0371136328637599
1721665033605751800,19.737751708984376,-0.0156528386186808,0.0203404849782586,-0.0150327339589595
1721665033615795700,19.74779565429688,-0.0228708802387118,0.0156358144186437,-0.0033487259060144
1721665033625839600,19.757839599609376,-0.0188373138736933,0.0145519647046923,0.0070429042488336
1721665033635883800,19.7678837890625,-0.0134336281992495,0.0187118608631193,0.0097895726084709
1721665033645927700,19.777927734375,0.0006304799232631,0.0172945414111018,0.0068394906312227
1721665033655971800,19.787971923828124,0.004086100269854,0.0231026431679725,0.0014402619361877
1721665033666015700,19.798015625,0.0040201954267919,0.0199159759558737,-0.0186491708904504
1721665033676059600,19.8080595703125,-0.004690861229971,0.0075146134138107,-0.0412584775835275
1721665033686103800,19.818103759765624,-0.0222813168477267,0.0054489130556583,-0.0409042573183774
1721665033696148700,19.828148681640624,-0.0261884072888642,0.0054417526625096,-0.0843991156518459
1721665033706192600,19.838192626953123,-0.0217372000336647,-0.0092304774209856,-0.129429512989521
1721665033716236800,19.84823681640625,-0.0094357176695019,-0.0225369721092283,-0.0758306092709302
1721665033726280700,19.85828076171875,0.014568842774257,-0.0513838580176234,0.1481418122440576
1721665033736324900,19.868324951171875,0.0444572005596011,-0.0620287322811782,0.1636065078794956
1721665033746368800,19.87836865234375,0.0718958271052688,-0.0643853784099221,-0.0330582199931144
1721665033756412700,19.88841259765625,0.0509386715333908,-0.0415652054451406,-0.1189291617631912
1721665033766456600,19.89845654296875,0.0138920394912362,-0.0397526030652225,-0.1919634183138608
1721665033776500700,19.908500732421874,-0.0167919987164437,-0.0637589170746505,-0.2320247950673103
1721665033786545000,19.918544921875,-0.050752282115817,-0.0688923344403505,-0.1424380476444959
1721665033796588500,19.928588623046878,-0.0586091330960392,-0.0461024104833602,-0.0249520704269409
1721665033806632700,19.9386328125,-0.0386521675426512,-0.0126643973924219,0.0294867912471294
1721665033816676600,19.948676513671877,0.0110088122051209,0.0242519593335688,0.0534773231655359
1721665033826720800,19.958720703125,0.0357347457259893,0.0760179485365748,0.0425806660979986
1721665033836765000,19.968764892578125,0.0334668738592416,0.1289199560321867,0.034258243432641
1721665033846808600,19.97880859375,0.0054328387036919,0.1512625746130943,0.0095844054251909
1721665033856852700,19.988852783203125,-0.011238967699185,0.1692794389493763,-0.0192418760865926
1721665033866896600,19.998896728515625,-0.0174340960122644,0.1489073897890746,-0.0383528192698955
1721665033876940800,20.00894091796875,-0.0228170311596244,0.1001730233669281,-0.0119797761291265
1721665033886984700,20.018984619140625,-0.0201841984380036,0.0484343605622649,0.0201566528439521
1721665033897028600,20.029028564453125,-0.0143126760561019,-0.0020398352645337,0.0188479083329439
1721665033907072800,20.03907275390625,-0.0137068921826779,-0.0382901292972266,0.011896774020791
1721665033917116700,20.04911669921875,-0.0221101980645209,-0.0810549197904765,0.0166641345530748
1721665033927160800,20.05916088867188,-0.0235585702419281,-0.0933165816009044,0.021229250511527
1721665033937204500,20.06920458984375,-0.0222385006193071,-0.1084521914124488,0.0189835174113512
1721665033947248600,20.07924853515625,-0.0080742931231856,-0.1165560028910636,0.0001321019470691
1721665033957292800,20.089292724609376,0.0067640142422169,-0.1134377247400581,-0.0233265150517225
1721665033967336700,20.099336669921875,0.0213598180886358,-0.0892436330735683,-0.0286129310220479
1721665033977380900,20.109380859375,0.0214277687583118,-0.061462038309127,-0.0391617975652217
1721665033987424500,20.119424560546875,0.0141856886755675,-0.0427216820038855,-0.0271159704625606
1721665033997468700,20.12946875,0.0132046417489647,-0.0017991583764553,-0.0143190327316522
1721665034007512800,20.139512939453127,-0.0004422638747841,0.0357009895868599,-0.0023877719193696
1721665034017556700,20.149556640625,-0.0002989829465746,0.0624723843954503,-0.0160866269260644
1721665034027600600,20.1596005859375,0.0063227732807397,0.0813163472056388,-0.0777343970656394
1721665034037644500,20.16964453125,-0.0082883012000471,0.096297643238306,0.0530178889602422
1721665034047688700,20.17968872070313,-0.0299506824318319,0.0949864145092666,0.04030278429389
1721665034057732900,20.18973291015625,0.005554857648164,0.0479950923621654,-0.1242401276528835
1721665034067776800,20.19977685546875,0.0367552478801459,-0.0075958619564771,-0.1469634161144495
1721665034077820700,20.209820556640626,0.0269464591145515,-0.0476705365829169,-0.0608276859283447
1721665034087864600,20.21986450195313,0.0074148063011467,-0.0615823036879301,-0.0163455701231956
1721665034097908700,20.22990869140625,-0.0041908027533441,-0.0511643700480461,-0.0622241087228059
1721665034107953000,20.239952880859374,-0.0042450902238488,-0.0273605928733944,-0.0916074395954608
1721665034117996800,20.249996826171877,-0.0086132223054766,0.0019331600196659,-0.0724158323913812
1721665034128040700,20.260040771484373,-0.0111827074673026,0.0332294849067926,-0.0379781407386064
1721665034138084600,20.27008471679688,-0.0036526772886514,0.0612860972203314,-0.0090291096299886
1721665034148128800,20.280128662109377,0.0058708647947758,0.0854680600576102,0.0065840545654296
1721665034158172700,20.29017260742188,0.0144958506032824,0.0833814630419015,0.0060936406999826
1721665034168216800,20.300216796875,0.0067578767623752,0.0714968178503215,0.024360534274578
1721665034178261800,20.31026171875,-0.0031769495356827,0.0563645690396428,0.0317073899060487
1721665034188305700,20.3203056640625,-4.42775331437e-05,0.0462618388287723,0.0267798703759908
1721665034198349800,20.330349853515624,0.0013161971651017,0.0288595992594957,0.0275227976977825
1721665034208393700,20.340393798828124,-0.0091551471624523,0.0086586688823997,0.0128764327079057
1721665034218437600,20.350437744140624,-0.000721592272818,-0.0113743575818836,-0.0071557169735431
1721665034228481800,20.360481689453124,-0.0041256285626441,-0.0363552157118916,-0.0143055887281894
1721665034238525700,20.370525634765624,-0.005256459223479,-0.0517057834483683,-0.0104962595731019
1721665034248569600,20.380569580078124,-0.009801043850556,-0.0614772358782589,-0.0082043492436408
1721665034258613800,20.39061376953125,-0.0094697660695761,-0.0719505529671907,-0.0192833771407604
1721665034268657700,20.40065771484375,-0.0140231915902346,-0.0780370332740247,-0.0235533095449209
1721665034278701800,20.410701904296875,-0.0085529434856027,-0.0769134360715746,-0.0450742364794015
1721665034288745700,20.42074584960937,-0.0075507076404988,-0.0643418315291404,-0.0477501776903867
1721665034298789600,20.43078955078125,-0.0133705729003995,-0.0574278143569827,-0.0356406377017498
1721665034308833500,20.44083349609375,-0.0083119012713432,-0.034333792886883,-0.0151198277205228
1721665034318877700,20.450877685546875,-0.0096687957730144,-0.0112815647318959,-0.0268856688380241
1721665034328921900,20.460921875,-0.0060443216655403,0.0101031686022877,-0.0304126739203929
1721665034338965800,20.4709658203125,0.0012481734301894,0.0302779416248202,-0.0319335998773574
1721665034349009700,20.481009765625,0.0047959290396422,0.0322147549062967,-0.0319569807529449
1721665034359053600,20.491053466796878,-0.0027002719346433,0.0277086756587028,-0.0321206468820571
1721665034369096700,20.5010966796875,-0.0024727467890828,0.0267412919312715,-0.0382674790740013
1721665034379140900,20.511140869140625,-0.0118682785786688,0.0360965647757053,-0.0265565830141305
1721665034389185000,20.52118505859375,-0.0019072218608111,0.0373585475355386,-0.0318938523888587
1721665034399229000,20.53122900390625,-0.0024535306319594,0.0432747858420014,-0.0296235693693161
1721665034409272800,20.54127294921875,-0.0064906771935522,0.0364012468107044,-0.0124234282433986
1721665034419316700,20.551316650390625,-0.0132415396932512,0.0382861837744712,-0.0019464578926563
1721665034429361000,20.56136083984375,-0.0092703710399568,0.0329622122727334,-0.0162549692302942
1721665034439404800,20.57140478515625,-0.0061761313516646,0.0207006965927779,-0.0088566756725311
1721665034449448700,20.58144873046875,-0.0054086541105061,0.0146788059547543,-0.0260077169597148
1721665034459492900,20.59149291992188,0.0049102761343121,0.0067962360113859,-0.0256897370517253
1721665034469536800,20.601536865234376,0.0091859806921333,-0.0131046885058283,-0.0301291808038949
1721665034479581000,20.61158081054688,0.0048643911659717,-0.0155325001746416,-0.0434463430166244
1721665034489624800,20.621624755859376,-0.0085680679894983,-0.0232017196282744,-0.0388204367816448
1721665034499668700,20.63166870117188,-0.0111966629274189,-0.0147176766604185,0.0013052373796701
1721665034509713000,20.641712890625,-0.0049061844810843,-0.0106207627356052,0.0122843120336532
1721665034519756800,20.6517568359375,0.0051075522720813,-0.0234301215566694,0.0066758245021104
1721665034529801000,20.661801025390623,0.0067790656808763,-0.0032892508037388,-0.0065887307405471
1721665034539844900,20.671844970703123,0.0128846890795975,-0.0037416707463562,-0.0267564895004034
1721665034549888800,20.681888671875,0.0005872983686625,0.0014402619361877,-0.0555389318704605
1721665034559933000,20.691932861328127,-0.010494213746488,0.0157961195468902,-0.0812666628450155
1721665034569976800,20.701976806640623,-0.0239329565122723,0.0138600369177758,-0.0718827484279871
1721665034580021000,20.71202099609375,-0.0276527076877653,0.0237830266475677,-0.0754763890057802
1721665034590064600,20.722064697265623,-0.0157572488412261,0.0151373633772134,-0.1108627596855163
1721665034600108800,20.73210888671875,-0.0132256114717572,0.0115966220304369,-0.0158791216552257
1721665034610153000,20.742153076171878,0.0112560649644583,-0.0204576816171407,0.060036243289709
1721665034620196900,20.75219677734375,0.0563001255013048,-0.0487099626332521,0.1595364819616079
1721665034630241000,20.762240966796877,0.0849544114470481,-0.0526661529131233,0.0354389776498079
1721665034640284700,20.77228466796875,0.0584044773694127,-0.0599636164449155,-0.0556084899753332
1721665034650328800,20.782328857421877,0.0074375295896083,-0.0588094779737293,-0.1116805058091878
1721665034660372700,20.792372802734373,-0.0075523150756955,-0.0810870684944093,-0.2016810947299003
1721665034670417000,20.8024169921875,-0.0259146318487823,-0.0786957894437015,-0.172373167181015
1721665034680461000,20.8124609375,-0.0391315485574305,-0.0587688537023961,-0.0446475354999303
1721665034690504700,20.82250463867188,-0.0246019418150186,-0.004646510631591,0.0572942511051893
1721665034700548900,20.832548828125,0.0072165803153067,0.0331570041924715,0.0712614016592502
1721665034710592800,20.8425927734375,0.0241048790130764,0.0770097360529005,0.0505108745753765
1721665034720637000,20.852636962890625,0.0162646869067102,0.1183218435198068,0.0260182383537292
1721665034730680800,20.862680908203124,-0.0106332568909972,0.1472686826713383,0.0164694887638092
1721665034740724700,20.872724853515624,-0.0370703782439231,0.1596352661609649,-0.0009036708414554
1721665034750769000,20.882768798828124,-0.0352215355068445,0.1530044498443603,-0.0162923786312341
1721665034760812800,20.892812744140624,-0.0345804611243307,0.1425480838902294,-0.011857611054182
1721665034770857000,20.90285693359375,-0.0203927996873855,0.095788524672389,-0.0032955344140529
1721665034780900900,20.91290087890625,-0.0236726250756531,0.0398104707323014,0.0022486557096242
1721665034790944800,20.92294482421875,-0.0269039351470768,-0.0054383916616439,-0.0046393502384424
1721665034800989000,20.932989013671875,-0.0333098566666245,-0.0536330982491373,-0.0009621230304241
1721665034811032800,20.94303271484375,-0.0425954252757132,-0.0728166682772338,-0.0066968672901391
1721665034821077000,20.953076904296875,-0.0351546808157116,-0.1133699202008545,-0.0038087446331977
1721665034831120600,20.96312060546875,-0.0170889358364045,-0.1252187634266912,-0.008013795107603
1721665034841164800,20.973164794921875,0.0040152269907295,-0.1249107203908264,-0.0330079511106014
1721665034851209000,20.983208984375,0.0130857646096497,-0.1116423657558858,-0.0533294391274452
1721665034861252900,20.9932529296875,0.0170694274183362,-0.0932258345775306,-0.0477770656973123
1721665034871296800,21.003296875,0.0034456104092299,-0.0641810880094766,-0.0352332259446382
1721665034881340700,21.013340576171878,-0.0056911243136972,-0.0333417131096124,-0.0127367319762706
1721665034891384800,21.023384765625,-0.0012527765400707,-0.0005298690930008,0.0015133271723985
1721665034901429000,21.03342895507813,0.0003894377090036,0.0300642988741397,0.013724573969841
1721665034911473000,21.043472900390626,0.0047451487004756,0.0681273414172232,-0.0286012405842542
1721665034921516800,21.053516845703125,0.0009554740939289,0.0918107070825993,0.0456359620153903
1721665034931560700,21.063560791015625,-0.0099715050466358,0.0975732161320745,0.0267605811536312
1721665034941604900,21.07360498046875,-0.0008991407968103,0.0601931874170899,-0.0871077900886535
1721665034951649000,21.08364892578125,0.0229646960020065,0.0160670454427599,-0.0706739571601152
1721665034961693000,21.09369287109375,0.035917628012225,-0.009074994598329,-0.0200134449809789
1721665034971736800,21.10373681640625,0.0219817493792623,-0.0363043623074889,-0.010889642804861
1721665034981780700,21.11378076171875,0.0114072369381785,-0.0398749142706394,-0.0592161590784788
1721665034991825000,21.12382495117188,0.0099786654397845,-0.0155037124715745,-0.0824292768836021
1721665035001868800,21.133868896484376,0.0108292909197509,0.0140652041010558,-0.0740858114302158
1721665035011913700,21.143913818359376,0.0068185939736664,0.0387606694184243,-0.0248889420628547
1721665035021958000,21.1539580078125,-0.0113128366529941,0.0636377749130129,-0.0063701195538043
1721665035032001800,21.164001708984376,-0.0032527181856334,0.081053020094335,-0.0186754743754863
1721665035042046000,21.1740458984375,0.0036231589332222,0.0762470811173319,-0.0224310275167226
1721665035052089900,21.18408984375,0.0049679246056824,0.0760102036215364,-0.0059656304061412
1721665035062133800,21.1941337890625,0.002365706218034,0.0572610794879496,0.0155962130606174
1721665035072178000,21.204177978515624,0.0047797816224396,0.0396674089998006,0.0237625683814287
1721665035082221800,21.214221923828124,-0.0072714523077011,0.01511120602265,0.0205009362369775
1721665035092265700,21.224265625,-0.0048666561882942,-0.0046555707208812,0.0184001645654439
1721665035102310000,21.234309814453123,-0.0007307984925806,-0.0167334003970026,-0.0031190088033676
1721665035112353800,21.244353759765627,-0.0016104308713227,-0.034659225448966,-0.0306020590126514
1721665035122398000,21.25439794921875,-0.0065678340829908,-0.0530048833481967,-0.0283604175657033
1721665035132441900,21.26444189453125,-0.0064195116534829,-0.0501088696457445,-0.0231248549997806
1721665035142485800,21.27448583984375,0.0057500879593193,-0.0535965656310319,-0.0182388365238904
1721665035152530000,21.284530029296874,-0.0045271951008588,-0.0547983426362276,-0.0188192667603492
1721665035162573800,21.29457373046875,-0.0117461135037243,-0.0542801639810204,-0.0270440742701292
1721665035172618000,21.304617919921878,-0.0161186294995248,-0.0469423684388399,-0.0459328991353511
1721665035182662000,21.31466186523437,-0.013902049428597,-0.0526532934315502,-0.0502718051224947
1721665035192705800,21.324705810546877,-0.0105878103140741,-0.0401382413819432,-0.0438356345951557
1721665035202749700,21.334749755859374,-0.0140817899096757,-0.0347806598715484,-0.0379699574321508
1721665035212793900,21.3447939453125,-0.0093815032642334,-0.0146148008078336,-0.0246276607781648
1721665035222838000,21.354838134765625,-8.96510448306e-05,-0.0007201309680938,-0.0141471832960844
1721665035232881700,21.364881591796877,0.0033304595969617,0.0161216982394456,-0.013569675669074
1721665035242925800,21.37492578125,-0.0025463965471833,0.0324880188897252,-0.0262689982444047
1721665035252969700,21.3849697265625,-0.0043843525640666,0.0395253701806068,-0.0238075765669345
1721665035263014000,21.395013916015625,-0.0001304214466363,0.0544561050698161,-0.0246095405995845
1721665035273058000,21.40505810546875,-0.0014819821860641,0.0547040884815156,-0.009843348622322
1721665035283101700,21.415101806640624,-0.0014417963061481,0.0536480035573244,-0.0143383219540119
1721665035293145900,21.425145751953124,-0.004841960138455,0.0544555205479264,-0.0173421799451112
1721665035303189800,21.435189697265624,-0.0013797639206051,0.0655507689274847,-0.0306786313802003
1721665035313234000,21.44523388671875,0.0046701837681233,0.054736821707338,-0.0297813902795314
1721665035323277800,21.45527783203125,-0.0056149172723293,0.0431892995156347,-0.0224339501261711
1721665035333321700,21.46532177734375,-0.0174146606594324,0.0228454535365104,-0.0213993463814258
1721665035343366000,21.475365966796875,-0.022192031129077,0.0135233523093163,-0.0103559743195772
1721665035353409800,21.485409912109372,-0.0156866678230464,-0.0038530221663415,-0.0075794953435659
1721665035363454000,21.495453857421875,-0.017823825982213,-0.0148847037903964,-0.0113742114514112
1721665035373497900,21.50549780273437,-0.0191420689739286,-0.0218742704167962,-0.0021972177833318
1721665035383542000,21.5155419921875,-0.0012360446009784,-0.0297356514416635,0.0090074823200702
1721665035393586000,21.5255859375,-0.0039500528000295,-0.0374471026018261,0.0047866497546434
1721665035403630000,21.535630126953127,-0.0021720833420753,-0.0263021698616445,-0.014498480951786
1721665035413674000,21.545674072265623,0.0076312985960394,-0.0243964823707938,-0.0355406844586133
1721665035423718000,21.5557177734375,0.0115261140774935,-0.0210176535874605,-0.0510726001113653
1721665035433762000,21.565761962890623,0.0052235798671841,-0.0185392807751893,-0.0581178424477577
1721665035443806000,21.57580590820313,-0.0012613251727074,-0.017850860119611,-0.0533358688682317
1721665035453850000,21.58585009765625,-0.0007291179921478,-0.0260908651985228,-0.0602256283819675
1721665035463894000,21.59589404296875,-0.0075811027787625,-0.0021209376767277,-0.0298076937645673
1721665035473938000,21.60593798828125,-0.0115087976165115,0.0037840485833585,-0.0151338562458753
1721665035483981800,21.61598193359375,-0.006520049418509,0.0101199736066162,0.008090367475152
1721665035494026000,21.62602587890625,0.0030216128434985,0.0116442605644464,0.021826047360897
1721665035504070100,21.636070068359373,0.0114312023356556,0.026308599602431,0.0040758711367845
1721665035514113800,21.64611376953125,0.0049316842485219,0.0374558704301714,-0.0177501762241125
1721665035524158000,21.656157958984377,0.0024834873788058,0.0279642578549683,-0.0571662408113479
1721665035534201900,21.66620190429688,-0.0117513011354953,0.0305814546160399,-0.0635404520183801
1721665035544246000,21.67624609375,-0.019783362552151,0.0330814547382295,-0.0662789370715618
1721665035554290200,21.686290283203125,-0.0218546158682554,0.0246013572931289,-0.1094452941030263
1721665035564333800,21.696333740234376,-0.0203062904477119,0.0119260001152753,-0.024780220991373
1721665035574378000,21.7063779296875,-0.0138945237092673,-0.0062415247380733,0.033937340915203
1721665035584422000,21.716421875,0.0280644302938133,-0.0257905670776963,0.1550666430711746
1721665035594466000,21.726466064453124,0.0761314188484102,-0.0349254751697182,0.1215764614015817
1721665035604510000,21.736510009765624,0.0825972538616508,-0.0525920647636055,-0.0001338555127382
1721665035614553900,21.746553955078124,0.0370455360636115,-0.0615359803281724,-0.0948404301673173
1721665035624598000,21.756597900390624,0.0079799659032374,-0.0677700524121522,-0.1855161418706178
1721665035634642000,21.766641845703123,-0.0135626614063978,-0.0744412007391452,-0.153376205766201
1721665035644686000,21.77668603515625,-0.0230683755721896,-0.057490650460124,-0.0510386978417634
1721665035654730000,21.78672998046875,-0.0065361237704753,-0.0216929225005209,0.0514823499560356
1721665035664774000,21.79677392578125,0.0192921449691057,0.0232874982155859,0.0713648620337247
1721665035674818000,21.80681811523437,0.0366083136901259,0.04613075979501,0.0442740260124206
1721665035684862000,21.816862060546875,0.0135110042843967,0.0893184518754482,0.032799861317873
1721665035694906000,21.82690600585937,-0.0160450528066605,0.1233846798673272,0.0213514155864715
1721665035704949800,21.83694970703125,-0.0359901817917823,0.138562375254929,0.0251087222933769
1721665035714994000,21.84699389648437,-0.0426193906731903,0.1480805835761129,-0.0056797992020845
1721665035725038000,21.8570380859375,-0.0393175726488232,0.127952426174283,-0.0613578472822904
1721665035735082000,21.86708203125,-0.0324726021248847,0.1038841528445482,-0.0709837537616491
1721665035745126000,21.8771259765625,-0.0375232365779578,0.0680421473518013,-0.0356798006683588
1721665035755169800,21.887169677734374,-0.0346745691485703,0.0165349552154541,-0.0102478377699851
1721665035765214000,21.8972138671875,-0.0408451475422829,-0.0264721196010708,-0.017012509599328
1721665035775258000,21.907258056640625,-0.043621553453058,-0.0498135399609804,-0.0257417594999074
1721665035785302000,21.917302001953125,-0.0429115054875612,-0.0727614309586584,-0.0451923099011182
1721665035795346000,21.927345947265625,-0.0267476486068218,-0.0886041661262512,-0.0544751020312309
1721665035805389800,21.937389892578125,0.0061886255070567,-0.0977683003127574,-0.0378939695864915
1721665035815434000,21.94743408203125,0.0129956751734018,-0.1090454811304807,-0.0425812506198883
1721665035825478100,21.95747802734375,0.0190738260433077,-0.1017693526476621,-0.0338455709785222
1721665035835522000,21.96752197265625,0.0218255359042435,-0.0780868637651205,-0.013323591953516
1721665035845566000,21.97756591796875,0.0226383866570889,-0.0630137977957725,0.0209381586104631
1721665035855609900,21.98760986328125,0.0053070203669369,-0.0394829923436045,0.0470645335137844
1721665035865654000,21.997654052734376,0.0044633360844105,-0.000474485643953,0.033377953466773
1721665035875698000,22.00769799804688,0.017363588059321,0.0236271054334938,-0.0159235453188419
1721665035885741800,22.017741943359376,-0.0017960896365344,0.0528467701770365,0.0837660784453153
1721665035895786000,22.027785888671875,-0.0354771177031099,0.0866590234078466,0.0779828188687562
1721665035905830000,22.03782983398437,-0.0254555629696697,0.0765159611865878,-0.0896715030968189
1721665035915874000,22.0478740234375,0.0074791767742484,0.0491319874376058,-0.1104395658373832
1721665035925918000,22.05791796875,0.0194453627694398,0.0253738029703497,-0.0344733474880456
1721665035935961900,22.0679619140625,0.0276510271873325,0.0148189450778067,0.0359065951615572
1721665035946006000,22.078006103515627,0.0192810390532016,0.0003780395321547,-0.0022813889354467
1721665035956050000,22.0880498046875,0.0323510215718299,-0.0016572656877338,-0.0769715959995985
1721665035966094000,22.098093994140623,0.0271307296402752,0.0120139706596732,-0.1026017118185758
1721665035976138000,22.10813793945313,0.0217530551899224,0.026962241205573,-0.0646089580327272
1721665035986182000,22.118181884765622,0.0035478286746889,0.0350317120231688,-0.0191688108503818
1721665035996226000,22.12822607421875,-0.0012749883718788,0.0364721200898289,-0.0192740247905254
1721665036006270000,22.13827001953125,-0.0024754502028226,0.0450989325292408,-0.0229670340895652
1721665036016314000,22.14831420898437,0.0012374328404664,0.0444449986651539,-0.0299316124051809
1721665036026358000,22.15835791015625,-0.0106777536198496,0.037820319828391,-0.0076759414553642
1721665036036402000,22.16840185546875,-0.009258315275982,0.0405338165707886,-0.0020505027890205
1721665036046446000,22.178446044921877,-0.0059829468671232,0.0275900177150964,-0.0166337394148111
1721665036056490000,22.188489990234373,-0.0051062370978295,0.0192993053622543,-0.0072895724862813
1721665036066534100,22.1985341796875,-0.0038839287612587,0.0076205580063164,-0.0124310270279645
1721665036076577800,22.208577880859377,-0.005607537683472,-0.0013255495153367,-0.0257370833247899
1721665036086622000,22.2186220703125,-0.0017349340338259,-0.0133497493080794,-0.0282692321509122
1721665036096665900,22.228665771484376,-0.0058160658676177,-0.0269917595610022,0.0032955344140529
1721665036106710000,22.2387099609375,0.0022207447893917,-0.0283291456446051,0.0113256961345672
1721665036116754200,22.248754150390624,0.0050561143457889,-0.0360965647757053,-0.004343582162261
1721665036126797800,22.2587978515625,-0.0067168871648609,-0.0410692386217415,-0.0013490765213966
1721665036136842000,22.268842041015624,-0.0194378370501101,-0.0441210274077951,-0.0190045601993799
1721665036146886000,22.278885986328124,-0.0218471632141619,-0.0370079805321991,-0.0253296715676784
1721665036156930000,22.288929931640624,-0.0197242527760565,-0.0364712433069944,-0.0263958394944667
1721665036166974000,22.298973876953124,-0.0166192724980413,-0.030241847398132,-0.031902620217204
1721665036177017000,22.30901708984375,-0.0075754767555743,-0.0235594470247626,-0.0282388370126485
1721665036187061000,22.31906103515625,0.0040668841127306,-0.0069622402280569,-0.0210106393247842
1721665036197106000,22.32910595703125,0.010585691422224,0.0023836802661418,-0.0179635267138481
1721665036207149000,22.339149169921875,0.0113147363491356,-0.0013889701403677,-0.0200146140247583
1721665036217193000,22.34919287109375,0.0081011811301112,0.0098633684970438,-0.0299842193752527
1721665036227236900,22.35923681640625,0.0051819326825439,0.0195754919551312,-0.0167442140519618
1721665036237281000,22.36928100585937,0.0039341245785355,0.0318444602891802,-0.0187239896923303
1721665036247325000,22.379324951171878,0.0037801030606031,0.0339322263486683,-0.022480711877346
1721665036257369000,22.389369140625,0.0087162442885339,0.0452628909192979,-0.03026888153553
1721665036267413000,22.3994130859375,-0.001318389122188,0.0478226584047079,-0.0175251352965831
1721665036277457000,22.409456787109374,-0.007650587818399,0.0437600851409137,-0.0260012872189283
1721665036287500800,22.419500732421877,-0.0104854459181427,0.045362405771017,-0.0283487271279096
1721665036297545000,22.429544921875,-0.0169503310833126,0.0307918824963271,-0.0236684603571891
1721665036307589000,22.439589111328125,-0.0178086284130811,0.0299734057202935,-0.0249842191308736
1721665036317633000,22.449633056640625,-0.0210582778587937,0.0086586688823997,-0.0161310505896806
1721665036327677000,22.459677001953125,-0.0230581464391201,-0.0051635202430188,-0.005686228942871
1721665036337720800,22.469720947265625,-0.0225957165591418,-0.0105301618427038,0.0052986909300088
1721665036347765000,22.479764892578125,-0.0160110774718225,-0.0198733058579266,-0.0036480011135339
1721665036357809200,22.48980908203125,-0.0055961395066231,-0.0181849143795669,0.0030815994024276
1721665036367853000,22.49985302734375,-0.0011394523587077,-0.0169460202343761,0.0028846155256032
1721665036377897200,22.50989721679688,0.0066625266291201,-0.009965659827739,-0.0088110829651355
1721665036387941400,22.51994140625,0.0140395582031458,-0.0145196698702871,-0.0239098678976297
1721665036397985300,22.5299853515625,0.0161691175777465,-0.0123055009521543,-0.0252379016309976
1721665036408029400,22.540029541015624,0.0191719526555389,-0.0076363400973379,-0.0245183551847934
1721665036418073000,22.550072998046875,0.0240451847150921,0.0034733751989901,-0.0402495928019285
1721665036428117200,22.5601171875,0.0184416656196117,0.0147002871342003,-0.0472527495622634
1721665036438161400,22.570161376953124,0.0046140696667134,0.0101722883157432,-0.0327864173144102
1721665036448205300,22.580205322265623,-0.0051595747202634,0.0215206346735358,-0.004921674311161
1721665036458249200,22.590249267578123,-0.0110215986214578,0.0326056539200246,0.0047404725253582
1721665036468293000,22.600293212890627,-0.0027206571355462,0.0449846584998071,0.0030839374899864
1721665036478337300,22.610337158203127,0.0073405720211565,0.0412253059662878,-0.0111976858407258
1721665036488381200,22.620381103515623,0.0167838884752243,0.0409803912945091,-0.0373538713604211
1721665036498425300,22.63042529296875,0.0207507462795823,0.0285695302717387,-0.0376379489988088
1721665036508469200,22.64046923828125,0.0136584499310702,0.0117475748084485,-0.0575239682078361
1721665036518513200,22.65051318359375,0.0007796060703694,0.0031321605458855,-0.0458569112896919
1721665036528557300,22.660557373046878,-0.0223477331474423,0.011556436150521,-0.0508960745006799
1721665036538601200,22.67060131835937,-0.0274136382348835,0.0023567922592163,-0.0825672240495681
1721665036548645400,22.680645263671877,-0.0351100379563868,-0.004740764786303,-0.0271416894257068
1721665036558689300,22.690689208984374,-0.0175562610872089,-0.0219309690400958,-0.0065478142082691
1721665036568733200,22.700733154296877,0.0377017349500209,-0.0239161515079438,0.1125689790815114
1721665036578777300,22.71077734375,0.0844558142751455,-0.0320597104750573,0.0730196435034275
1721665036588821200,22.7208212890625,0.0769427352312952,-0.0607050824619829,-0.0412391883611679
1721665036598865200,22.730865234375,0.0361382850255817,-0.0804169141478836,-0.1770417435139417
1721665036608909300,22.740909423828125,-8.43172825872e-05,-0.0943333574280142,-0.2051806272834539
1721665036618953200,22.750953125,-0.0296763955350965,-0.0815542476147413,-0.0985246716380119
1721665036628997400,22.760997314453125,-0.0262025088794529,-0.0557483368374407,0.0523386745244264
1721665036639041300,22.771041259765624,-0.0019801409665495,-0.0226813490159809,0.1028834513694047
1721665036649085200,22.781085205078124,0.0332848683558404,0.0202713652648031,0.0719043757379055
1721665036659129000,22.791129150390624,0.0436192153654992,0.0618592209331691,0.011516250270605
1721665036669173200,22.80117333984375,0.0240408008009195,0.1076568032510578,0.0169131408780813
1721665036679217400,22.81121752929688,-0.0202061910741031,0.1443940040178596,0.0340945773035287
1721665036689261300,22.82126123046875,-0.0483669944144785,0.1593107103817164,0.0088099139213562
1721665036699305200,22.83130517578125,-0.050394627784565,0.1704255402445793,-0.0417202498763799
1721665036709349000,22.84134912109375,-0.0247197229757905,0.1522498320847749,-0.066933017066121
1721665036719393300,22.851393310546875,-0.0147021868303418,0.1238704175576567,-0.0410679234474897
1721665036729437400,22.8614375,-0.015460896243155,0.0739803052291274,-0.0133060562968254
1721665036739481000,22.871481201171875,-0.0283026960290968,0.0276511002525687,-0.0105891985535621
1721665036749525200,22.88152514648437,-0.0243786544531583,-0.0187611068323254,-0.0214461081326007
1721665036759569200,22.891569091796875,-0.0292057823486626,-0.0488232137493789,-0.0260270061820745
1721665036769613300,22.90161328125,-0.0315461349297314,-0.0801991797439753,-0.0421469508558511
1721665036779657500,22.91165747070313,-0.0296261266525834,-0.1003567093707621,-0.0247954185605049
1721665036789701000,22.921701171875,-0.0104438717987388,-0.121821229942888,-0.0138648592233657
1721665036799745300,22.93174536132813,9.3231241405e-05,-0.1339528356328606,-0.0094803605288267
1721665036809789200,22.9417890625,0.0140649849053472,-0.1156241288684308,-0.0167126498699188
1721665036819833300,22.95183325195313,0.0152786715440452,-0.0918557152681052,-0.0142062200069427
1721665036829877500,22.96187744140625,0.009784750302881,-0.0631156507350504,-0.0020914193212985
1721665036839921200,22.971921142578125,-0.0045255876656621,-0.0223182147920131,0.0155588036596775
1721665036849965300,22.98196533203125,0.0021305092226713,0.0182671858355402,-0.0005400982260704
1721665036860009200,22.99200927734375,0.0116647188305854,0.0415481081798672,-0.0115320323616266
1721665036870053400,23.002053466796877,-0.0088905779421329,0.0792936092063784,0.1150888529479503
1721665036880097000,23.012096923828125,-0.0256498434327542,0.0837894593209028,0.0663210226476192
1721665036890141200,23.02214111328125,0.0004284545451402,0.0735256933294236,-0.1088321306407451
1721665036900185300,23.032185302734376,0.0203581667654216,0.0417642351485788,-0.1429389829039573
1721665036910229200,23.04222924804688,0.0249113000251352,0.0162026545211672,-0.0159229607969522
1721665036920273400,23.0522734375,0.0156049808889627,-0.0015570201836526,0.0714683224081993
1721665036930317000,23.06231713867188,0.0249509744483977,-0.0238268657892942,0.0052700493574142
1721665036940361200,23.072361328125,0.0221630972955375,-0.0148185066863894,-0.0669762716859579
1721665036950405400,23.0824052734375,0.0211762782152742,0.0062780573561787,-0.0723626408994197
1721665036960449300,23.09244921875,0.0184510910350829,0.0121586398273706,-0.0315063143759965
1721665036970493400,23.102493408203124,0.0092452365987002,0.0260777134560048,-0.0044774376749992
1721665036980537000,23.112537109375,0.0040593583934009,0.0360750835962593,-0.0104962595731019
1721665036990581200,23.122581298828123,0.0029188831213861,0.0536902352638542,-0.018304887497425
1721665037000624000,23.1326240234375,0.0024202128842473,0.0485455658517777,-0.0057061026871204
1721665037010668300,23.142668212890623,-0.0025367519360035,0.0379858856536447,-0.0092237554192543
1721665037020712400,23.15271240234375,-1.12520463764e-05,0.0308418591178953,-0.0085936408221721
1721665037030756400,23.16275634765625,-0.0051124476429075,0.0244318459451198,-0.0052788171857595
1721665037040800300,23.17280029296875,-0.0039497605390846,0.0099528003461658,-0.0080833532124757
1721665037050844200,23.18284423828125,-0.0001578939754515,-0.0002098433583974,-0.0344710094004869
1721665037060888300,23.19288842773437,-0.0117300391517579,-0.0097587390787899,-0.0389659827321767
1721665037070932200,23.20293212890625,-0.0070377896822988,-0.0207690856538712,-0.0168780695647001
1721665037080976100,23.21297607421875,0.0059320934627205,-0.0269867911249399,0.0004103343665599
1721665037091020300,23.223020263671877,0.0148670950684696,-0.0285226223900914,-0.0214560450047254
1721665037101064200,23.233064208984374,9.65922422707e-05,-0.0291917538233101,-0.0320072496354579
1721665037111108400,23.2431083984375,-0.0122382078696042,-0.0365586293295025,-0.0122650228112936
1721665037121152300,23.25315234375,-0.019453765271604,-0.0393367157407104,-0.0183101481944322
1721665037131196200,23.26319604492188,-0.031305823367834,-0.0390966233745217,-0.0160895495355129
1721665037141240300,23.273240234375,-0.0217654762800782,-0.0316818170733749,-0.0271194775938987
1721665037151284200,23.2832841796875,-0.0185842889606952,-0.0200267428539693,-0.038424715462327
1721665037161328400,23.293328369140625,0.0009717676416039,-0.0189186354815959,-0.0408832145303487
1721665037171372300,23.303372314453124,0.0036685324449092,-0.0110750823743641,-0.0385252532273531
1721665037181416200,23.313416259765624,0.0120459001678973,0.0001283025547862,-0.0248147077828645
1721665037191460400,23.32346044921875,0.0067468439117074,0.0135318278767168,-0.0242629191190004
1721665037201504300,23.333504150390624,0.0099005587022751,0.0207175015971064,-0.0183218386322259
1721665037211548400,23.34354833984375,0.0044957770492881,0.0346112946540117,-0.0232727390378713
1721665037221592000,23.353592041015624,-0.0035997780576348,0.0492703729949891,-0.0217401226431131
1721665037231636200,23.36363623046875,-0.0139836632974445,0.0436113243199884,-0.0227279646366834
1721665037241680100,23.37368017578125,-0.0019464578926563,0.0425669298335909,-0.0268646260499954
1721665037251724300,23.38372436523437,-0.003474032786116,0.0385901351571083,-0.014841595301032
1721665037261768400,23.3937685546875,-0.0112752080563455,0.0268685715727508,-0.0128600660949945
1721665037271812000,23.40381201171875,-0.0157796798687428,0.0226695124477148,-0.013588380369544
1721665037281856300,23.413856201171875,-0.0218202021420001,0.0137523387596011,-0.0102694650799036
1721665037291900200,23.42390014648437,-0.0253962339978665,0.0135813661068677,-0.0096650694459676
1721665037301944300,23.4339443359375,-0.0275836610395461,0.0036915479943156,0.0094838676601648
1721665037311988500,23.443988525390623,-0.0303098711330443,-0.0086539927072823,0.009744564422965
1721665037322032000,23.4540322265625,-0.020817162579298,-0.0149283968016505,-0.0057370823472738
1721665037332076300,23.464076171875,-0.0124366530511528,-0.0185411804713308,-0.0056833063334226
1721665037342120200,23.4741201171875,0.002657163445279,-0.0258687468804419,-0.0175602066099643
1721665037352164400,23.484164306640626,0.0095386665873229,-0.0265785025849938,-0.0133072253406047
1721665037362208300,23.494208251953125,0.0207866213105618,-0.0323455416791141,-0.0241530290037393
1721665037372252200,23.504252197265625,0.0277550720836967,-0.0252393629357218,-0.0443155270665884
1721665037382296300,23.51429638671875,0.0234779062211513,-0.0250210440099239,-0.0439484473198652
1721665037392340500,23.524340576171877,0.0130771429117768,-0.0258642168357968,-0.0210673379480838
1721665037402384400,23.53438427734375,0.0001270604457706,0.0019350597158074,0.0072568392604589
1721665037412428300,23.54442822265625,-0.001952595372498,0.0159252988845109,0.0056856444209814
1721665037422472200,23.55447216796875,0.0108599052537232,0.0235835585527122,-0.0262158067524433
1721665037432516400,23.56451635742188,0.0165222418643534,0.0361854121029376,-0.0340220965892076
1721665037442560500,23.574560546875,0.0155112381909042,0.0365836176402866,-0.0427256275266408
1721665037452604400,23.5846044921875,0.0087836835015565,0.028320085555315,-0.0459527728796005
1721665037462648300,23.5946484375,0.0012067454412579,0.011092033509165,-0.0484556956112384
1721665037472692200,23.60469213867188,-0.0111548696123063,0.0091167879134416,-0.0150993694543838
1721665037482736400,23.614736328125,-0.0314142521783709,0.0036465398088097,-0.0419242480158805
1721665037492780500,23.624780517578124,-0.0285980987790972,0.0114823480010032,-0.1080225678235292
1721665037502823400,23.634823486328123,-0.0257133371230214,0.016481909853965,-0.094585578623414
1721665037512867300,23.644867431640623,-0.0035134880136698,-0.014812807597965,0.0372913275182247
1721665037522911200,23.6549111328125,0.0392781174212694,-0.0177031222119927,0.1711462557345628
1721665037532955400,23.664955322265627,0.0725862935874611,-0.0181390294112265,0.0507300702840089
1721665037542999300,23.674999267578126,0.0644626083645969,-0.0446712086364626,-0.0916278978615999
1721665037553043500,23.68504345703125,0.0274313200220465,-0.0461032872661948,-0.2207441071182489
1721665037563087000,23.69508715820313,-0.0102795480825006,-0.0586646626755595,-0.1754383999705314
1721665037573131300,23.70513134765625,-0.0249128343950957,-0.0620668723344802,-0.0393295553475618
1721665037583175400,23.71517553710937,-0.0283287072531878,-0.0431779013387858,0.071148004412651
1721665037593219300,23.72521923828125,0.0003977671459317,-0.0058892041690647,0.0820394007831811
1721665037603263500,23.73526342773437,0.0238731891490519,0.02807297892645,0.0333949046015739
1721665037613307100,23.74530712890625,0.0358291460111737,0.0743557144127786,0.0188268655449151
1721665037623351300,23.755351318359374,0.0051315176695585,0.1026664476178586,0.021365444111824
1721665037633395500,23.7653955078125,-0.0322327289544045,0.1351193951942026,0.0280804315805435
1721665037643439400,23.775439453125,-0.0388980320625007,0.1604506741970777,0.0044447044491767
1721665037653483300,23.78548315429688,-0.0366636240739375,0.1625688353948295,-0.0357318231165409
1721665037663527200,23.795527099609377,-0.0186294432766735,0.1426798935763537,-0.0660854603260755
1721665037673571300,23.8055712890625,-0.0081729311920702,0.1028323057040572,-0.0399859734296798
1721665037683615500,23.815615478515625,-0.0046319706495851,0.0436494643732905,-0.0116886842280626
1721665037693659400,23.825659423828125,-0.0175814685937017,-0.0079623571813106,-0.0130319155305624
1721665037703703300,23.835703369140624,-0.0359068143572658,-0.0524912347376346,-0.0167909758031368
1721665037713747200,23.845747314453124,-0.0451462788023054,-0.0928929493613541,-0.0422749611496925
1721665037723791400,23.855791259765624,-0.040747093995288,-0.1199208031490445,-0.0391577059119939
1721665037733835500,23.86583544921875,-0.0259963918481022,-0.1397217744231224,-0.0318003288865089
1721665037743879400,23.87587939453125,-0.0104859573747962,-0.1395046245411038,-0.0163426475137472
1721665037753923300,23.88592333984375,0.0030718086607754,-0.1471681449063122,-0.0154939217299222
1721665037763967200,23.89596728515625,0.0095648239418864,-0.125592272914201,-0.0188519999861717
1721665037774011400,23.90601147460937,0.0131171826612204,-0.0809152190588414,-0.0149812960326671
1721665037784055300,23.91605517578125,0.0075352908756583,-0.0315988149650394,0.0131844757437705
1721665037794099500,23.92609936523437,-0.0046770519003272,0.0033184768982231,0.0220376442849636
1721665037804143400,23.936143310546875,0.0009759323600679,0.0386585242182016,-0.0201022923082113
1721665037814187300,23.94618725585937,-0.0017556114956736,0.0771335085630416,0.0500765748113393
1721665037824231400,23.9562314453125,-0.017365999212116,0.1063483510009944,0.1350134506016969
1721665037834275300,23.966275390625,-0.0278295986246317,0.1042047631010413,0.0435094713807105
1721665037844319200,23.9763193359375,0.007451631180197,0.0723344377182424,-0.1148082824409008
1721665037854363400,23.98636328125,0.030251199748367,0.0319737857572734,-0.1587163977503776
1721665037864407300,23.9964072265625,0.0300268164079636,0.0032848668895661,-0.0128518827885389
1721665037874451500,24.006451416015626,0.027081118344888,-0.0062615446127951,0.07838613897264
1721665037884495400,24.01649536132813,0.0275639334257692,-0.0180060506813228,0.0201841253727674
1721665037894539300,24.026539306640625,0.0395894483927637,-0.00584668020159,-0.0461567710191011
1721665037904582100,24.03658203125,0.0253167390208691,0.0180656719140708,-0.0618979455083608
1721665037914626300,24.046626220703125,0.0063860477752983,0.0474960567988455,-0.0383785382330417
1721665037924670500,24.05667041015625,0.0012735270671546,0.0598018500119447,-0.0197644386559724
1721665037934714400,24.06671435546875,0.0036592531599104,0.0655817485876381,-0.0219242470383644
1721665037944758500,24.07675854492188,-0.0057200581472367,0.0751046330839395,-0.0252367325872182
1721665037954802200,24.08680224609375,-0.0030157676246017,0.069996350159496,-0.0290039761662483
1721665037964846300,24.09684643554688,0.0044121904190629,0.0642656975530087,-0.0278209038615226
1721665037974890200,24.10689013671875,0.0021891075421124,0.0410229152619838,-0.005734744259715
1721665037984934400,24.11693432617188,-0.0045288025360554,0.0137624217621982,-0.0091074355632066
1721665037994978300,24.126978271484376,-0.0035744974859058,-0.0039474224515259,-0.0237976396948099
1721665038005022200,24.13702221679688,-0.0011993658524006,-0.0187479550898075,-0.0412900417655706
1721665038015066400,24.14706640625,-0.0008719605289399,-0.0328447233729064,-0.0349544090032577
1721665038025110300,24.1571103515625,0.0008701338980346,-0.0377186130195856,-0.0187198980391025
1721665038035154400,24.167154541015623,0.008660495513305,-0.0418055900722742,-0.0270908360213041
1721665038045198300,24.1771982421875,0.0085395725473761,-0.0608754705928266,-0.0198041861444711
1721665038055242200,24.1872421875,-0.0108141664158552,-0.0653866644069552,-0.0127384855419397
1721665038065286400,24.197286376953127,-0.0234469996262341,-0.0543804094851017,-0.0150999539762735
1721665038075330300,24.207330322265623,-0.0314480813827365,-0.0637527795948088,-0.0195996034830808
1721665038085374500,24.21737451171875,-0.0304109203547239,-0.0615669599883258,-0.0243944365441799
1721665038095418400,24.22741845703125,-0.0145864514961838,-0.0433422981202602,-0.0216518598377704
1721665038105462300,24.23746215820313,-0.0103679570183157,-0.0304145736165344,-0.0330891996532678
1721665038115506400,24.24750634765625,-0.0026385318100452,-0.0178102358482778,-0.0268657950937747
1721665038125550300,24.25755029296875,0.0032023762378841,-0.0152487147971987,-0.0037450317472219
1721665038135594200,24.26759423828125,0.0049460781000554,-0.0063693889014422,-0.0024573300242424
1721665038145638100,24.27763818359375,0.0028885610483586,0.0058773676007986,-0.0116384153455495
1721665038155682300,24.287682373046877,-0.0042067309748381,0.0320439283840358,-0.0056464814543724
1721665038165726500,24.2977265625,-0.0031222236737608,0.0519479216411709,-0.007691139024496
1721665038175770400,24.307770263671877,-0.0082304335329681,0.0451931866839528,-0.0134936878234148
1721665038185814300,24.317814208984377,-0.0118674748610705,0.0617825024351477,-0.0133136550813913
1721665038195858200,24.32785815429688,-0.0096508947901427,0.0612296908579766,-0.0116483522176742
1721665038205902300,24.33790234375,-0.0144357179138809,0.0649938656970858,-0.0135895494133234
1721665038215946500,24.347946533203125,-0.0245716197419911,0.0471720855414867,-0.0014215572357177
1721665038225990400,24.357990478515624,-0.0193202750850468,0.0401145682454109,0.0027811551511287
1721665038236034300,24.368034423828124,-0.0261534821059554,0.0362127385012805,-0.0141167881578207
1721665038246078200,24.378078125,-0.0238977390684187,0.0257255390174686,-0.0262152222305536
1721665038256121300,24.388121337890624,-0.0202712191343307,0.0056884208999574,-0.0164595518916845
1721665038266165200,24.398165283203124,-0.0161924984533339,-0.00185556473881,-0.0275309810042381
1721665038276209400,24.40820947265625,-0.0047511400498449,-0.0108595399275422,-0.0262654911130666
1721665038286253600,24.41825366210937,0.0087790803916752,-0.025579408545047,-0.043150574940443
1721665038296297200,24.428297119140623,0.0119423667281866,-0.027650515730679,-0.0563087471991777
1721665038306341400,24.43834130859375,0.0082411010574549,-0.0279614813759922,-0.0421598103374242
1721665038316385300,24.44838525390625,0.0074686553802341,-0.023076485813409,-0.0131096569418907
1721665038326429400,24.45842944335937,0.0146212305486202,-0.0098278587922453,-0.0167944829344749
1721665038336473300,24.468473388671875,0.0154287475392222,0.001668079342693,-0.0271907892644405
1721665038346517200,24.47851733398437,0.0246172124493867,0.0084739599652588,-0.0471790998041629
1721665038356561400,24.4885615234375,0.0261059166371822,0.0062384559981524,-0.0399655151635408
1721665038366605300,24.49860522460937,0.0179847156323492,-0.0032439503572881,-0.0572977582365274
1721665038376653000,24.508653076171875,0.0025090602114796,-0.0097835812591016,-0.0513268671333789
1721665038386696700,24.51869677734375,-0.0193128954961895,-0.0108851127602159,-0.0112333416759967
1721665038396740900,24.528740966796875,-0.0351173444800078,-0.0063660279005765,-0.0333253464967012
1721665038406784800,24.53878466796875,-0.0269894214734435,0.0057796063147485,-0.090467621910572
1721665038416829000,24.548828857421874,-0.0132964116856455,-0.001633738681674,-0.0893909325897693
1721665038426873000,24.558873046875,0.012218407190591,-0.011703735666722,0.0618465075820684
1721665038436916700,24.568916748046878,0.063105129341036,-0.020421733520925,0.1674275274723768
1721665038446961000,24.5789609375,0.0993808500759303,-0.0188945239536464,0.0451344422340393
1721665038457004800,24.5890048828125,0.0784966136097908,-0.0422355059221386,-0.1066565401673316
1721665038467049000,24.599049072265625,0.0173559892747551,-0.0465419709444046,-0.2215922483801841
1721665038477092900,24.6090927734375,-0.0130533967100083,-0.0674665394209325,-0.161878661173582
1721665038487136800,24.61913671875,-0.0370434902369976,-0.0651554859995841,-0.0014466916769742
1721665038497181000,24.629180908203125,-0.039994010605663,-0.0434380135796964,0.1049573350340127
1721665038507224800,24.639224853515625,-0.0103556820586323,-0.0080704937309026,0.0869423703938722
1721665038517269000,24.64926904296875,0.0313385565936565,0.0377713661201298,0.0435012880742549
1721665038527313000,24.65931298828125,0.0291947494979947,0.0711029962271452,0.0179454065352678
1721665038537356800,24.669356689453124,-0.0029608956322073,0.1158583760157227,0.0249345347702503
1721665038547401000,24.67940087890625,-0.0399449838321656,0.1439474292941391,0.0223597158461809
1721665038557443800,24.68944384765625,-0.0519168689157813,0.160181501866877,-0.003847323077917
1721665038567488000,24.699488037109376,-0.0424853159647434,0.1725697126664221,-0.049694882017374
1721665038577532000,24.70953198242188,-0.0144761229895055,0.1524877324938774,-0.0770528445422649
1721665038587575800,24.719575927734372,0.0022855536539107,0.1085173656031489,-0.0474772059679031
1721665038597619700,24.72961962890625,-0.0040813510295003,0.0360800520323216,-0.0156599259465932
1721665038607663900,24.73966381835937,-0.0072688950244337,-0.0226896784529089,-0.001684007564187
1721665038617708000,24.7497080078125,-0.0153388042334467,-0.0634958822242915,-0.0275420869201421
1721665038627752000,24.759751953125,-0.0259967571742832,-0.1005510628990828,-0.031225743868947
1721665038637795800,24.7697958984375,-0.0289523921094834,-0.1186621813900768,-0.0400455946624279
1721665038647839700,24.77983984375,-0.0272334593623876,-0.1431105400785803,-0.0284556946337223
1721665038657884000,24.7898837890625,-0.0118712742533534,-0.1528603651985526,-0.0187695823997259
1721665038667928000,24.799927978515623,0.0034630730006843,-0.1424811561338603,-0.0396855291783809
1721665038677971700,24.8099716796875,0.003061287266761,-0.1218428572528064,-0.0281727860391139
1721665038688016000,24.820015869140622,-0.0010729629937559,-0.0971251801036298,-0.0310492182582616
1721665038698059800,24.83005981445313,-0.003430047513917,-0.0514485938169062,-0.0128109662562608
1721665038708104000,24.84010400390625,-0.0119504039041697,-0.0075631287306547,0.0035188217759132
1721665038718148000,24.850148193359374,-0.0093514734521508,0.03538841650635,-0.0378963076740503
1721665038728191700,24.860191650390625,-0.0047807314705103,0.0794233730658888,0.0231570037037134
1721665038738236000,24.87023583984375,-0.0222971720039844,0.1104626544520258,0.123413029178977
1721665038748279800,24.88027978515625,-0.0210150963041931,0.1045189436167478,0.0419505515009164
1721665038758324000,24.890323974609377,0.0137131027277559,0.0778415107019245,-0.1253016194045543
1721665038768367900,24.90036791992188,0.0234947112254798,0.0369311159037053,-0.1520078400224447
1721665038778411800,24.910411865234376,0.0243481131844222,0.0136013859815895,0.0227191968083381
1721665038788456000,24.9204560546875,0.0300873144235461,0.0073307812795042,0.1031745432704687
1721665038798499800,24.930499755859376,0.0403886359464377,0.0053149114124476,0.0195294608563184
1721665038808544000,24.9405439453125,0.0443934876736253,0.0066341773174703,-0.043169279640913
1721665038818588000,24.950587890625,0.0334263957183808,0.0295570800043642,-0.055780339410901
1721665038828631800,24.9606318359375,0.0164997377716004,0.047542672419548,-0.0154600194603204
1721665038838676000,24.970676025390624,0.0092762162588536,0.0594571282275021,0.0043973581761121
1721665038848720000,24.980719970703124,0.0076778411515057,0.0758371851421892,0.0012380173623561
1721665038858763000,24.990762939453123,0.0005339607462286,0.0745771020784974,0.0030418519139289
1721665038868807000,25.000806884765623,0.002066284880042,0.0635340222775936,-0.007006663891673
1721665038878850800,25.010850830078127,0.0020114859528839,0.0485036264061927,-0.0115437227994203
1721665038888894700,25.020894775390627,0.0066490095604211,0.0211848268479108,-0.0126589905649423
1721665038898939000,25.03093896484375,0.009764657362923,-0.0002798398546874,-0.015593290451169
1721665038908983000,25.040983154296875,0.0003941869493573,-0.021961218047887,-0.0328553908973932
1721665038919027000,25.05102685546875,-0.0031429011356085,-0.0381182798616588,-0.0496007739931345
1721665038929070800,25.06107080078125,-0.0022739362813532,-0.0480554442472755,-0.0432826768875122
1721665038939114800,25.07111474609375,0.0057469461541622,-0.0569359391868114,-0.0236719674885272
1721665038949159000,25.081158935546878,0.0063653703134506,-0.0641185441672801,-0.0270002351284027
1721665038959202800,25.09120288085937,0.0028208295743912,-0.0621954671502113,-0.0347153395503759
1721665038969247000,25.1012470703125,-0.0058209612384438,-0.0644189884185791,-0.0348462724536657
1721665038979291000,25.111290771484374,-0.0207796070478856,-0.0580513530828058,-0.0384434201627969
1721665038989334800,25.121334716796877,-0.01846117403768,-0.0506913457088172,-0.0349935719698667
1721665038999379000,25.13137890625,-0.0206585379514843,-0.0490631599850952,-0.0333335298031568
1721665039009422800,25.1414228515625,-0.0205729785598814,-0.0479689350076019,-0.0342108971595764
1721665039019466800,25.151466796875,-0.0136914023526012,-0.0320937588751316,-0.0404056601464748
1721665039029511000,25.161510986328125,-0.0070944883055984,-0.0164876089423894,-0.0425303972154855
1721665039039554800,25.171554931640625,0.0020735183384269,0.0032950960226356,-0.0277227041840553
1721665039049599000,25.181598876953124,0.0054937751106917,0.0186735746793448,-0.0091670567959547
1721665039059643000,25.191642822265624,-0.003114990215376,0.0324533859677612,0.0027829087167978
1721665039069686800,25.201686767578124,-0.0088940120082348,0.049874768628925,-0.0017214169651269
1721665039079731000,25.21173095703125,-0.0117734399020671,0.0513506864003837,0.0046761751174926
1721665039089774800,25.22177490234375,-0.0085993399105966,0.0676627926453947,0.002457914546132
1721665039099819000,25.23181909179688,-0.0093053692881017,0.0756833097547292,0.0007259761869907
1721665039109863000,25.24186279296875,-0.0126850017890334,0.0622946897409856,-0.007573650124669
1721665039119906800,25.25190673828125,-0.009967413393408,0.0630266572773456,-0.0103249946594238
1721665039129949700,25.26194970703125,-0.007723360793665,0.0488840040259063,-0.0015425532668828
1721665039139993900,25.27199389648437,-0.0234765910468995,0.0362939870439469,0.0007867664635181
1721665039150037800,25.282037841796875,-0.0230125537317246,0.0253552444003522,0.0058966568231582
1721665039160082000,25.29208203125,-0.0204373694814741,0.0086775197133421,-0.0017500585377216
1721665039170126000,25.3021259765625,-0.0282275849662721,-0.0021131927616894,-0.025845219874382
1721665039180169700,25.31216967773437,-0.0166154000405222,-0.0053903147362172,-0.0184779059767723
1721665039190214000,25.3222138671875,-0.0257794611617922,-0.0128686877928674,0.0142173259228467
1721665039200257800,25.3322578125,-0.0168505970358848,-0.0040076282061636,-0.0076718498021364
1721665039210302000,25.34230200195313,0.0029668869815766,-0.0079858841873705,-0.0150689743161201
1721665039220345900,25.352345947265626,0.0176359752599149,-0.0108295831806957,-0.0350596229434013
1721665039230389800,25.3623896484375,0.0219996503621339,-0.0196484110608696,-0.0527139375776052
1721665039240434000,25.372433837890625,0.0229226834911853,-0.0357118032418191,-0.0775438429296016
1721665039250477800,25.382477783203125,0.020555150642246,-0.0452563150480389,-0.0759434219956397
1721665039260522000,25.39252197265625,3.1198855862e-05,-0.0399012177556753,-0.0195335525095462
1721665039270566000,25.40256591796875,-0.0186849728561937,-0.0418226873375475,-0.0572188477814197
1721665039280609800,25.41260986328125,-0.0163449856013059,-0.0283133635535836,-0.1173304943948984
1721665039290654000,25.422654052734377,-0.0239906049836426,-0.0268536662645637,-0.0988368063271045
1721665039300697900,25.43269775390625,-0.0033949031352996,-0.0459643171869218,0.0677548548430204
1721665039310742000,25.442741943359376,0.0529518379867076,-0.0186028475306928,0.1340022277325391
1721665039320786000,25.45278588867188,0.0908943959552794,-0.0055395139485597,0.0262538006752729
1721665039330829800,25.462829833984376,0.0738091133806854,-0.0096446111798286,-0.1059586210310459
1721665039340874000,25.4728740234375,0.0383850410390645,-0.0335205768078565,-0.2290203525543212
1721665039350918000,25.48291796875,0.010431816034764,-0.0543400774747133,-0.1715776328891515
1721665039360961800,25.4929619140625,-0.0055247547708451,-0.0404721495114266,-0.0117471364170312
1721665039371001600,25.50300170898437,-0.0085826810367405,-0.0331694252826273,0.0980611457794904
1721665039381045000,25.513044921875,0.0089713880933821,-0.0030947511449456,0.1018599535405635
1721665039391088600,25.523088623046878,0.0419499669790267,0.0411857046082615,0.0603156447529792
1721665039401132800,25.5331328125,0.039882074663788,0.0938622327849268,0.0438064085006713
1721665039411176700,25.5431767578125,-0.0014067249927669,0.1317827981173992,0.0297509951412677
1721665039421220900,25.553220947265626,-0.0313815920177847,0.1691702794864773,0.0305400996923446
1721665039431264800,25.5632646484375,-0.0523105444084852,0.1894432521864771,-0.0032242227435111
1721665039441308700,25.57330859375,-0.0382114380378276,0.1959054339379072,-0.0276905554801225
1721665039451352800,25.583352783203125,-0.0183510647267103,0.1648065313190221,-0.0318739786446094
1721665039461396700,25.593396728515625,-0.0159873312700539,0.1228952889151871,-0.014283961418271
1721665039471441000,25.60344091796875,-0.008069251621887,0.0550127160392701,-0.0028939678758382
1721665039481484500,25.613484619140625,-0.0096822397764772,-0.0076513915359973,-0.0018967735320329
1721665039491528700,25.62352880859375,-0.0225173906259238,-0.055636839286983,-0.0127016606628894
1721665039501572900,25.63357275390625,-0.0234087865076959,-0.0948795931339263,-0.0310123933792114
1721665039511616800,25.64361669921875,-0.0177439656790345,-0.1160395778015255,-0.0218897602468729
1721665039521661000,25.65366088867188,-0.0048936903256922,-0.141710610152781,-0.0015542437046766
1721665039531704600,25.66370458984375,-0.0044692543685436,-0.1636843954212963,-0.0088759648948907
1721665039541748700,25.67374877929688,0.0061524582151323,-0.1631445894561707,-0.0090875618189573
1721665039551793000,25.68379296875,-0.0031702275339514,-0.1474813025087118,-0.0099146602928638
1721665039561836800,25.6938369140625,-0.0105809421818703,-0.1112115731231868,-0.0104144265085458
1721665039571880700,25.70388061523437,-0.0182603177033364,-0.0677246058352291,-0.0059667994499206
1721665039581924600,25.713924560546875,-0.0215301331542432,-0.0181401984550058,-0.0151993226975202
1721665039591968800,25.72396875,-0.0077550711061805,0.0259802444308996,-0.0547276154875755
1721665039602013000,25.734012939453127,-0.0245477274097502,0.0681646046876907,0.0490045616656541
1721665039612056800,25.744056884765627,-0.0490260428451001,0.1050320077054202,0.1243950259536504
1721665039622100000,25.754099853515623,-0.0299772051125764,0.0970826561361551,-0.01553542278409
1721665039632143600,25.7641435546875,0.0191883923336863,0.066063102363795,-0.1765174273788929
1721665039642187800,25.774187744140622,0.0314037307843565,0.0211504861868917,-0.1327735627204179
1721665039652231700,25.78423168945313,0.0258173089541494,-0.0001563596054911,0.0442740260124206
1721665039662275800,25.79427587890625,0.0287096693947911,-0.0129046358890831,0.0629056612461805
1721665039672319700,25.80431982421875,0.0322170199286192,0.0017966741584241,-0.0079793083161115
1721665039682363600,25.81436376953125,0.0276360488139092,0.0087698741719126,-0.0498357517927885
1721665039692407800,25.82440771484375,0.021494038927555,0.0385603245407342,-0.0401256741613149
1721665039702451700,25.83445166015625,0.0188254042401909,0.0633509207956492,-0.0095312139332294
1721665039712495900,25.844495849609373,0.014536621005088,0.0784711869075894,-0.0037748423635959
1721665039722539800,25.85453979492188,-0.0026345132220536,0.0910845847651362,-0.0064747489720582
1721665039732583700,25.864583740234377,0.0008528174370527,0.0980764894790947,-0.0106049806445837
1721665039742627800,25.8746279296875,0.0007042027465999,0.0928228067345917,0.0016442600756883
1721665039752671700,25.884671630859376,0.0031319413501769,0.071860536596179,0.0035877953588962
1721665039762716000,25.8947158203125,0.0041325697600841,0.0391409009076654,0.0117705172926187
1721665039772759600,25.904759521484376,0.0045738837867975,0.0161027012780308,0.001419219148159
1721665039782803700,25.9148037109375,-0.0036290772173553,0.0036471243306994,-0.014157120168209
1721665039792848000,25.924847900390624,0.0004122340627014,-0.0105443364985287,-0.0188104989320039
1721665039802891800,25.934891845703124,0.0008881810113787,-0.0365371481500566,-0.010958616387844
1721665039812936000,25.94493603515625,0.0091451372250914,-0.0558507742986083,0.005919453176856
1721665039822979600,25.9549794921875,0.0246872089456766,-0.0701879272088408,-0.0140577514469623
1721665039833023700,25.965023681640623,0.027319895536825,-0.0620073972322046,-0.0528980619728565
1721665039843067600,25.975067626953123,0.0145122902814298,-0.0779147220686078,-0.0526771126985549
1721665039853111800,25.98511181640625,-0.004678367074579,-0.0911534122176468,-0.0425473483502864
1721665039863154700,25.99515478515625,-0.017337942161411,-0.0821359930254519,-0.0333025501430034
1721665039873198800,26.00519873046875,-0.015758271754533,-0.0809168264940381,-0.0324386267900466
1721665039883242800,26.01524267578125,-0.01176817920506,-0.0524609857298433,-0.0417079749166965
1721665039893286700,26.02528662109375,-0.0153394618205726,-0.036221214068681,-0.038581367328763
1721665039903330800,26.035330810546878,-0.0121884504437446,-0.0320323840767145,-0.0398228918224573
1721665039913374700,26.04537475585937,0.0044440468620508,-0.0154829619444906,-0.0373544558823108
1721665039923419000,26.0554189453125,-0.001355798523128,0.0046634617663919,-0.0316068521410226
1721665039933462800,26.065462890625,-0.0076224577024579,0.021495061840862,-0.0258107330828905
1721665039943506700,26.075506591796877,-0.0088052377462387,0.0360081558398902,-0.0293757320880889
1721665039953550800,26.08555078125,-0.0088541183892637,0.0407088808767497,-0.0190209268122911
1721665039963594800,26.0955947265625,-0.0021548399463295,0.0518628737062215,-0.0068026657521724
1721665039973638700,26.105638671875,0.0008970949701964,0.0529154514990746,-0.013394319102168
1721665039983682800,26.115682861328125,-0.0016582155358046,0.0623141250938177,-0.020093524479866
1721665039993726700,26.125726806640625,-0.0078697835270315,0.065972647601366,-0.028517653954029
1721665040003771000,26.13577099609375,-0.0139822019927203,0.0614215601682662,0.0059229603081941
1721665040013814800,26.145814697265624,-0.0360164852768182,0.0592031534664332,0.0347550870388746
1721665040023858700,26.155858642578124,-0.0384136826116591,0.0608002133995294,0.0104728786975145
1721665040033902600,26.165902587890624,-0.0402581414345651,0.0454017148680984,0.0009229600638151
1721665040043946800,26.17594677734375,-0.0356393955927342,0.0343970673814415,0.0177297179579734
1721665040053991000,26.18599096679688,-0.0292646729290485,0.0314499080136418,0.0371919587969779
1721665040064034800,26.196034912109376,-0.0139596978999674,0.0091981825865805,0.0148766666144132
1721665040074078000,26.20607788085937,-0.0078433339115232,-0.0156844758659601,-0.0208534029364585
1721665040084121600,26.21612158203125,-0.0075884093023836,-0.0337254517301917,-0.0162678287118673
1721665040094165800,26.22616577148437,-0.0138458622619509,-0.0431800932958722,-0.0881207665234804
1721665040104209700,26.236209716796875,-0.0215290371757,-0.0385208693131804,-0.1398246502757072
1721665040114253800,26.24625390625,-0.0113397246599197,-0.0519876691296696,-0.0815197608232498
1721665040124298000,26.256298095703126,0.0107803372114896,-0.0702761900141835,0.1150099424928426
1721665040134341600,26.26634155273437,0.0696618575081229,-0.0672233783148229,0.1201905600011348
1721665040144385800,26.2763857421875,0.1031495549596846,-0.0726402887970209,-0.0285211610853672
1721665040154429700,26.2864296875,0.0818198397483676,-0.056191696690768,-0.1285959847748279
1721665040164473900,26.29647387695313,0.0324160496320575,-0.0558997280068695,-0.2043570359408855
1721665040174517800,26.306517822265626,0.007001110933721,-0.0612377280339598,-0.1945364836722612
1721665040184561700,26.31656176757813,-0.0061271045781671,-0.0467018376812338,-0.1179945112615823
1721665040194605800,26.326605712890625,-0.0253259452406316,-0.0253442846149206,-0.0120972650289535
1721665040204649700,26.336649658203125,-0.0051487610653042,0.0114956458739936,0.0280021056473255
1721665040214694000,26.34669384765625,0.009058335724473,0.0581578821972012,0.0308832140415906
1721665040224737500,26.356737548828125,0.0200590376883745,0.1006380105301737,0.0273024329453706
1721665040234781700,26.36678173828125,-9.71767641603e-05,0.1312657885059714,0.0355459451556205
1721665040244825900,26.376825927734377,-0.0203442113053053,0.1472515854060649,0.0292108969151973
1721665040254869800,26.38686987304688,-0.0334238384351134,0.1611500546380877,-0.0015343699604272
1721665040264914000,26.396913818359376,-0.0393489176351577,0.1395928873464465,-0.0259077637165784
1721665040274956800,26.406956787109376,-0.02222147641927,0.1027566101193428,-0.0124766197353601
1721665040285000700,26.41700073242188,-0.0144410516761243,0.0691068539738655,0.0021925416082143
1721665040295044600,26.427044677734376,0.000332739085704,0.0161368958085775,0.0187613990932703
1721665040305088800,26.4370888671875,-0.0007528641939163,-0.0226402863532304,0.0255611422359943
1721665040315133000,26.4471328125,-0.0075868749324232,-0.0504682044774293,0.0368009136527776
1721665040325176800,26.4571767578125,-0.0005912438914179,-0.0629800416566431,0.0399205069780349
1721665040335220700,26.467220703125,-0.0050198739886283,-0.076538903670758,0.0233984112441539
1721665040345264600,26.4772646484375,0.0051117900557816,-0.0904128229834139,0.0047118309527635
1721665040355308800,26.487308837890627,0.0220810450352728,-0.0959073287464678,-0.0051449616730213
1721665040365353000,26.49735302734375,0.0252606249194592,-0.0872149037249386,0.0032411738783121
1721665040375397000,26.507397216796875,0.0237258896328508,-0.0778404877886176,0.0031184242814779
1721665040385441300,26.51744116210937,0.0101494188968092,-0.0544772939883172,0.0040635961771011
1721665040395485200,26.527485107421874,-0.0016090426318347,-0.0282777077183127,0.0092091423720121
1721665040405529300,26.537529296875,-0.0088325641445815,-0.0048697979934513,-0.0182493579179048
1721665040415573200,26.5475732421875,-0.0139025608852505,0.0217415839478373,-0.0602595306515693
1721665040425617200,26.5576171875,-0.0240123784240335,0.0629445319518446,0.0828074625462293
1721665040435661300,26.56766137695313,-0.0465130371108651,0.0753261668801307,0.0966904419481754
1721665040445705200,26.577705322265626,-0.0252153975382447,0.0573502190761268,-0.0393897611021995
1721665040455749400,26.58774926757813,0.0119737847797572,0.0368033978708088,-0.1715969221115112
1721665040465793000,26.59779296875,0.0322774448789656,0.0023177754230797,-0.2148246539413928
1721665040475836200,26.607836181640625,0.0194918322596698,-0.0267062206178903,-0.0914250687658786
1721665040485880000,26.617880126953125,0.0093244393147528,-0.0306413681097328,0.0080699092090129
1721665040495924200,26.62792431640625,0.0117772392943501,-0.0238439630545675,0.000227379015088
1721665040505968400,26.637968505859376,0.0004676175117492,-0.0031226620651781,-0.0368996978521347
1721665040516012300,26.64801220703125,-0.0004432137228548,0.0121413964316248,-0.0381640186995267
1721665040526056200,26.65805615234375,0.0008242489296942,0.0405877387151122,-0.0371294149547815
1721665040536100000,26.66810009765625,-0.0046663113106042,0.0654074149340391,-0.0291997909992933
1721665040546144300,26.678144287109376,-0.0037401363763958,0.06661795976758,-0.0363572615385055
1721665040556188200,26.68818823242188,-0.0040534401092678,0.0775919198550283,-0.0114583826035261
1721665040566232300,26.698232421875,-0.0107803372114896,0.0722686790056526,-0.0061579381078481
1721665040576276200,26.708276123046875,-0.0036904520157724,0.0613528788462281,0.0035889644026756
1721665040586320100,26.718320068359372,0.006559212385118,0.0456643113270401,0.0230412683695554
1721665040596364300,26.7283642578125,-2.85685073584e-05,0.0254858850426971,0.0244242471605539
1721665040606408200,26.738408203125,0.0160259097147732,0.0226204126089811,0.0041483518511056
1721665040616452000,26.7484521484375,0.0101703886196017,0.0108807288460433,-0.0121399351269006
1721665040626496300,26.758496337890627,0.0162844875857234,-0.0059913493692874,-0.0029570962399244
1721665040636540200,26.7685400390625,0.0185774208284914,-0.0231967511922121,-0.0083487261503934
1721665040646584300,26.778584228515623,0.01763356410712,-0.0395223014406859,0.0014069441884756
1721665040656628200,26.78862817382813,0.0096099051926285,-0.054246407841891,-0.0022463176220655
1721665040666672000,26.798672119140623,-0.0046368660204112,-0.062555094242841,-0.0276455472946167
1721665040676715000,26.808715087890626,-0.0074437401346862,-0.0779229053750634,-0.0235305131912231
1721665040686759200,26.81875927734375,-0.0164554602384567,-0.070211892606318,-0.0265840555429458
1721665040696803300,26.82880322265625,-0.0147285633806139,-0.0553958701379597,-0.0276198283314704
1721665040706847200,26.83884716796875,-0.0113956926308572,-0.0451725822873413,-0.0374649305194616
1721665040716891400,26.848891357421877,-0.0045135319016873,-0.0347229383349418,-0.0459627097517251
1721665040726935000,26.85893505859375,0.0074133449964225,-0.0238515618391335,-0.0315747034370899
1721665040736979200,26.86897924804688,0.0099997082278132,-0.0098627839751541,-0.0404307945877313
1721665040747023000,26.879023193359377,0.0081016195215284,0.0008645078748464,-0.0336795667618513
1721665040757067300,26.8890673828125,-0.0040218028619885,0.0055414136447012,-0.0567693504482507
1721665040767111400,26.899111328125,-0.0128844698838889,0.0076000997401773,-0.0626426263958215
1721665040777155000,26.90915502929688,-0.0096668960768729,0.0138243810825049,-0.0504442390799522
1721665040787199200,26.91919921875,-0.0100840985756367,0.0310045023337006,-0.0426572384655475
1721665040797243100,26.9292431640625,-0.009321735901013,0.0193856684714555,-0.0444663337141275
1721665040807287300,26.939287353515624,-0.0139778180785477,0.0326264044471085,-0.028379706788063
1721665040817331200,26.949331298828124,-0.0181764388121664,0.0298971256136894,0.0038911622196435
1721665040827375000,26.959375,-0.0338455709785222,0.0455915383517742,-0.0016810849547386
1721665040837419300,26.969419189453124,-0.0368020096313208,0.046040305032581,-0.0052431613504886
1721665040847463200,26.979463134765624,-0.027037790659815,0.0376825187928974,-0.003211363261938
1721665040857507300,26.98950732421875,-0.0217933872003108,0.0277286955334246,0.0161105923235416
1721665040867551200,26.99955126953125,-0.0231674520324915,0.0307778539709746,0.0137824416369199
1721665040877594000,27.009593994140623,-0.0203588974177837,0.0190786483488976,-0.015720131701231
1721665040887638300,27.01963818359375,-0.0183448541816323,0.0218809924185276,-0.032721535384655
1721665040897682200,27.02968212890625,-0.0186317813642323,0.0115066056594252,-0.0821539670735597
1721665040907726300,27.03972631835937,-0.018612272946164,-0.0071111471794545,-0.1398375097572803
1721665040917770200,27.049770263671878,-0.0019881050772964,-0.0218821614623069,-0.110952776056528
1721665040927814100,27.05981420898437,0.0206573689077049,-0.0545011132553219,0.1218102701574564
1721665040937858000,27.069858154296877,0.0620147768210619,-0.0788585787899792,0.2490700378924608
1721665040947902200,27.07990209960937,0.0948708983708173,-0.0726971335507929,0.0303740954756736
1721665040957946400,27.0899462890625,0.0769761991094797,-0.053782005200535,-0.0834498521029949
1721665040967990300,27.099990234375,0.0344571270056068,-0.045950873183459,-0.1911398269712924
1721665040978034200,27.1100341796875,-0.0019859131202101,-0.0549722378984093,-0.2304167753487825
1721665040988078000,27.120078125,-0.0434065955281257,-0.0613945260308682,-0.1354050802677869
1721665040998122200,27.130122314453125,-0.0608449293240904,-0.0372619552932679,-0.0255219792693853
1721665041008166400,27.14016650390625,-0.0321356983207166,-0.0010753741465508,0.0509130256354808
1721665041018210000,27.1502099609375,0.0058803632754832,0.0281575884699821,0.0653407794386148
1721665041028254200,27.160254150390625,0.0326742621768266,0.0606852087177336,0.0679816493362188
1721665041038298000,27.170298095703124,0.0366602630730718,0.0896925458848476,0.0320820684373378
1721665041048342300,27.18034228515625,0.0161382840480655,0.1271988313280045,0.010195815321803
1721665041058385200,27.19038525390625,0.0024907208371907,0.1436596983939409,-0.029396190354228
1721665041068429300,27.20042919921875,-0.0165936996653676,0.1440095347449183,-0.0548924506604671
1721665041078473200,27.21047314453125,-0.0239831523295491,0.1223285949431359,-0.0381067355543375
1721665041088517000,27.22051708984375,-0.0253706611651927,0.0761468356132507,-0.0202349787771701
1721665041098561300,27.230561279296875,-0.025684768615663,0.0146592244714498,0.0220773917734622
1721665041108605200,27.24060522460937,-0.0076687079969793,-0.0209863816663622,0.0189601365357637
1721665041118649300,27.2506494140625,-0.0110351156901568,-0.0561256457172334,0.0135053782612085
1721665041128693000,27.26069287109375,-0.0136309774022549,-0.0851107710525393,0.0098287355750799
1721665041138737200,27.270737060546875,-0.0093333532735705,-0.1019108069449663,0.0292938990235328
1721665041148781300,27.28078125,-0.0073885028161108,-0.1150895836003124,0.0129249480247497
1721665041158825200,27.2908251953125,0.01079363508448,-0.1057721585482358,-0.0002156885772943
1721665041168869400,27.300869384765623,0.0154649878963828,-0.0954866191163659,-0.0076543141454458
1721665041178913000,27.3109130859375,0.0189233847219496,-0.0835850227899849,-0.0052057519495487
1721665041188957200,27.320957275390622,0.0062159519053995,-0.0555237343013286,0.0008504793494939
1721665041199001300,27.33100146484375,-0.0043752924747765,-0.0258177473455667,0.0040425533890724
1721665041209045200,27.341045166015626,-0.0158720343273133,0.0160851656213402,0.0174772045016288
1721665041219089200,27.351089111328125,-0.0134705992087721,0.0386183383382856,-0.0186889183789491
1721665041229133000,27.361133056640625,-0.0041488633077591,0.0664320818066597,-0.0722585960030555
1721665041239177200,27.37117724609375,-0.0213878020741045,0.0914455270320177,0.0740320354163646
1721665041249220000,27.38122021484375,-0.0326548998892307,0.1030652376770973,0.0523006806015968
1721665041259264300,27.39126416015625,-0.0040218028619885,0.0652076545782387,-0.1056704517394304
1721665041269308400,27.401308349609376,0.0352022462844848,0.0261684604793786,-0.2259001747071743
1721665041279352000,27.41135205078125,0.0296293415229767,-0.0204185186505317,-0.1340723703593015
1721665041289396200,27.421396240234376,0.0073847034238278,-0.0529690813824534,0.0180330848187208
1721665041299440000,27.43144018554688,-4.87345125526e-05,-0.0440125985972583,0.003854921862483
1721665041309484300,27.441484375,0.0027668343648314,-0.0340825946047902,-0.0587350975632667
1721665041319528200,27.45152807617188,-0.0064450844861567,-0.0106939741022884,-0.066101242417097
1721665041329572000,27.461572021484372,-0.0034879882462322,0.0095391049787402,-0.0431155036270618
1721665041339616300,27.4716162109375,0.005445332859084,0.0462776209197938,-0.0213520001083612
1721665041349660200,27.48166015625,-0.0011829261742532,0.0707730336204171,-0.0259475112050771
1721665041359704300,27.491704345703123,-0.0019672814849764,0.0781608057841658,-0.0169797763735055
1721665041369748200,27.501748291015623,-0.0085512629851698,0.0670784168861806,0.0093874215483665
1721665041379796000,27.5117958984375,-0.0081663553208112,0.0630896395109593,0.036969840478897
1721665041389840100,27.521840087890624,-0.0048575960990041,0.052661184477061,0.03310381270051
1721665041399884300,27.53188427734375,-0.0054161067645996,0.0310870660506188,0.0263695360094308
1721665041409928200,27.54192822265625,-0.0112672439455986,0.0168625797346234,0.0015191723912954
1721665041419971300,27.551971435546875,-0.0026492723997682,0.0059071782171726,-0.0213379715830087
1721665041430015000,27.562014892578127,0.0046509676109999,-0.0119017424568533,-0.0271118788093328
1721665041440059100,27.57205908203125,0.0152856858067214,-0.0343863998569548,-0.0115115740954875
1721665041450103000,27.58210302734375,0.0167519589670002,-0.053205666617304,-0.0108580786228179
1721665041460147200,27.592147216796874,0.0164917005956172,-0.0681847706928849,-0.0162362645298242
1721665041470191400,27.60219140625,-0.0009020634062588,-0.0697587420113384,-0.0117962362557649
1721665041480235000,27.612235107421878,-0.0140009066931903,-0.0741322809204459,-0.0237122994989156
1721665041490279200,27.62227905273437,-0.0168860336754471,-0.0669369625888764,-0.0272667771100997
1721665041500323000,27.632322998046877,-0.0136426678400486,-0.0601448182307183,-0.0270464123576879
1721665041510367200,27.6423671875,-0.0094375443004071,-0.0466787490665912,-0.0272778830260038
1721665041520411100,27.6524111328125,-0.0038927696548402,-0.0271009190239012,-0.0460614939510822
1721665041530455000,27.662455078125,0.0099198479246348,-0.0131060036800801,-0.0425455947846174
1721665041540499200,27.672499267578125,0.0083300214499235,0.0018362755164504,-0.0350841728627681
1721665041550543000,27.682543212890625,0.0060856765892356,0.0168340842925012,-0.0476379494875669
1721665041560587300,27.692587158203125,0.0118727355580776,0.0284866742938756,-0.0434130252689123
1721665041570631000,27.702630859375,0.0056561260655522,0.0335514103375375,-0.0285445419609546
1721665041580675000,27.712675048828125,0.0008352817803621,0.0325854879148304,-0.0130891986757516
1721665041590719200,27.72271923828125,-0.0122316319983452,0.0351386795289814,-0.0191319859713315
1721665041600762000,27.73276220703125,-0.0022043781764805,0.0415033922553062,-0.0199538237482309
1721665041610806300,27.74280615234375,-0.0067285776026546,0.0316182503178715,-0.0381786317467689
1721665041620850200,27.75285009765625,-0.0013872165746986,0.0346525034472346,-0.0372831442117691
1721665041630894000,27.76289404296875,0.0011602759510278,0.0162125913932919,-0.0502870026916265
1721665041640938000,27.77293798828125,-0.0109330435551702,0.010696604450792,-0.0509293922483921
1721665041650982100,27.78298217773437,-0.0179014212630689,0.0013962766639888,-0.0292220028311014
1721665041661026300,27.7930263671875,-0.0201916510920971,0.0131520347788929,0.005841127243638
1721665041671070200,27.8030703125,-0.010884089846909,0.0066143035732209,0.0271633167356252
1721665041681114000,27.813114013671875,0.0002603314366191,-0.0003577273964881,0.0180430216908454
1721665041691158000,27.82315795898437,0.0030573417440056,0.0077872928753495,0.0005067804783582
1721665041701202200,27.8332021484375,-0.0057925388615578,-0.0008580781340599,-0.0323246450215578
1721665041711246300,27.843246337890623,-0.0088685853060334,0.0133352823913097,-0.050565819633007
1721665041721290000,27.8532900390625,-0.0130765583898872,0.0052216801710426,-0.0627829116493463
1721665041731334100,27.863334228515622,-0.02468560151048,-0.0012440087117254,-0.0483048889636993
1721665041741378000,27.8733779296875,-0.0155110920604318,0.0053455988116562,-0.0998240637987852
1721665041751422200,27.883422119140626,-0.0124293465275317,-0.0106195936918258,-0.0860620804280042
1721665041761466000,27.89346606445313,-0.015597820495814,-0.0195716925628483,-0.0015980828464031
1721665041771509200,27.90350927734375,0.019760127807036,-0.0359542336955666,0.183850254485011
1721665041781553200,27.91355322265625,0.0644070057198405,-0.0437415265709161,0.0924549963355064
1721665041791597000,27.92359716796875,0.0768234197005629,-0.0506621196143329,-0.0502969395637512
1721665041801641200,27.93364111328125,0.0388397990692406,-0.0461385047100484,-0.0929325507193803
1721665041811685000,27.94368505859375,-0.0032359862465411,-0.0504554911263287,-0.1976052235931158
1721665041821729300,27.95372924804688,-0.0252798410765826,-0.0696364308059215,-0.2106950067907571
1721665041831773000,27.96377294921875,-0.0422073027409613,-0.0648487581379711,-0.0983645126402378
1721665041841817000,27.97381713867188,-0.0485332178268581,-0.0288436710380017,0.0183545718580484
1721665041851861200,27.983861328125,-0.0051748453546315,0.012330343132466,0.0752460873812437
1721665041861905200,27.9939052734375,0.0485118097126483,0.0598598638094961,0.0651192456424236
1721665041871949300,28.00394921875,0.0623708967823535,0.0978720529481768,0.0320984350502491
1721665041881993000,28.01399291992188,0.0345467780504375,0.127007692670077,0.0170686237007379
1721665041892037000,28.024037109375,0.001228957273066,0.150947078923136,0.0135690911471843
1721665041902081300,28.034081298828124,-0.0223814162213355,0.1534948637098074,-0.0106318686515092
1721665041912125200,28.044125244140623,-0.0194550804458558,0.1312235567994415,-0.007221183425188
1721665041922169000,28.054169189453123,-0.0210408152673393,0.0808361624732613,0.0192968211442232
1721665041932213000,28.064212890625,-0.0205602652087807,0.0224475402601063,0.0404255338907241
1721665041942256000,28.074256103515623,-0.0159404964536428,-0.025687545094639,0.0299234290987253
1721665041952300000,28.084300048828126,-0.0208592481553554,-0.0655373249240219,0.0126139823794364
1721665041962344200,28.09434423828125,-0.0194807263437658,-0.0966299439325928,-0.0125508540153503
1721665041972388000,28.10438818359375,-0.0312901143420487,-0.1191618014752864,-0.0168207864195108
1721665041982432000,28.114431884765622,-0.0184588359501212,-0.1275038056239485,-0.0153214877724647
1721665041992476200,28.12447607421875,-0.0045095133136957,-0.1209407938465476,-0.0103816932827234
1721665042002520000,28.13452001953125,0.0118363490704447,-0.1086211182385682,-0.0232213011115789
1721665042012564200,28.144564208984374,0.0188484197895973,-0.0720680418670177,-0.0291401697665452
1721665042022608100,28.154608154296877,0.0265374399222433,-0.0396140713773667,-0.0256488205194473
1721665042032652000,28.164652099609373,0.0177815942756831,0.0076321023136377,0.0007417582780122
1721665042042696200,28.1746962890625,0.0024151713829487,0.0284225230164825,0.0250052619189023
1721665042052740000,28.184739990234377,-0.0114667851056903,0.0587136163838207,0.0117599958986043
1721665042062784300,28.1947841796875,-0.0003134498633444,0.0860972978718578,-0.0489841033995151
1721665042072828200,28.204828125,-0.0090050711672753,0.1017871805652975,-0.0142535662800073
1721665042082872000,28.2148720703125,-0.0370905442491173,0.1046669737853109,0.0676566551655531
1721665042092916200,28.224916259765624,-0.0260031138498336,0.0769010149814188,-0.0598369213253259
1721665042102959000,28.234958984375,0.0129787240386009,0.0179950908958911,-0.1344552321970462
1721665042113003000,28.2450029296875,0.0277574101712554,-0.0322464652188122,-0.0721872843325138
1721665042123047200,28.255047119140624,0.0049669016923755,-0.0499020950272679,0.0019797756403684
1721665042133091300,28.26509130859375,-0.0030894904479384,-0.0723142717130482,-0.0373456880539655
1721665042143135000,28.275135009765624,-0.001916208884865,-0.0483669944144785,-0.0746551357507705
1721665042153179100,28.28517919921875,0.0026608167070895,-0.0184472185775637,-0.0825105254262685
1721665042163223000,28.29522314453125,-0.00279269945845,0.0101340021319687,-0.0343546895444393
1721665042173267200,28.30526708984375,-0.0068747080750763,0.0436108859285712,0.0093973584204912
1721665042183311000,28.31531103515625,-0.0074452745046466,0.0745921535171568,0.0019750994652509
1721665042193355000,28.32535498046875,0.0071956836577504,0.0985921839162707,-0.0084141926020383
1721665042203399200,28.335399169921875,0.0145372785922139,0.0943242973387241,-0.0014168810606002
1721665042213443000,28.34544311523437,0.0114865127194672,0.0774547033414244,0.0289887785971164
1721665042223487200,28.3554873046875,0.0138525111984461,0.0497466122046112,0.0423053562879562
1721665042233531100,28.36553125,0.0083329440593719,0.0202120362929999,0.0371837754905223
1721665042243575000,28.375574951171878,-0.0029426293231546,-0.0049308805309236,0.0308592486441135
1721665042253619200,28.385619140625,-0.0084717680081725,-0.0157033266969025,0.009578560206294
1721665042263663000,28.3956630859375,-0.0068349605865776,-0.0335869200423359,-0.0151245038956403
1721665042273707300,28.405707275390625,0.0011742314111441,-0.056546939869225,-0.0051163201004266
1721665042283750100,28.415750244140625,0.0049047962415963,-0.0624956191405653,-0.0048521162062883
1721665042293794000,28.4257939453125,0.0022005057189613,-0.0760647102877497,-0.0253057061702013
1721665042303838000,28.435837890625,0.0067103112936019,-0.066314008384943,-0.0326221666634082
1721665042313882000,28.445882080078125,-0.0022249825730919,-0.0684621263295412,-0.0386246219485998
1721665042323926300,28.45592626953125,-0.0101836134273558,-0.0604863251447677,-0.0411748909533023
1721665042333970200,28.46597021484375,-0.0110763244833797,-0.0536311985529959,-0.0313467399001121
1721665042344014000,28.47601416015625,-0.0161678024034947,-0.033741526082158,-0.0388812270581722
1721665042354058000,28.48605810546875,-0.0114886316113173,-0.0287888721108436,-0.033790041399002
1721665042364102100,28.49610205078125,-0.0025138094518333,-0.0073136840142309,-0.0255512053638696
1721665042374142200,28.50614208984375,-0.0088335139926522,0.0032835517153143,-0.0229956756621599
1721665042384186000,28.51618603515625,0.002341813885793,0.0201489079289138,-0.0300537774801254
1721665042394230000,28.52622998046875,0.0043927550662308,0.0289366100184619,-0.0255786778926849
1721665042404274000,28.53627392578125,0.0039673692610114,0.0424640539810061,-0.0334603710532188
1721665042414318000,28.54631811523437,0.0093311613164842,0.0474510486133396,-0.0377180284976959
1721665042424362200,28.5563623046875,0.0034845541801303,0.0588951104305684,-0.0341898543715476
1721665042434405000,28.566405029296877,0.0047451487004756,0.0510828292444348,-0.0335211613297462
1721665042444449300,28.57644921875,-0.0053329585257917,0.0533234477780759,-0.0247580091595649
1721665042454493000,28.586492919921877,-0.0024536767624318,0.0546747162565588,-0.0113379710942506
1721665042464537000,28.596537109375,-0.0011465396866202,0.0478325952768325,-0.0172071553885936
1721665042474581000,28.6065810546875,-0.0046512598719447,0.0365815718136727,-0.0245627788484096
1721665042484625200,28.616625244140625,4.06242713332e-05,0.0332617797411978,-0.0188935010403394
1721665042494669300,28.62666943359375,-0.0092814769558608,0.0096641926631331,0.0010942249774932
1721665042504713000,28.636712890625,-0.0073651219405233,-0.0046337972804903,0.0009966098219156
1721665042514757000,28.646757080078125,-0.0094424396712332,-0.0024427169770002,0.0085234981954097
1721665042524801000,28.656801025390624,-0.0052640580080449,-0.0170079795546829,-0.010595043772459
1721665042534845200,28.66684521484375,-0.0020715455770492,-0.0246320446923375,-0.0095195234954357
1721665042544889000,28.67688916015625,1.3517068699e-05,-0.0351154447838664,-0.0253787714064121
1721665042554933000,28.68693310546875,0.0067288698635995,-0.039794396380335,-0.0315571677803993
1721665042564977200,28.69697705078125,-0.0008381313245743,-0.0287970554172992,-0.0563426494687795
1721665042575021000,28.70702099609375,-0.0089536332409828,-0.026485709735006,-0.0610930588662624
1721665042585065200,28.717065185546875,-0.012259615983814,-0.0231461900487542,-0.0292681800603866
1721665042595108900,28.72710888671875,-0.0171003340132534,-0.0254378081172704,-0.0184416656196117
1721665042605152300,28.73715234375,-0.0113844405844807,-0.0085772742092609,0.0021826047360897
1721665042615196000,28.74719580078125,0.001131926639378,-0.0044116789624094,0.0140039754331111
1721665042625240000,28.75723999023437,0.0025401860021054,0.0029706863738596,0.0260270061820745
1721665042635284200,28.7672841796875,-0.0017449439711868,0.0171713534228503,0.0032516952723264
1721665042645328100,28.777328125,-0.0042903906702995,0.0206663559317588,-0.0614221446901559
1721665042655372000,28.7873720703125,-0.0088178049668669,0.0217065126344561,-0.0923439371764659
1721665042665416000,28.797416015625,-0.0310762523956596,0.016446546279639,-0.0843985311299562
1721665042675460000,28.80746020507813,-0.0276078456327319,0.0117087041027843,-0.1545475876331329
1721665042685504300,28.817504150390626,-0.0245434165608137,0.0117788467295467,-0.0752934336543083
1721665042695548200,28.82754809570313,-0.011293401300162,-0.0008538403503596,-0.017032967865467
1721665042705592000,28.837592041015625,0.0300461056303232,-0.0282891058951616,0.1570218687921762
1721665042715636000,28.847635986328125,0.0656334787748754,-0.0326585531510412,0.1536421632260084
1721665042725680000,28.85768017578125,0.0782590054616332,-0.0538218988195061,-0.0053191491961479
1721665042735724000,28.86772412109375,0.0445957322474569,-0.0550786208823323,-0.0995820717364549
1721665042745768200,28.87776831054688,0.003398483331874,-0.0655832098923623,-0.1814303338617086
1721665042755812000,28.88781201171875,-0.0263315420866012,-0.0805462396159768,-0.1588940924048423
1721665042765855000,28.89785498046875,-0.0343237098842859,-0.0648337066993117,-0.0518336476117372
1721665042775899100,28.90789916992188,-0.0211494632735848,-0.0224354114308953,0.0398427655667066
1721665042785943000,28.917943115234376,0.00772577194646,-0.0009602233342826,0.0734276397824287
1721665042795987200,28.9279873046875,0.0327297917563468,0.0497772996038198,0.0577834959268569
1721665042806031000,28.938031005859376,0.019183423897624,0.0851850053325295,0.0517547371566295
1721665042816075000,28.94807495117188,-0.0010888912152498,0.1234255963996052,0.0410749377101659
1721665042826119200,28.958119140625,-0.0221460000302642,0.1468343829073012,0.0269832839936018
1721665042836163000,28.9681630859375,-0.0227982533939182,0.1620366282142698,-0.0184451727509498
1721665042846207200,28.978207275390623,-0.018478855824843,0.1649380487442016,-0.0703799426496028
1721665042856251000,28.9882509765625,-0.0060757397171109,0.1326822311751544,-0.0663169309943914
1721665042866295000,28.998294921875,0.0070881316300481,0.0890486950233578,-0.0387070395350456
1721665042876339200,29.008339111328127,-0.0052199996706098,0.0378235346987843,-0.0058873044729232
1721665042886383000,29.018383056640623,-0.0339481545701622,-0.0075811027787625,0.0079921677976846
1721665042896427300,29.02842724609375,-0.0341147433087229,-0.0560037729032337,-0.0090384619802236
1721665042906471000,29.038470947265623,-0.0281293122235685,-0.0800631322741508,-0.0362391881167888
1721665042916515000,29.04851513671875,-0.0294820420067757,-0.1021120286054909,-0.0516875171393156
1721665042926558000,29.05855786132813,-0.0206116300698369,-0.127577455382049,-0.0571241552352905
1721665042936602000,29.06860205078125,-0.0120158703558146,-0.1337045599602162,-0.058040685558319
1721665042946646000,29.07864599609375,-0.0057188891034573,-0.12283391411677,-0.0496779308825731
1721665042956690200,29.088690185546877,0.0013926964674144,-0.1002491573430597,-0.035794951480627
1721665042966734000,29.098734130859373,-0.0050680239792913,-0.0695868925757706,6.60509735345e-05
1721665042976778000,29.108778076171877,-4.58119031041e-05,-0.0369173796392977,0.0372007266253233
1721665042986822100,29.118822265625,-0.0006336947936564,0.0043298458978533,0.0371855290561914
1721665042996866000,29.12886596679688,0.0043671822335571,0.0343736865058541,-0.0174193368345499
1721665043006910200,29.13891015625,0.0062948623605072,0.0557324086159467,0.0517044682741165
1721665043016954000,29.1489541015625,-0.0180715171329677,0.0861428905792534,0.074523618325591
1721665043026998000,29.158998046875,-0.0182959004733711,0.0782384010650217,-0.0786193632066249
1721665043037042200,29.169042236328124,0.0181087804034352,0.0492798714756965,-0.0931301191180944
1721665043047086000,29.179086181640624,0.0241180307555943,0.0280183261297643,-0.028290274938941
1721665043057130000,29.1891298828125,0.0237830997128039,0.0031327450677752,0.0242453834623098
1721665043067174100,29.199174072265624,0.0142445792559534,-0.0155174487359821,-0.0162222360044717
1721665043077218000,29.209218017578124,0.0096442458536475,-0.0057758069224655,-0.0685235011279583
1721665043087261200,29.21926123046875,0.0227823251724243,0.0065492755129933,-0.0988666169434785
1721665043097305000,29.22930517578125,0.0163528766468167,0.0158273914679884,-0.0615396335899829
1721665043107349200,29.23934936523437,0.0054090194366872,0.0185251061193645,-0.0311298822790384
1721665043117393000,29.249392822265627,0.003372837433964,0.0322296602144837,-0.02827332380414
1721665043127437000,29.25943701171875,-0.0015950141064822,0.0488679296739399,-0.0320996040940284
1721665043137481000,29.26948095703125,-0.0010961246736347,0.0453805259495973,-0.0195569333851337
1721665043147525000,29.27952514648437,-0.0002562397833913,0.0476302045725285,0.0028811083942651
1721665043157569300,29.2895693359375,-0.006394961734116,0.0452303038239479,0.022178514060378
1721665043167613000,29.29961303710937,-0.0083658234156668,0.0299674143709242,0.0190928230047225
1721665043177657000,29.309656982421878,-0.0078115505337715,0.020261282262206,0.01133914013803
1721665043187701000,29.31970092773437,0.0042928748883306,0.0078711717665195,-0.0041752398580312
1721665043197745200,29.3297451171875,-3.40484000742e-05,-0.0092990126125514,-0.0210071321934461
1721665043207789000,29.3397890625,0.0094519381519407,-0.0171218151926994,-0.0218348151892423
1721665043217833000,29.3498330078125,0.0097051822606474,-0.0216216108299791,-0.0171627317249774
1721665043227876000,29.3598759765625,0.0089245532769709,-0.0261490251265466,-0.0053489598125219
1721665043237920000,29.369919921875,0.0024689473967999,-0.0303014686308801,-0.0153770173519849
1721665043247964200,29.379964111328125,-0.0077146660305559,-0.030811610110104,-0.0245201087504625
1721665043258008000,29.390008056640625,-0.0131732236973941,-0.0194753925815224,-0.0349906493604183
1721665043268052200,29.40005224609375,-0.0251187322307378,-0.0169853293314576,-0.0361760597527027
1721665043278096100,29.41009619140625,-0.0263096955809742,-0.0166752404689788,-0.0261216987282037
1721665043288140000,29.42014013671875,-0.0104767511550337,-0.0079578271366655,-0.0229343008637428
1721665043298184200,29.43018408203125,-0.0071187459640204,-0.0015957447588443,-0.0314180515706539
1721665043308228000,29.44022802734375,-0.0085740593388676,0.0048142684139311,-0.0337619843482971
1721665043318272000,29.45027197265625,-0.0010486322700977,0.0089105978168547,-0.0213256966233253
1721665043328316000,29.46031591796875,-0.0002742868967354,0.0064062137804925,-0.0378682506233453
1721665043338360000,29.470360107421875,0.0050409898418933,0.0137955933794379,-0.0213484929770231
1721665043348404200,29.480404296875,0.0005364449642598,0.0154110657520592,-0.0205254861563444
1721665043358448000,29.4904482421875,-0.00667429013215,0.0296485576801002,-0.0147352123171091
1721665043368492000,29.50049194335937,-0.0134256640885025,0.031242402742803,-0.0044745150655508
1721665043378536000,29.510535888671875,-0.0074932783648371,0.0377665438145399,-0.0232411748558282
1721665043388578800,29.520578857421874,-0.0016067776095122,0.0460188238531351,-0.0285246682167053
1721665043398623000,29.530623046875,-0.0020962416268885,0.0421622945554554,-0.0336269597917795
1721665043408667000,29.5406669921875,-0.0102040716934949,0.0266530291259288,-0.015680968734622
1721665043418711000,29.5507109375,-0.0169076609853655,0.0183437582030892,-0.0020586860954761
1721665043428754700,29.560754638671877,-0.0092816230863332,0.0140675421886146,0.0081008888691663
1721665043438798800,29.570798828125,-0.0180084618341177,0.0054185179173946,-0.0112426940262317
1721665043448843000,29.580843017578125,-0.0144129215601831,0.0004698094688355,-0.0153244103819131
1721665043458887000,29.590886962890625,-0.0092459672510623,-0.0117304775431752,-0.0206283620089292
1721665043468931000,29.60093115234375,-0.0139507839411497,-0.0195792913474142,-0.008618190741539
1721665043478974700,29.610974609375,-0.0135997785463929,-0.0272442730173468,-0.0038338790744543
1721665043489019000,29.621018798828125,-0.0074595952909439,-0.0186063546620309,-0.0064110360860824
1721665043499062800,29.631062744140625,-0.0072874535944312,-0.0266420693404972,-0.0089729955285787
1721665043509107000,29.64110693359375,0.0011955664601176,-0.0112014852330088,-0.0146639006465673
1721665043519150800,29.65115087890625,0.0045783407662063,-0.0003664952248334,-0.0307943667143583
1721665043529194800,29.66119482421875,0.0051011225312948,0.0006036649815738,-0.0305605579584836
1721665043539239000,29.67123901367188,0.0047194297373294,-0.0006989420495927,-0.011036942321062
1721665043549281800,29.68128173828125,0.0116325701266527,0.0022192834846675,-0.0168237090289592
1721665043559326000,29.691325927734376,0.0076000997401773,-0.0012334873177111,-0.0314390943586826
1721665043569369900,29.701369873046875,0.0071881579384207,0.0043669630378484,-0.0490472317636013
1721665043579414000,29.7114140625,-0.0022864304367452,0.0146497259907424,-0.0261766437858343
1721665043589458000,29.7214580078125,-0.0138485656756907,0.0183066410630941,-0.014929273584485
1721665043599501800,29.73150170898437,-0.015050561876595,0.0317027137309312,-0.0015285247415304
1721665043609546000,29.7415458984375,-0.0148516052383929,0.0408969507947564,-0.0138788877487182
1721665043619590000,29.75158984375,0.000549669772014,0.0483982663355767,-0.0155021050363779
1721665043629633800,29.7616337890625,0.0223038940057158,0.0444999437227845,-0.0076239190071821
1721665043639678000,29.771677978515623,0.0194065651290118,0.0365546838067471,-0.0395060809582471
1721665043649721900,29.78172192382813,0.0154123078610748,0.0217693487375974,-0.0572954201489686
1721665043659766000,29.79176611328125,-0.001713818180561,0.007354600546509,-0.0337836116582155
1721665043669810000,29.80180981445313,-0.0181944128602743,0.0112891635164618,-0.0506675264418125
1721665043679853800,29.811853759765626,-0.0252548527657985,0.0168844993054866,-0.0812286689221858
1721665043689896700,29.821896728515625,-0.0286920606728643,0.0171864048615098,-0.0317623349636793
1721665043699940900,29.83194091796875,-0.0090030253406614,-0.0218907831601798,0.0209434193074703
1721665043709984800,29.84198486328125,0.0359915700312703,-0.0258818986229598,0.1640577587783336
1721665043720029000,29.85202880859375,0.080265961369872,-0.0457325542576611,0.0823304926842451
1721665043730073000,29.86207299804688,0.0685224782146513,-0.0745322400234639,-0.0589350040495395
1721665043740116700,29.87211669921875,0.0323719182293862,-0.0770236184477806,-0.2132645650178194
1721665043750161000,29.88216088867188,-0.0085054510820657,-0.0914997414372861,-0.2099795519977808
1721665043760204800,29.892204833984376,-0.0313211670674383,-0.0800008806928992,-0.0764946261376142
1721665043770249000,29.9022490234375,-0.0252853940345346,-0.048184185193479,0.0615934096038341
1721665043780292900,29.91229296875,0.0038771336942911,0.0006669394761323,0.0776712687015533
1721665043790336800,29.92233666992188,0.0400904567174613,0.0206574419729411,0.0292629193633794
1721665043800381000,29.932380859375,0.040513504435122,0.0686773765154182,-1.57820910215e-05
1721665043810424800,29.9424248046875,0.0031799452103674,0.1131612458862364,0.0005605564922094
1721665043820469000,29.952468994140624,-0.035223435202986,0.1372989311903715,0.0102945995211601
1721665043830513000,29.962512939453124,-0.056091889578104,0.1648009783610701,-0.0070820672154426
1721665043840556000,29.97255615234375,-0.0454073408912867,0.1655133644141256,-0.0623959581583738
1721665043850599700,29.982599609375,-0.034732363750413,0.1503336231999099,-0.0765057320535183
1721665043860643800,29.992643798828126,-0.0215589939225465,0.1079100473597645,-0.046546647119522
1721665043870688000,30.00268798828125,-0.0210448338553309,0.0389240432865917,-0.0170955117076635
1721665043880732000,30.01273193359375,-0.0183878165405243,-0.022056495115906,-0.0056529111951589
1721665043890775800,30.02277587890625,-0.0283913241606205,-0.0601170534409582,-0.0005301613539457
1721665043900819700,30.03281982421875,-0.0359506534989923,-0.082419193881005,-0.0120353057086467
1721665043910864000,30.04286376953125,-0.0356081236716359,-0.1082182365261018,-0.0128939683645963
1721665043920908000,30.05290795898437,-0.030799481280893,-0.1124322009593248,0.0018681319594383
1721665043930952000,30.062951904296877,-0.011285437189415,-0.1260455696396529,0.0018809914410114
1721665043940995800,30.072995849609374,-0.0050564066067337,-0.1147428159892559,0.0043511809468269
1721665043951039700,30.083039794921877,0.0065209262013435,-0.094371059089899,0.0059042556077241
1721665043961084000,30.093083984375,0.0094338179733604,-0.0698056498929858,0.0042933132797479
1721665043971128000,30.103128173828125,0.0089567019809037,-0.0421944432593882,0.0317979907989501
1721665043981172000,30.113171875,-0.0041554391790181,0.0012483926258981,0.0406020595014095
1721665043991215000,30.123215087890625,0.0037150750003755,0.0310306596882641,0.0175777422666549
1721665044001258800,30.1332587890625,0.0085932754959911,0.0706691348545253,0.0332663097858428
1721665044011303000,30.143302978515624,-0.0142762895684689,0.0970633669137954,0.1291384210884571
1721665044021346800,30.153346923828124,-0.0129798930823802,0.0987666637003421,0.029123803153634
1721665044031391000,30.163390869140624,0.0226413823317736,0.0747312697269022,-0.1401116505235433
1721665044041435000,30.173434814453124,0.0331152108773589,0.044063452001661,-0.1119891333669424
1721665044051478800,30.183478759765624,0.0230932908177375,0.021362667632848,0.018234160348773
1721665044061523000,30.19352294921875,0.0252027572523802,0.0086249127432703,0.0443599507302045
1721665044071566800,30.20356689453125,0.0257026695985347,-0.0077878773972392,-0.0314092837423086
1721665044081611000,30.21361108398437,0.0321562296520918,-0.0057825289241969,-0.084900635433197
1721665044091654700,30.223654541015627,0.0176783530969172,0.0107607557281851,-0.0752875884354114
1721665044101698800,30.23369873046875,0.0112991734538227,0.0298537248633801,-0.0405558822721242
1721665044111743000,30.243742919921875,0.0055789691761136,0.0379759487815201,-0.0106394674360752
1721665044121787000,30.25378686523437,0.0020646043796092,0.0421834834739565,-0.0299456409305334
1721665044131831000,30.2638310546875,0.003548924653232,0.0568792405635118,-0.0399433033317327
1721665044141874000,30.2738740234375,0.0022820465225726,0.0590934094816446,-0.01096621517241
1721665044151917800,30.28391772460937,0.0014549480486661,0.0472026268102228,-0.0139648124665021
1721665044161961700,30.293961669921877,0.0006046878948807,0.0315144976824522,-0.0182815066218376
1721665044172006000,30.304005859375,-0.0112619832485914,0.008613368435949,-0.0206909058511257
1721665044182050000,30.314050048828125,-0.0041899259705096,-0.0016330080293118,-0.0187462015241384
1721665044192094000,30.324093994140625,-0.0066610653243958,-0.0178036599770188,-0.0333668475508689
1721665044202137900,30.334137939453125,-0.0053574353799223,-0.0246624398306012,-0.0364028542459011
1721665044212181800,30.344181640625,-0.001334317343682,-0.0287603766687214,-0.0045908349215984
1721665044222226000,30.354225830078125,0.0007923924867063,-0.0315690043486654,-0.0068272156715393
1721665044232269800,30.364269775390625,0.009030643999949,-0.0387665146373212,-0.0060959787875413
1721665044242314000,30.37431396484375,0.0023665830008685,-0.051004941702634,-0.0040741175711154
1721665044252358000,30.38435791015625,-0.0035725247245281,-0.057882280126214,-0.0010807809740304
1721665044262401800,30.39440185546875,-0.024310265392065,-0.0606477993167936,0.0003366846084594
1721665044272446000,30.40444604492188,-0.0336764980219304,-0.0560788839660584,0.0006114098966121
1721665044282488800,30.41448876953125,-0.0313157602399587,-0.0416568292513489,-0.0112163905411958
1721665044292533000,30.424532958984376,-0.0209906925152987,-0.0274941561251878,-0.0249415490329265
1721665044302577000,30.434576904296875,-0.0130430214464664,-0.0148465637370944,-0.0325023396760225
1721665044312620800,30.44462084960937,-0.004747705983743,-0.0002361468434333,-0.0410948114544153
1721665044322665000,30.4546650390625,0.0039847587872296,0.0163851714812219,-0.0282803380668163
1721665044332708900,30.464708984375,0.0033285599008202,0.0231293850444257,-0.0072241060346364
1721665044342753000,30.4747529296875,0.0031727848172187,0.0257888135120272,-0.0124444710314273
1721665044352796700,30.48479663085937,0.0028270401194691,0.0410517029650509,-0.0324620076656341
1721665044362840800,30.4948408203125,0.0053503480520099,0.0576065319247543,-0.0305927066624164
1721665044372885000,30.504885009765623,-0.0013052373796701,0.0591131370954215,-0.0253068752139806
1721665044382929400,30.51492944335937,-0.0023361878626048,0.066883771096915,-0.0240332020163536
1721665044392973300,30.524973388671874,-0.0124503162503242,0.0581932457715272,-0.0425292281717062
1721665044403017200,30.53501733398437,-0.0155455788519233,0.0505656735025346,-0.0321679931551218
1721665044413061000,30.54506103515625,-0.0210425688330084,0.0435858976177871,-0.0150894325822591
1721665044423105300,30.55510522460937,-0.0221672620140016,0.0299950330302119,-0.0025315643042325
1721665044433148200,30.565148193359374,-0.0211461753379553,0.0190177119418978,-0.0145370593965053
1721665044443192300,30.5751923828125,-0.0259269798737019,0.0022243980512022,-0.0165478146970272
1721665044453236200,30.585236328125,-0.0163504654940217,-0.0094802143983542,-0.0143698861360549
1721665044463280000,30.59528002929688,-0.0161157068900764,-0.0195611711688339,-0.0147305361419916
1721665044473324300,30.60532421875,-0.0060744976080954,-0.0299298588395118,-0.013646248036623
1721665044483368200,30.6153681640625,0.0071104895923286,-0.0341297947473824,-0.017659575331211
1721665044493412400,30.625412353515625,0.0132924661628901,-0.0288572611719369,-0.0238040694355964
1721665044503456300,30.635456298828124,0.0234638046305626,-0.0383181863479316,-0.0316097747504711
1721665044513500200,30.645500244140624,0.0178336167238652,-0.0242409995481371,-0.0505874469429254
1721665044523544300,30.65554443359375,0.0095396164353936,-0.0194432438775897,-0.0332967049241065
1721665044533588200,30.665588134765624,0.0081570029705762,-0.0074906480163335,-0.0027542671442031
1721665044543632400,30.67563232421875,0.0097736443869769,0.0031146248891949,0.001303483814001
1721665044553676300,30.68567626953125,0.0072220602080225,0.0214988612331449,-0.0134533558130264
1721665044563720200,30.69572021484375,0.0101911391466856,0.0193222478464245,-0.0340185894578695
1721665044573763300,30.70576342773437,0.0117987935390323,0.0263905787974596,-0.0236918412327766
1721665044583807200,30.71580712890625,0.0134524059649556,0.0236598386593163,-0.0428045379817485
1721665044593851400,30.72585131835937,-0.0016145955897867,0.0131248545110225,-0.0433919824808835
1721665044603895300,30.735895263671875,-0.0151360482029616,0.0050628363475203,-0.0157429280549287
1721665044613939200,30.74593920898437,-0.0315187354661524,0.0085232059344649,-0.0634819998294115
1721665044623983000,30.755983154296874,-0.0216425074875354,0.0176804719887673,-0.0949427214980125
1721665044634027300,30.76602734375,-0.0204831083193421,0.0147422265797853,-0.057757192441821
1721665044644071400,30.77607153320313,0.0016829115856438,-0.0189835174113512,0.0728840344250202
1721665044654115300,30.786115234375,0.0559675325460731,-0.0175097915969789,0.1701245114713907
1721665044664159200,30.7961591796875,0.086736764819175,-0.0141977444395422,0.0469698409676551
1721665044674203100,30.806203125,0.0652706368118524,-0.0406105350688099,-0.0829822345912456
1721665044684247300,30.816247314453125,0.0204221719123423,-0.0569061285704374,-0.2278647527784109
1721665044694291500,30.82629150390625,-0.0228998140722513,-0.0640906332470476,-0.1623036085873842
1721665044704335000,30.836335205078125,-0.0318636033810675,-0.0664011021465063,-0.0288899943977594
1721665044714378200,30.846378173828125,-0.0369273165114223,-0.0481314320929348,0.0812865365892648
1721665044724422100,30.856422119140625,-0.0010432254426181,-0.011244885983318,0.0854746359288692
1721665044734466300,30.86646630859375,0.0336527518201619,0.0296909355171024,0.0304436535805463
1721665044744510200,30.87651025390625,0.0338520007193088,0.067995239470154,0.0005190554380416
1721665044754554400,30.886554443359376,0.0078670801132917,0.1037491282880306,0.0082061028093099
1721665044764598300,30.89659838867188,-0.034189269849658,0.1384247203499078,0.0329530060529708
1721665044774642200,30.90664208984375,-0.0489320078860968,0.1593823143132031,-0.0015711948394775
1721665044784686300,30.91668627929688,-0.0415117216922342,0.1571469564765691,-0.0409901820361614
1721665044794730200,30.926730224609376,-0.0251749193973839,0.1489838160261511,-0.0608563275009393
1721665044804774400,30.9367744140625,-0.009435425408557,0.1001113563075661,-0.0553466241687536
1721665044814818000,30.94681811523437,-0.0006571487344801,0.0364462549962103,-0.0130921212852001
1721665044824862200,30.9568623046875,-0.0054020782392472,-0.0139060680165886,-0.0081423899233341
1721665044834906400,30.96690625,-0.0217891494166105,-0.0598773994661867,-0.0194055422157049
1721665044844950300,30.9769501953125,-0.0306098039276897,-0.0922090587504208,-0.0309784911096096
1721665044854993400,30.986993408203126,-0.0391303795136511,-0.1117418806076049,-0.0305740019619464
1721665044865037300,30.997037353515623,-0.0374066975262016,-0.1274425769560039,-0.0137251584917306
1721665044875081200,31.00708129882813,-0.0191202955335378,-0.146041040572524,0.0017009586989879
1721665044885125000,31.017125,0.0009719868373125,-0.1298027302160859,-0.0167950674563646
1721665044895169300,31.02716918945313,0.0119388595968484,-0.1081137532383203,-0.0191045134425163
1721665044905213400,31.03721337890625,0.0092822076082229,-0.0689662764593958,-0.0058434653311967
1721665044915257000,31.04725708007813,0.0034620500873774,-0.0224028243355453,0.0152472534924745
1721665044925301200,31.05730126953125,0.0019368132814764,0.0128302554786205,0.0148012632906436
1721665044935345200,31.06734521484375,0.0090310093261301,0.0586862899854779,-0.0249286895513534
1721665044945389300,31.077389404296877,-0.0076605977557599,0.0960512672618031,0.0615635989874601
1721665044955433500,31.08743359375,-0.0138164900369942,0.1230346973858773,0.138340549197793
1721665044965477000,31.09747705078125,-0.011813260455802,0.1126876370251178,0.0136696289122104
1721665044975521300,31.107521240234377,0.0206206901591271,0.0810018744289875,-0.1469803672492504
1721665044985564200,31.117564208984376,0.0239369020350277,0.0300625453084707,-0.1330348440051078
1721665044995608300,31.1276083984375,0.0276379485100507,-0.0113565296642482,0.0404290410220623
1721665045005652200,31.13765234375,0.0246609785258769,-0.0182457046560943,0.0905576382815837
1721665045015696400,31.1476962890625,0.0369106576375663,-0.0238965700246393,0.0081114102631807
1721665045025740000,31.157739990234376,0.04310724725537,-0.0077205112494528,-0.0624725305259227
1721665045035784200,31.1677841796875,0.0330994287863373,0.0100100834913551,-0.0542331099689006
1721665045045828400,31.177828369140624,0.0094048841398209,0.0336895036339759,-0.0257446821093559
1721665045055872300,31.187872314453124,0.004564019979909,0.0416503995105624,-0.0197106626421213
1721665045065916400,31.19791650390625,0.0002304477550089,0.0578996696524322,-0.0181353761494159
1721665045075960000,31.2079599609375,-0.005635960060358,0.0718536684639751,-0.0225263045847415
1721665045086004200,31.218004150390627,-0.0075453738782554,0.0611883359342813,-0.0209293907821178
1721665045096048400,31.22804833984375,-0.0087054306335747,0.0422257151804864,-0.0257926129043102
1721665045106092300,31.23809228515625,-0.0067773121152073,0.0271874282635748,-0.0204804779708385
1721665045116136200,31.24813623046875,4.03320103883e-05,0.006394961734116,-0.0255091197878122
1721665045126179300,31.25817944335937,-0.0061935208778828,-0.0012238427065312,-0.0424105702280998
1721665045136223200,31.26822314453125,-0.012870295228064,-0.0110591541528701,-0.050125674650073
1721665045146267100,31.27826708984375,-0.0097510672289878,-0.0229094586834311,-0.047503509452939
1721665045156311300,31.288311279296877,-0.004766410684213,-0.029691812299937,-0.0230611421138048
1721665045166355500,31.29835546875,0.0040272827547043,-0.0322277605183422,-0.0242751940786838
1721665045176399000,31.308399169921877,0.0080883216485381,-0.0392293098434805,-0.0240460614979267
1721665045186443300,31.318443359375,0.0019094868831336,-0.044033641385287,-0.0144417823284864
1721665045196487200,31.328487060546877,-0.0123616150535643,-0.043683951164782,-0.0090729487717151
1721665045206531300,31.33853125,-0.0299439604301005,-0.0565703207448124,-0.012394786670804
1721665045216575200,31.3485751953125,-0.0280495249856263,-0.0460471731647849,-0.0120826519817113
1721665045226619100,31.358619140625,-0.0231428290478885,-0.0392550288066268,-0.0198234753668308
1721665045236663300,31.368663330078125,-0.0143372259754687,-0.0283450738660991,-0.0206307000964879
1721665045246707200,31.378707275390624,-0.0033534020811319,-0.0067993047513067,-0.014401450318098
1721665045256751400,31.38875146484375,0.0013122516423463,0.0021506021626293,-0.018939093747735
1721665045266794200,31.398794189453124,-0.0048034547589719,0.0184245683543384,0.0012198971837759
1721665045276838400,31.40883837890625,0.0025679507918655,0.0289225814931094,-0.0022293664872646
1721665045286882000,31.418882080078124,0.0017369798604398,0.0441704195074737,-0.0047381344377994
1721665045296926200,31.42892626953125,0.0015749942317605,0.0484423977382481,0.002651975813508
1721665045306970400,31.43897045898437,0.0061555269550532,0.0600403349429368,0.0038853170007467
1721665045317014300,31.44901416015625,-0.0090686379227787,0.0544753942921757,0.0064671501874923
1721665045327058400,31.45905834960937,-0.0171027451660484,0.0533209635600447,-0.0057686465293169
1721665045337102000,31.46910205078125,-0.0179703217808157,0.0527497395433485,-0.0066360770136117
1721665045347146200,31.47914624023437,-0.0285492181360721,0.0459045498237013,-0.0083984105110168
1721665045357190400,31.4891904296875,-0.0252423586104065,0.0255798469364643,-0.01012684173882
1721665045367234300,31.499234375,-0.0237798848424106,0.0112023620158433,-0.0165437230437993
1721665045377278200,31.5092783203125,-0.018194997382164,-0.0078908993802964,-0.0146299983769655
1721665045387322000,31.51932202148437,-0.0094463851939886,-0.0095750530749559,-0.0229278711229562
1721665045397365000,31.52936499023437,-0.0114092096995562,-0.018302111018449,-0.043932080706954
1721665045407409200,31.5394091796875,-0.0044151130285114,-0.0229318166457116,-0.0379646967351436
1721665045417453000,31.549453125,-0.0084311437368392,-0.0140650579705834,-0.0186608613282442
1721665045427497200,31.559497314453125,-0.0056461161281913,-0.0004646949023008,-0.0072357964724302
1721665045437541000,31.569541015625,0.0102331516575068,0.0019197160162031,-0.0233270995736122
1721665045447585000,31.5795849609375,0.0219065652512013,0.0085344579808413,-0.0376256740391254
1721665045457629200,31.589629150390625,0.03185892720595,0.0021811434313654,-0.031665888851881
1721665045467673000,31.599673095703125,0.0263652251604944,-0.0016962825238704,-0.047835517886281
1721665045477717200,31.60971728515625,0.0198293936509639,-0.0111705055728554,-0.0538461564779281
1721665045487761000,31.619760986328124,0.0071250295743346,-0.0171061792321503,-0.0250724819362163
1721665045497805000,31.62980517578125,-0.0139097943436354,-0.005397182868421,-0.0404079982340335
1721665045507849000,31.639848876953124,-0.0151134710449725,-0.0112082072347402,-0.1070014080822467
1721665045517893000,31.64989306640625,-0.0163099142879247,0.0006989420495927,-0.0768950236320495
1721665045527936000,31.65993603515625,0.0043828181941062,-0.0113728962771594,0.0350607919871807
1721665045537980200,31.669980224609372,0.0572736467085778,-0.0181302615828812,0.1592319460570812
1721665045548024000,31.680024169921875,0.1049022438459098,-0.0090641809433698,0.0617348639011383
1721665045558068000,31.69006787109375,0.0902128434319049,-0.025143062954396,-0.078171619439125
1721665045568112000,31.700112060546875,0.0497650977093726,-0.0451955247715115,-0.2083048967838287
1721665045578156000,31.71015600585937,-0.0013245266020298,-0.0469736403599381,-0.1849754591226577
1721665045588200200,31.7202001953125,-0.0275176100660115,-0.0575900191813707,-0.0361170230418443
1721665045598244000,31.730244140625,-0.0307670403160154,-0.0334421047441661,0.0796434455573558
1721665045608288000,31.7402880859375,-0.0065285249859094,0.0021945874348282,0.093695936307311
1721665045618332200,31.750332275390623,0.039281113095954,0.0380490140177309,0.0438619380801916
1721665045628376000,31.7603759765625,0.0447561104409396,0.0736762077160179,0.0199637606203556
1721665045638420200,31.770420166015622,0.0049302960090339,0.111477822843939,0.0269452900707721
1721665045648464100,31.78046411132813,-0.0379454805780202,0.1402631878234446,0.0397539182394742
1721665045658507000,31.790507080078125,-0.0569806551113724,0.1632848747096955,0.0247153390616178
1721665045668551200,31.80055126953125,-0.0542756339363753,0.1760413342997431,-0.0183610015988349
1721665045678595000,31.810594970703125,-0.0286978328265249,0.1519827055811882,-0.0500017560094594
1721665045688639200,31.82063916015625,-0.0099560882817953,0.1100694173507392,-0.0519289246797561
1721665045698683100,31.83068310546875,-0.0017794307626783,0.0560670473977923,-0.0177098442137241
1721665045708727000,31.84072705078125,-0.0074131258007138,-0.0066914604626595,0.007799275574088
1721665045718771000,31.85077099609375,-0.0083918346397578,-0.058839873111993,-0.0100642978966236
1721665045728815000,31.86081518554688,-0.0174129070937633,-0.0921593743897974,-0.0207359140366315
1721665045738859300,31.870859375,-0.0289652515910565,-0.1143814353309571,-0.0335597397744655
1721665045748903000,31.88090283203125,-0.0256369839511811,-0.1273019994415342,-0.0226017079085111
1721665045758947000,31.890947021484376,-0.0162328304637223,-0.1436691968746483,-0.0283458045184612
1721665045768991000,31.90099096679688,0.0001916501145809,-0.1464538591571152,-0.0272989258140325
1721665045779035100,31.91103515625,0.0032263416353613,-0.1272604983873665,-0.024496727874875
1721665045789078000,31.921078125,-0.0072821928974241,-0.0973787164732813,-0.0197626850903034
1721665045799122200,31.9311220703125,-0.0167098003257066,-0.0628492548838257,-0.0036433249384164
1721665045809166000,31.941166015625,-0.0274937907990068,-0.0051860243357717,0.0002414075404405
1721665045819210000,31.9512099609375,-0.0149821728155016,0.0248113467819988,-0.0297813902795314
1721665045829254100,31.961254150390623,-0.0133865011218935,0.0640413872778415,0.0078016136616468
1721665045839298000,31.971298095703126,-0.0316246069934219,0.0848873375602066,0.1216004267990589
1721665045849342200,31.98134228515625,-0.0304642579771578,0.0847888456217944,0.0334685543596744
1721665045859386000,31.99138623046875,0.0134627812284976,0.0614747516602277,-0.126436176392436
1721665045869430000,32.00142993164062,0.0265058757402002,0.0332540348261594,-0.173098558846116
1721665045879474200,32.01147412109375,0.0269836493197828,-0.0001224573358893,-0.0042255087405443
1721665045889518000,32.02151806640625,0.0290372939139604,-0.0151567987300455,0.0818564454317092
1721665045899562200,32.03156225585938,0.0477669826947152,-0.0024156828396022,0.0369417834281921
1721665045909605000,32.04160522460938,0.0545545970082282,0.0264091373674571,-0.0346352600514888
1721665045919649000,32.05164892578125,0.0460887472841888,0.0387424031093716,-0.0481055669993162
1721665045929693000,32.06169287109375,0.0244073690909892,0.0696172877140343,-0.0240735340267419
1721665045939737000,32.07173706054687,0.0135416916836053,0.0834181417904794,0.0050631286084651
1721665045949781200,32.08178125,0.004895005499944,0.0976955273374915,-0.0068880059480667
1721665045959825200,32.0918251953125,-0.0024381138671189,0.1097381395697593,0.0050058454632759
1721665045969869000,32.101869140625,-0.0095158702336251,0.0956707435116171,-0.0061298810571432
1721665045979913000,32.11191284179687,0.0020393968731164,0.0742145523764193,0.0054483285337686
1721665045989957000,32.12195703125,0.0024941549032926,0.0337986630968749,0.0091956983685493
1721665046000001300,32.132001220703124,0.0023242782291024,0.0095762221187353,-0.0122089087098836
1721665046010045000,32.142044921875,0.004261822162941,-0.0124292734622955,-0.034679683715105
1721665046020089000,32.152089111328124,-0.0035303660832345,-0.0323430574610829,-0.037290742996335
1721665046030133000,32.16213305664063,0.0030613603319972,-0.0463270130194723,-0.0443751482993364
1721665046040176000,32.17217602539063,0.0108419312056154,-0.0642113370172679,-0.0404267029345035
1721665046050220000,32.18221997070312,0.0130879565667361,-0.0599549947470426,-0.0374386270344257
1721665046060264200,32.19226416015625,0.0046468028925359,-0.0697016049966216,-0.0458732779026031
1721665046070308000,32.20230810546875,-0.0043319647897034,-0.0764871734835207,-0.0367196651101112
1721665046080352000,32.21235205078125,-0.0119911743059754,-0.0711677320264279,-0.0237105459332466
1721665046090396200,32.222396240234374,-0.025019363509491,-0.0747068659380078,-0.0300081847727298
1721665046100440000,32.23244018554688,-0.0329279446769505,-0.0635173634037375,-0.0385065485268831
1721665046110484200,32.242484130859374,-0.0232318225055933,-0.0549019491411745,-0.0459288074821233
1721665046120528000,32.25252783203125,-0.0179154497884213,-0.0346371597476303,-0.0413718748301267
1721665046130572000,32.262572021484374,-0.0091208795666694,-0.0233906663291156,-0.0403857864022254
1721665046140616200,32.2726162109375,-0.0048274932216852,-0.004578559961915,-0.0302682970136404
1721665046150660000,32.28266015625,0.0027834932386875,0.0024205051451921,-0.0211865804135799
1721665046160703200,32.292703125,-0.0048316579401493,0.0319949746757745,-0.0074801266223192
1721665046170747100,32.3027470703125,-0.0014162965387105,0.039363603747636,0.0005488660544157
1721665046180791000,32.312791015625,-0.0029101152930408,0.0573198239378631,-0.0002063362270593
1721665046190835000,32.3228349609375,-0.0083336016464978,0.0654540305547416,0.0143050042062997
1721665046200879000,32.332879150390625,-0.016153700812906,0.0784649032972753,0.0167091427385807
1721665046210923300,32.34292333984375,-0.0133552292007952,0.0754820880942046,-0.0067483052164316
1721665046220967200,32.35296728515625,-0.0106268271502107,0.070262161488831,-0.0010176526099443
1721665046231011000,32.36301098632813,-0.0183824097130447,0.055910980053246,0.0002606967628002
1721665046241055000,32.373054931640624,-0.0223210643362253,0.0461744528062641,0.0005693243205547
1721665046251099100,32.38309912109375,-0.01735840042755,0.0229817932672798,0.0029506664991378
1721665046261143300,32.39314331054688,-0.0222233761154115,0.0136820500023663,0.0048696518629789
1721665046271187000,32.40318701171875,-0.0228589706052094,0.0050454468213021,-0.0146422733366489
1721665046281231000,32.413231201171875,-0.0183052528236061,0.0002906535096466,-0.0173848500430583
1721665046291274000,32.42327392578125,-0.0187960320152342,0.0049117374390363,0.0095732995092868
1721665046301318100,32.43331811523438,-0.0143668173961341,0.0036817572526633,0.0043704701691865
1721665046311362000,32.443362060546875,-0.0064569210544228,-0.0058883273862302,-0.029836335337162
1721665046321406200,32.45340625,0.0028550971701741,0.0025773031421005,-0.0354746334850788
1721665046331450000,32.4634501953125,0.0135046476088464,-0.00193944362998,-0.0302156900435686
1721665046341494000,32.47349389648438,0.0240115016411989,-0.019656155975908,-0.0552262126594781
1721665046351538200,32.4835380859375,0.0175698512211441,-0.0200645906463265,-0.07861001085639
1721665046361582000,32.49358203125,0.0027522943828254,-0.0237757201239466,-0.0332242242097854
1721665046371626200,32.503626220703126,-0.0170403474543243,-0.0365209276676177,-0.0568178657650947
1721665046381670100,32.51367016601562,-0.0200018276084214,-0.0229224642954766,-0.1201215864181518
1721665046391714300,32.52371435546875,-0.0105589495457708,-0.0277395091883838,-0.1025847606837749
1721665046401757200,32.533757080078125,0.0044365211427211,-0.0340310105480253,0.0290904854059219
1721665046411801300,32.54380126953125,0.0589654722530394,-0.0384261767670512,0.1422071614980697
1721665046421845500,32.55384545898438,0.0989481577470898,-0.0237996855214238,0.0319593188405036
1721665046431889400,32.56388940429687,0.0847342658903449,-0.0324931334562599,-0.0991506945818662
1721665046441933300,32.573933349609376,0.0361132236495614,-0.0370258084498345,-0.2406780571222305
1721665046451977200,32.58397729492187,-0.0004921674311161,-0.0480935843005776,-0.1914396867007017
1721665046462021400,32.594021484375,-0.0161558927699923,-0.0445369147323071,-0.0361667074024677
1721665046472065500,32.6040654296875,-0.0218527892373502,-0.0269517198115587,0.1047200191468
1721665046482109200,32.614109130859376,0.0098044779166579,0.0078799395948648,0.1008200890988111
1721665046492153300,32.6241533203125,0.0332085151840001,0.0461620317161083,0.0500789128988981
1721665046502197200,32.634197265625,0.0382736896190792,0.0821763250358402,0.0164841018110513
1721665046512241400,32.644241455078124,0.0088851711146533,0.130159726960212,0.0247580091595649
1721665046522284300,32.6542841796875,-0.0416119671963155,0.1509092311307787,0.0299386266678571
1721665046532328400,32.66432836914063,-0.0620406419146805,0.1754585659757256,0.0194160636097192
1721665046542372400,32.67437231445312,-0.0518172079335898,0.1730307543069124,-0.0230821849018335
1721665046552416300,32.68441625976563,-0.0220909819073975,0.1601633816882967,-0.0427583607524633
1721665046562460400,32.69446044921875,-0.0190019298508763,0.119474959077686,-0.020348960545659
1721665046572504300,32.70450439453125,-0.0019873013596981,0.0484594950035214,0.0002928454667329
1721665046582548500,32.714548583984374,-0.0131331108827143,-0.0086307579621672,0.0287783507168293
1721665046592592100,32.724592041015626,-0.0131140408560633,-0.0678822806149721,0.0090185882359743
1721665046602636300,32.73463623046875,-0.016415712749958,-0.1041901500537991,-0.0049152445703744
1721665046612680400,32.74468041992188,-0.0298272752478718,-0.1272609367787837,-0.0156014737576246
1721665046622724400,32.754724365234374,-0.0236725520104169,-0.1492050575613975,-0.0235375274538993
1721665046632768500,32.7647685546875,-0.0151824446279555,-0.151075673738867,-0.0076683426707983
1721665046642811400,32.77481127929688,-0.016380714501813,-0.1502592427894473,-0.0050496846050024
1721665046652855300,32.78485522460937,-0.0032924656741321,-0.1303948508903384,-0.0095522567212581
1721665046662899200,32.79489916992188,0.0047658261623233,-0.0936642259947955,-0.0161895027786493
1721665046672943400,32.804943359375,-0.0067860068783164,-0.043303427414596,-0.0028846155256032
1721665046682987500,32.81498754882813,-0.0262743320066481,-0.0035683600060641,-0.0067336921691894
1721665046693031400,32.825031494140624,-0.0168821612179279,0.0478458931498229,-0.0483680173277854
1721665046703075300,32.83507543945313,-0.0162246471572667,0.0863058260560035,0.0370733008533716
1721665046713119200,32.845119140625,-0.0442730761643499,0.1109989532858133,0.1336655431240797
1721665046723163400,32.85516333007813,-0.0439347841206938,0.1082854565434157,0.0127782330304384
1721665046733207300,32.865207275390624,-0.0019301643449813,0.0837109872572123,-0.1647673683524131
1721665046743251200,32.87525122070313,0.0120348673172295,0.0401923096567392,-0.1485422097384929
1721665046753295400,32.88529541015625,0.0069612173147499,0.0044354982294142,0.0031137481063604
1721665046763338200,32.89533813476562,0.0130270932249724,0.0046695992462337,0.0796475372105836
1721665046773382400,32.90538232421875,0.0243367880728095,-0.0071986793324351,-0.0061871642023324
1721665046783426300,32.91542626953125,0.036372678303346,0.0165424078695476,-0.0681207655459642
1721665046793470500,32.92547045898438,0.0321715002864599,0.0472138788565993,-0.0637415275484323
1721665046803514400,32.935514404296875,0.0146079326756298,0.0533136570364236,-0.0215770410358905
1721665046813558300,32.94555834960938,0.0131192284878343,0.0816204447187483,0.0080330843299627
1721665046823602400,32.9556025390625,0.0018910744436085,0.0938143019899725,0.0061135144442319
1721665046833646300,32.96564624023438,-0.0051074792068451,0.0992442180842161,-0.0042892216265201
1721665046843690500,32.9756904296875,0.0037958120863884,0.0891508402235806,0.0083949033796787
1721665046853734100,32.98573413085938,0.0071134122017771,0.064518795531243,0.0141939450472593
1721665046863778300,32.9957783203125,0.0152935768522322,0.0311116159699857,0.0141419225990772
1721665046873821200,33.0058212890625,0.0155965783867985,0.0112508773326873,0.0142424603641033
1721665046883865300,33.015865234375,0.0171725224666297,-0.0057224693000316,-0.0152542677551507
1721665046893909500,33.025909423828125,-0.003687894732505,-0.0232478968575596,-0.0097509941637516
1721665046903953400,33.03595336914063,-0.0059786360181868,-0.0359206236869096,-0.0026449615508317
1721665046913997300,33.045997314453125,0.0109684801947325,-0.0613208762727677,-0.0021709142982959
1721665046924041200,33.05604125976563,0.0152010031979531,-0.0671665335610508,-0.0038619361251592
1721665046934085400,33.06608544921875,0.0104511052571237,-0.0721288321435451,-0.0078308397561311
1721665046944129300,33.07612939453125,-0.0026500030521303,-0.0894341872096061,-0.0251730197012424
1721665046954173400,33.08617333984375,-0.0057741994872689,-0.0840260445557534,-0.0286000715404748
1721665046964217300,33.09621728515625,-0.0218751471996307,-0.081653616335988,-0.0352507616013288
1721665046974261200,33.10626123046875,-0.0213902862921357,-0.0671565966889262,-0.0313578458160161
1721665046984305400,33.11630541992187,-0.0130086077202111,-0.0576408725857734,-0.0292471372723579
1721665046994348300,33.12634838867187,-0.0152462305791676,-0.0371329220861196,-0.0230687408983707
1721665047004392400,33.136392333984375,-0.0117976975604891,-0.0286027018889784,-0.0338631066352128
1721665047014436400,33.14643627929688,-0.0173404994446784,-0.013099720069766,-0.0285544788330793
1721665047024480300,33.156480224609375,-0.0112714817292988,0.0079512512654066,-0.0071200611382722
1721665047034524400,33.1665244140625,-0.0123531394861638,0.0226442318759858,-0.0067933134019374
1721665047044568300,33.176568359375,-0.0227886818479746,0.0408307536907494,-0.0101999069750308
1721665047054612500,33.18661254882812,-0.0193982356920838,0.0596085193969309,-0.0156494045525789
1721665047064656400,33.196656494140626,-0.014960472440347,0.0713762602105736,-0.0156458974212408
1721665047074700300,33.2067001953125,-0.003806406545639,0.067980334161967,-0.0176917240351438
1721665047084744400,33.216744384765626,-0.0071342357940971,0.076685180273652,-0.0089402623027563
1721665047094788400,33.22678833007812,-0.0090391195673495,0.0780136523984372,-0.0167892222374677
1721665047104831500,33.23683154296875,-0.0089338325619697,0.0743675509810447,-0.0193219555854797
1721665047114875400,33.24687548828125,-0.0026483225516974,0.0713258451975882,-0.0381353771269321
1721665047124919300,33.25691918945312,-0.0130558809280395,0.0506114123404026,-0.0387742595523595
1721665047134963200,33.266963134765625,-0.0332266353625804,0.0311852657280862,-0.0016688099950551
1721665047145007400,33.27700732421875,-0.0362820774104446,0.0256060042910277,0.015742343533039
1721665047155051300,33.28705126953125,-0.0409716965314,0.0104170568570494,-0.0028816929161548
1721665047165095400,33.29709545898437,-0.0257904940124601,0.0045769525267183,-0.0068272156715393
1721665047175139300,33.30713940429688,-0.0128228758897632,-0.0098116383098065,0.0212631527811288
1721665047185183200,33.31718334960937,0.0012611059769988,-0.0163971541799604,0.028437574455142
1721665047195227400,33.32722729492188,0.0062843409664928,-0.0380801398083567,-0.0109691377818584
1721665047205271300,33.33727124023437,0.0072764207437634,-0.0396269308589398,-0.0245972656399011
1721665047215314400,33.347314453125,-0.0096548403128981,-0.0372628320761024,-0.0285609085738658
1721665047225358300,33.3573583984375,-0.0259239841990172,-0.0388769892744719,-0.0859796628415584
1721665047235402200,33.36740234375,-0.0216211724385619,-0.0331800928071141,-0.1368126089781522
1721665047245446400,33.3774462890625,-0.0106130908858031,-0.0317480141773819,-0.1176566576093435
1721665047255490300,33.387490234375,0.0083347706902772,-0.0483759083732962,0.1037865376889705
1721665047265534500,33.39753442382813,0.0628057080030441,-0.0526503708221018,0.1707645629405975
1721665047275578400,33.40757836914062,0.1050437712084502,-0.0502858336478471,0.0078355159312486
1721665047285622300,33.417622314453126,0.0962578226845711,-0.0507991899974644,-0.1130184764146804
1721665047295666400,33.42766650390625,0.0423172659214586,-0.0490599451147019,-0.2102852569460868
1721665047305710300,33.43771044921875,0.0029456980630755,-0.039027065269649,-0.1820335604518652
1721665047315754500,33.44775439453125,-0.0229997673153877,-0.0309457578837871,-0.0895142667084932
1721665047325797400,33.45779736328125,-0.025087971766293,-0.0058190615423023,-0.0063864861667156
1721665047335841500,33.46784155273438,-0.0119549339488148,0.0357056657619774,0.0493839163720607
1721665047345885200,33.47788525390625,0.0086721859510988,0.072396689299494,0.0337590617388486
1721665047355929300,33.48792944335938,0.0148373575173318,0.1058415705226361,0.038486090260744
1721665047365973200,33.49797314453125,0.0025664894871413,0.1476584126412868,0.041897360008955
1721665047376017400,33.50801733398438,-0.0279715643785893,0.1631985116004943,0.0248304898738861
1721665047386060800,33.51806079101563,-0.0406019133709371,0.1703635809242725,0.0172808051466941
1721665047396104400,33.5281044921875,-0.0525604275163263,0.1548117915272712,-0.0104272859901189
1721665047406148600,33.53814868164063,-0.0342738063279539,0.1210989070177078,-0.0175602066099643
1721665047416192500,33.548192626953124,-0.0260838509358465,0.0675122782588005,0.0014431845456361
1721665047426236700,33.55823657226563,-0.0162164638508111,0.0145456810943782,0.0293991129636764
1721665047436279600,33.56827954101563,-0.0168313808787614,-0.0385061101354658,0.0356102425634861
1721665047446323700,33.57832373046875,-0.0088421356905251,-0.0678980627059936,0.0147878192871809
1721665047456367600,33.58836767578125,-0.004966024909541,-0.0825479348272085,0.010721885022521
1721665047466411500,33.59841162109375,-0.0059019175201654,-0.0930520854458212,0.0052034138619899
1721665047476455700,33.60845556640625,0.0027383389227092,-0.1010451300263404,0.0053261634588241
1721665047486499600,33.61849951171875,0.016145736702159,-0.1060148812629282,-0.0046148003190755
1721665047496543700,33.62854370117188,0.0221129014782607,-0.0953339127726852,-0.0084089319050312
1721665047506587600,33.638587646484375,0.0169010120488703,-0.0871764714106917,-0.0188017311036586
1721665047516631600,33.64863159179688,-0.0019181816462427,-0.0558928598746657,-0.0078127195775508
1721665047526675700,33.65867578125,-0.012883446970582,-0.0252753110319375,0.0093330610126256
1721665047536719600,33.6687197265625,-0.0238071381755173,0.0034570085860788,-0.0212315885990858
1721665047546762800,33.6787626953125,-0.0242285053927451,0.0307050809957087,-0.0689887805521488
1721665047556806700,33.688806640625,-0.0370768079847097,0.0512333436310291,0.0927256299704313
1721665047566850600,33.6988505859375,-0.0613883154857903,0.0808631966106593,0.1093593693852424
1721665047576894500,33.70889453125,-0.0436197998873889,0.0790770438462495,-0.0212958860069513
1721665047586938600,33.71893872070312,-0.0017871756777167,0.0516558068268001,-0.1579524276405572
1721665047596982800,33.728982666015625,0.0190423349265009,0.0161151223681867,-0.2088976019799709
1721665047607026700,33.73902661132813,0.0261215525977313,-0.0126373632550239,-0.0791729054361581
1721665047617070600,33.749070556640625,0.0148915719226002,-0.0145775375373661,0.031871056035161
1721665047627114500,33.75911450195313,0.0196021607663482,-0.0094103640325367,0.0183013803660869
1721665047637158700,33.76915869140625,0.0189710963211953,0.0009179916277527,-0.0161573540747165
1721665047647201500,33.779201416015624,0.0072516516286879,0.0302772109724581,-0.0360714303344488
1721665047657245700,33.78924560546875,-0.0015213643483817,0.0507378151990473,-0.0237146375864744
1721665047667289900,33.79928979492188,-0.0037829526048153,0.0656914925724267,-0.0222188460707664
1721665047677333500,33.80933349609375,-0.002461713938415,0.0787039727501571,-0.0090220953673124
1721665047687377700,33.81937768554688,-0.0014666384864598,0.0795388161391019,0.0062748424857854
1721665047697421600,33.82942163085937,-0.0020438538525253,0.0668631667003035,-0.0032668928414583
1721665047707465700,33.8394658203125,-6.37128859758e-05,0.0557188184820115,0.010242577072978
1721665047717509600,33.84950952148437,0.0019256343003362,0.0443025214545428,0.0217792856097221
1721665047727553500,33.859553466796875,0.0035566695682704,0.0234846282228827,0.0303372705966234
1721665047737597700,33.86959765625,0.0033162118759006,0.0024143676653504,0.0084247139960527
1721665047747641600,33.8796416015625,-0.0016503244902938,-0.0167851305842399,-0.0044978959411382
1721665047757684700,33.889684814453126,0.0022156302228569,-0.0323823665581643,-0.0041004210561513
1721665047767728600,33.89972875976562,0.0070952920231968,-0.053932081195712,0.00253624047935
1721665047777772500,33.9097724609375,0.0123473673325031,-0.0666670596063137,-0.0136614456057548
1721665047787816400,33.91981640625,0.0050577217809855,-0.0688880966566503,-0.0140349550932645
1721665047797860600,33.929860595703126,0.0069403937224298,-0.0672108110941946,-0.0244581494301557
1721665047807904800,33.93990478515625,-0.0119430243153125,-0.0699276688374579,-0.0317173267781734
1721665047817948700,33.94994873046875,-0.0130152566567063,-0.066074208279699,-0.025218612408638
1721665047827992600,33.95999267578125,-0.0194873022150248,-0.0533702095292508,-0.0323345818936824
1721665047838036500,33.970036376953125,-0.0126745534602552,-0.0349348275199532,-0.0434703084141016
1721665047848080600,33.98008056640625,-4.06242713332e-05,-0.0289386558450758,-0.0490180056691169
1721665047858123500,33.99012353515625,-0.002153597837314,-0.0133127782985568,-0.0330588045150041
1721665047868167700,34.000167724609376,-0.0103423111204057,0.0037124446518719,-0.0196615628033876
1721665047878211800,34.0102119140625,-0.0136773738272488,0.0155262165643274,-0.0161292970240116
1721665047888255500,34.02025537109375,-0.0155630414433777,0.0313873641714453,-0.0188128370195627
1721665047898299600,34.03029956054687,-0.0085362115465104,0.0402336645804345,-0.0263993466258048
1721665047908343600,34.040343505859376,-0.0066585811063647,0.0528334723040461,-0.0405681572318077
1721665047918387700,34.0503876953125,-0.009799655611068,0.0532118040971457,-0.04906827455163
1721665047928431900,34.06043188476563,0.0003502747423946,0.0489336883865296,-0.0381312854737043
1721665047938475500,34.0704755859375,-0.0112177787806838,0.048408057077229,-0.0460001191526651
1721665047948519700,34.08051977539063,-0.0330859117176383,0.0482638263009488,-0.0162672441899776
1721665047958563600,34.0905634765625,-0.041223990792036,0.0441498151108622,0.0186170221865177
1721665047968606700,34.10060668945312,-0.0382373761966824,0.045610535313189,0.0065098202854394
1721665047978650600,34.110650634765626,-0.0356978477817028,0.0411155619814991,-0.0051999067306518
1721665047988694800,34.12069482421875,-0.0301668094005435,0.0306869608171284,0.0195195239841938
1721665047998738400,34.130738525390626,-0.0250800807207822,0.0250900175929069,0.0321463658452033
1721665048008782600,34.14078247070312,-0.0216672766026109,0.0147100778758525,0.0074777885347604
1721665048018826800,34.15082666015625,-0.0115746293943375,0.0051052141845226,-0.0178413616389036
1721665048028870700,34.16087060546875,-0.0141275287475436,-0.0074584993124008,-0.0233282686173915
1721665048038914600,34.17091455078125,-0.0202113056406378,-0.0156390292890369,-0.0715542471259832
1721665048048958500,34.18095849609375,-0.0139265993479639,-0.0320059344612062,-0.1571978098809719
1721665048059002600,34.19100268554688,-0.0178982794579118,-0.0355859849050641,-0.1164180557250976
1721665048069045500,34.20104541015625,0.0135074971530586,-0.0675597706623375,0.1289823537439108
1721665048079089700,34.21108959960937,0.0632355507876724,-0.0692332568325102,0.2261164478063583
1721665048089133800,34.2211337890625,0.0885474675029516,-0.0731114134401083,0.022432196560502
1721665048099177500,34.23117749023437,0.0706786333352327,-0.0493587819308042,-0.092491236692667
1721665048109221600,34.2412216796875,0.0209830206654965,-0.041063539533317,-0.2042933230549097
1721665048119265500,34.251265625,-0.0211301740512251,-0.0500672224611043,-0.2219108128100633
1721665048129309700,34.26130981445313,-0.0514283547464758,-0.0578222205020487,-0.1438514215737581
1721665048139353900,34.271353759765624,-0.0552734128020703,-0.0351662981882691,-0.0235293441474437
1721665048149397500,34.2813974609375,-0.0416829866059124,-0.00386982717067,0.0527250434935092
1721665048159441700,34.291441650390624,0.0028510055169463,0.0413648605674505,0.0638853199332952
1721665048169484500,34.30148461914062,0.0330048823706805,0.079473349687457,0.0614770897477865
1721665048179528700,34.31152880859375,0.026579963889718,0.1049704867765307,0.0524012183666229
1721665048189572600,34.32157250976562,0.00857902777493,0.1426388309136033,0.0187292503893375
1721665048199616800,34.33161669921875,-0.0132126058597117,0.1536048999555408,-0.0132762456804513
1721665048209660400,34.34166040039062,-0.0209123665820807,0.1546849502772092,-0.0451361957997083
1721665048219704600,34.35170458984375,-0.0195896666109561,0.1163213173523545,-0.0416962844789028
1721665048229748700,34.361748779296875,-0.0203000068373978,0.0746967829354107,-0.0021288287222385
1721665048239792600,34.37179272460938,-0.0251462778247892,0.0276703894749283,0.0386515099555253
1721665048249836800,34.3818369140625,-0.0130870067186653,-0.0209928114071488,0.0336731370210647
1721665048259880400,34.39188037109375,-0.0166066322121769,-0.049651919658482,0.0293926832228898
1721665048269924600,34.401924560546874,-0.0131331839479506,-0.0648762306667864,0.0169593181073665
1721665048279967500,34.411967529296874,-0.0079676178783178,-0.0812108410045504,-0.0019131401449441
1721665048290011600,34.42201171875,-0.0099272275134921,-0.0897540668137371,0.0130003513485193
1721665048300055800,34.432055908203125,0.0059871115855872,-0.0993434406749904,0.0072252750784158
1721665048310099700,34.442099609375,0.0131320149041712,-0.0888425049267709,0.0026133973687887
1721665048320143600,34.4521435546875,0.0157962656773626,-0.0766277509979903,-0.0078115505337715
1721665048330187500,34.4621875,0.0159616123069077,-0.0544004293598234,-0.0077589435636997
1721665048340231700,34.472231689453125,0.0053357350047677,-0.0228434077098965,-0.0024684359401464
1721665048350275600,34.48227563476563,-0.0054098231542855,0.0092881989575922,0.0061474167138338
1721665048360319500,34.492319580078124,-0.005145546194911,0.0406806776955723,-0.0359007499426603
1721665048370363600,34.50236376953125,-0.0083680884379893,0.0663040715128183,-0.041897360008955
1721665048380406500,34.51240649414063,-0.0369737129364162,0.0891756824038922,0.1121311721861362
1721665048390450400,34.522450439453124,-0.044982539607957,0.0897241100668907,0.0698906978279352
1721665048400494600,34.53249462890625,-0.021157865775749,0.071050973778963,-0.0938309608638286
1721665048410538800,34.542538818359375,0.0235588625028729,0.0274225521937012,-0.2221960594922304
1721665048420582700,34.55258276367187,0.0227622322324663,-0.0182867673188447,-0.1258306117147207
1721665048430626600,34.56262646484375,-0.0007883738987147,-0.0424662459380924,0.0041658875077962
1721665048440670500,34.57267041015625,-0.0142683254577219,-0.0417976990267634,0.000939911198616
1721665048450714600,34.582714599609375,-0.0141080203294754,-0.0208010882273316,-0.0553507158219814
1721665048460758800,34.5927587890625,-0.0160717216178774,-0.0040090895108878,-0.0661515112996101
1721665048470802400,34.602802490234374,-0.0139181237805634,0.0255626035407185,-0.0382522815048694
1721665048480845600,34.612845458984374,-0.0059873307812958,0.0491879554085433,-0.0387444489359855
1721665048490889500,34.62288940429688,-0.0106350835219025,0.0776302060388028,-0.0236520937442779
1721665048500933600,34.63293359375,-0.0079804773598909,0.0888216082692146,-0.0079313775211572
1721665048510977500,34.6429775390625,-0.001164148408547,0.0814712455064058,0.024271102425456
1721665048521021700,34.653021728515625,0.0032262685701251,0.0589693447105586,0.0205681562542915
1721665048531065600,34.66306567382812,-0.0014188538219779,0.0355893459059298,0.0189338330507278
1721665048541109500,34.673109619140625,-0.0013555062621831,0.0307043503433465,0.0302992766737937
1721665048551153700,34.68315356445312,-0.0001298369247466,0.0097759824745357,0.0149807115107774
1721665048561197600,34.693197509765625,0.0014602818109095,-0.0104953827902674,-0.0068821607291698
1721665048571240700,34.70324072265625,0.0085806352101266,-0.0164553141079843,-0.0210486332476139
1721665048581284600,34.71328466796875,0.0080919749103486,-0.0310709916986525,-0.0106745387494564
1721665048591328500,34.72332861328125,0.0073384531293064,-0.0506045442081987,-0.0094616558283567
1721665048601372400,34.73337231445313,0.0077901424195617,-0.0572818300150334,-0.0139583827257156
1721665048611416600,34.74341650390625,0.002692527019605,-0.0694582977600395,-0.0117810386866331
1721665048621460700,34.75346069335937,-0.0086025547809898,-0.0606520371004939,-0.0193435828953981
1721665048631504600,34.76350463867188,-0.0129994015004485,-0.0622211861133575,-0.0236035784274339
1721665048641548500,34.77354858398437,-0.0076576020810753,-0.0449338050954043,-0.0287426948815584
1721665048651592400,34.783592529296875,-0.01062105499655,-0.0235299286693334,-0.0323480258971452
1721665048661636600,34.79363671875,0.0001334171213209,-0.0215362706340849,-0.0376209978640079
1721665048671679500,34.80367944335938,0.0054222442444413,-0.0006394669473171,-0.024662732091546
1721665048681723600,34.8137236328125,0.0088379709720611,0.000156651866436,-0.0256143337279558
1721665048691767800,34.82376782226562,0.0040084319237619,0.0096185999557375,-0.0205845228672027
1721665048701811500,34.8338115234375,-0.0059654842756688,0.0225356569349765,-0.0247954185605049
1721665048711855600,34.84385571289062,-0.0156049808889627,0.0328055604062974,-0.0211690447568893
1721665048721899500,34.8538994140625,-0.0128853466667234,0.051885231668502,-0.0193587804645299
1721665048731943700,34.86394360351562,-0.0127029758371412,0.0535661704927682,-0.0450642996072769
1721665048741987600,34.873987548828126,-0.0215380241997539,0.0484296843871474,-0.031628479450941
1721665048752031500,34.88403149414062,-0.0178515177067369,0.0490219511918723,-0.0354968453168869
1721665048762075600,34.89407568359375,-0.0104421912983059,0.0391800638742744,-0.0308493117719888
1721665048772118500,34.904118408203125,-0.0153896576378494,0.0267187878385186,-0.0446516271531581
1721665048782162700,34.91416259765625,-0.0107604634672403,0.0135056705221533,-0.038484336695075
1721665048792206600,34.92420654296875,-0.0294780964840203,0.0131165250740945,-0.0070189388513565
1721665048802250500,34.93425048828125,-0.0277756764803081,0.0117516664616763,0.0148030168563127
1721665048812294400,34.94429443359375,-0.0246435889996588,0.0044151860937476,0.0175982005327939
1721665048822338600,34.95433862304687,-0.0194390060938894,0.0004025894515216,0.0135872113257646
1721665048832382700,34.9643828125,-0.0058962184317409,0.004731412436068,-0.0069973115414381
1721665048842426600,34.97442651367187,-0.0023193828582763,0.0089312022134661,-0.0293909296572208
1721665048852470500,34.984470458984376,-0.0077691726967692,0.0047498248755931,-0.0418453375607729
1721665048862513700,34.994513671875,-0.0241360048037022,0.0061230129249393,-0.055103463062644
1721665048872557600,35.0045576171875,-0.0311903802946209,0.0062580374814569,-0.0553752657413482
1721665048882601500,35.0146015625,-0.0234841167662292,-0.0123119306929409,-0.1177419978052377
1721665048892645600,35.02464575195312,-0.0214468387849628,-0.0211086928717792,-0.0956862333416938
1721665048902689800,35.03468969726563,-0.0088142978355288,-0.0352003465883433,0.0596755932837724
1721665048912733400,35.0447333984375,0.0261471984956413,-0.0444704253673553,0.212724466791749
1721665048922777600,35.05477758789063,0.07143668516092,-0.0563144462876021,0.0341132820039987
1721665048932821500,35.06482153320312,0.0689926530096679,-0.0509831682622432,-0.0675841744512319
1721665048942865700,35.07486572265625,0.0264338334172964,-0.0442043217770755,-0.1425233878403902
1721665048952909800,35.084909912109374,-0.0086818305622786,-0.0549526564151048,-0.2173275766730308
1721665048962952700,35.09495263671875,-0.0452139372110366,-0.0664592620745301,-0.1792752016544342
1721665048972996400,35.104996337890626,-0.0552251897461712,-0.0493847931548953,-0.0543102668583393
1721665048983040500,35.11504052734375,-0.0473299064517021,-0.0127548521548509,0.0517044682741165
1721665048993084700,35.12508471679688,0.0021202800896018,0.0307052271261811,0.071520929378271
1721665049003128600,35.13512866210937,0.0364835182666778,0.0768652130156755,0.0522054035335779
1721665049013172700,35.1451728515625,0.0377824720360338,0.1172225039757788,0.0356745399713516
1721665049023216400,35.15521630859375,0.0164144706409424,0.1513667656399309,0.0154974288612604
1721665049033260500,35.16526049804688,-0.0080104341067373,0.1703245640881359,-0.0034656302839517
1721665049043304700,35.1753046875,-0.0152333710975945,0.1619527493230998,-0.0425122770369052
1721665049053348600,35.1853486328125,-0.026158523607254,0.1247565527424216,-0.0208791218996047
1721665049063391700,35.19539184570313,-0.0253241186097264,0.0846294172763824,0.0181833069443702
1721665049073435600,35.205435546875,-0.0279692262910306,0.0156089264117181,0.0342237566411495
1721665049083479600,35.2154794921875,-0.0242674491636455,-0.0305962137937545,0.0238595990151166
1721665049093523500,35.2255234375,-0.0194262927427887,-0.0639348581634461,0.0111567693084478
1721665049103567600,35.23556762695313,-0.0243846458025276,-0.0888689545422792,0.0037906244546175
1721665049113611800,35.24561181640625,-0.0218427062347531,-0.1081257359370589,0.0028238252490758
1721665049123655700,35.25565576171875,-0.003272007407993,-0.117928898679465,0.0043505964249372
1721665049133699600,35.26569946289062,0.0123064508002251,-0.1172451541990041,0.000382277315855
1721665049143743500,35.27574340820313,0.0172675072737038,-0.1032749349050223,-0.0136211135953664
1721665049153786600,35.28578662109375,0.0124421329438686,-0.072947747310996,-0.021328034710884
1721665049163830500,35.29583056640625,0.0130095575682818,-0.0343269247546792,-0.0195113406777381
1721665049173874700,35.30587475585938,-0.0026073329541832,0.0011640753433108,-0.0187368491739034
1721665049183918600,35.315918701171874,-0.0035871377717703,0.0237947170853614,0.0040554128706455
1721665049193962500,35.32596240234375,-0.0219518656976521,0.059204468640685,0.0013297872990369
1721665049204006700,35.336006591796874,-0.0131802379600703,0.081009327083081,-0.0714876116305589
1721665049214050600,35.34605053710938,-0.0147069360706955,0.0889846898764371,0.0166407536774873
1721665049224094700,35.3560947265625,-0.0395564959712326,0.1015022261440753,0.0737023650705814
1721665049234138400,35.36613842773438,-0.0235419844333082,0.0544631193324923,-0.087267364564538
1721665049244182500,35.3761826171875,0.0126931120302528,0.0074770578823983,-0.1553939753293991
1721665049254225400,35.38622534179687,0.0071871350251138,-0.0281735166914761,-0.0603296732783317
1721665049264269600,35.39626953125,0.0003013210341334,-0.0568989681772887,0.0045323827326297
1721665049274313700,35.406313720703125,-0.0031890052996575,-0.048576837772876,-0.0394295085906982
1721665049284357600,35.41635766601563,-0.0076755030639469,-0.0226038998655974,-0.0910527283221483
1721665049294401500,35.426401611328124,-0.0099341687109321,0.0117895142540335,-0.0752256291151046
1721665049304445400,35.43644555664063,-0.0098499975588172,0.0357001128040254,-0.0303466229468584
1721665049314489600,35.446489501953124,-0.0042078269533813,0.0656910541810095,0.0024754502028226
1721665049324533800,35.45653369140625,-0.0064512219659984,0.0874362913906574,-0.0083761986792087
1721665049334577700,35.46657763671875,0.0008504793494939,0.1060007066071033,-0.0037543840974569
1721665049344620800,35.476620849609375,0.004356076317653,0.0946127588912844,0.0193090961039066
1721665049354664400,35.48666455078125,0.0070188657861202,0.0696582042463123,0.0254839853465557
1721665049364708600,35.49670849609375,0.0054281625285744,0.0425112541235983,0.0289841024219989
1721665049374752500,35.50675244140625,-0.0035774200953543,0.0247162158444523,0.0259995336532592
1721665049384801000,35.51680102539063,-0.0083082480095326,0.0091899992801249,0.0177507607460021
1721665049394845000,35.526844970703124,-0.0078600658506155,-0.0140973528049886,-0.0048322424620389
1721665049404888800,35.53688891601563,-0.0055013738952577,-0.0282817993715405,-0.0234516027361154
1721665049414933000,35.54693310546875,0.0045767333310097,-0.0582001139037311,-0.0186111769676208
1721665049424977200,35.55697705078125,0.0093695936307311,-0.0645602965854108,-0.0031885669082403
1721665049435020000,35.56702001953125,-0.0009639496613293,-0.0825952811002731,-0.0189455234885215
1721665049445064200,35.577064208984375,-0.0009695026192814,-0.0741612147539854,-0.0284492648929357
1721665049455107800,35.58710791015625,-0.0172110278461128,-0.0741802117154002,-0.0378536375761032
1721665049465152000,35.597152099609374,-0.0150596219658851,-0.0590199058540165,-0.0438134227633476
1721665049475196000,35.60719580078125,-0.0131724199797958,-0.0474902115799486,-0.0373380892693996
1721665049485240000,35.617239990234374,-0.0120502840820699,-0.0271706232592463,-0.0306815539896488
1721665049495284000,35.62728393554688,-0.0043050037175416,-0.0169561032369732,-0.0322223536908626
1721665049505327900,35.637327880859374,-0.0011816110000014,0.0052054596886038,-0.019233692780137
1721665049515372000,35.6473720703125,0.0027492987081408,0.0185749366104602,-0.0213327108860015
1721665049525415000,35.65741479492188,-0.0001770370673388,0.0302457929208874,-0.0164209734469652
1721665049535459000,35.667458984375,3.28062910586e-05,0.0332826763987541,-0.0159691380262374
1721665049545503000,35.6775029296875,0.0002411883447319,0.0384219389833509,-0.0195557643413543
1721665049555547000,35.687546875,-0.0063545566584914,0.0484440051734447,-0.0232522807717323
1721665049565590800,35.6975908203125,-0.0193181561931967,0.0524178772404789,-0.018547464081645
1721665049575635000,35.707635009765625,-0.0210014331050217,0.0525901650674641,-0.0155026895582675
1721665049585679000,35.71767919921875,-0.0164030724640935,0.0441401704996824,-0.007377835291624
1721665049595723000,35.727722900390624,-0.019376827577874,0.0421926896937191,-0.0028676643908023
1721665049605767000,35.73776684570313,-0.0297811710838228,0.0263072844281792,-0.0095773911625146
1721665049615810800,35.747810791015624,-0.0253857126038521,0.0197584473066031,-0.0099380411684513
1721665049625854000,35.75785400390625,-0.0219092686649411,0.0023262509904801,-0.0040267712980508
1721665049635897900,35.76789794921875,-0.0141538322325795,0.0012915011152625,-0.0062526306539773
1721665049645942000,35.77794189453125,-0.0072879650510847,-0.0062963236652314,-0.0140495681405067
1721665049655986200,35.78798608398437,-0.0027403847493231,-0.0245101718783378,-0.0207382521241903
1721665049666029800,35.79802978515625,0.0021475334227085,-0.0263951088421046,-0.0365770417690277
1721665049676074000,35.80807397460938,-0.0005276771359145,-0.0239352945998311,-0.0357943669587373
1721665049686118000,35.818117919921875,-0.0083526716731488,-0.0226784264065325,-0.0111760585308074
1721665049696162000,35.828162109375,-0.0173425452712923,-0.0089272566907107,0.0034212066203355
1721665049706206200,35.838206298828126,-0.0124636141233146,-0.0030002047292888,0.0113192663937807
1721665049716249000,35.8482490234375,-0.0046813627492636,-0.0045192309901118,-0.002075637230277
1721665049726292700,35.85829272460938,0.0010971475869417,0.0095569328963756,-0.0193798232525587
1721665049736337000,35.8683369140625,-0.008411635318771,0.0146153853297233,-0.0594727641880512
1721665049746381000,35.87838110351562,-0.0134810475375503,0.0196074945285916,-0.0749403824329376
1721665049756425000,35.888425048828125,-0.0194193515453487,0.0243825999759137,-0.063723407369852
1721665049766469000,35.89846923828125,-0.0268093156661838,0.0343703255049884,-0.0983083985388278
1721665049776512800,35.9085126953125,-0.0206212016157805,0.0182445356123149,-0.1232546237468719
1721665049786557000,35.91855688476563,-0.0186243287101387,0.0068096800148487,-0.0233919815033674
1721665049796601000,35.92860107421875,0.0064651043608784,-0.0225479318946599,0.0829313811868429
1721665049806644000,35.93864404296875,0.0553217089232057,-0.0417962377220392,0.1695803215920925
1721665049816688000,35.94868823242187,0.0828841810442507,-0.0524843666054308,0.0381260247766971
1721665049826732000,35.95873193359375,0.0656291679259389,-0.0602078004643321,-0.0353840325921773
1721665049836776000,35.96877587890625,0.0214832252725958,-0.0515631601072847,-0.1133703585922717
1721665049846819800,35.97881982421875,-0.0058067135173827,-0.0652715135946869,-0.2039642372310161
1721665049856864000,35.98886401367187,-0.0381153572522103,-0.0675615242280066,-0.1669499730885028
1721665049866908200,35.998908203125,-0.0529480385944247,-0.041247225537151,-0.012834931653738
1721665049876951800,36.00895190429687,-0.0378198083717375,-0.0003472060024738,0.0796194801598787
1721665049886996000,36.018995849609375,0.001211275485903,0.0506250024743378,0.0811246240258216
1721665049897038800,36.029038818359375,0.0330859847828745,0.1027481345519423,0.0501794506639242
1721665049907083000,36.0390830078125,0.019144626257196,0.1357699680574238,0.0356646030992269
1721665049917127000,36.049126953125,-0.0017572189308702,0.1578352310016751,0.0452408252179622
1721665049927171000,36.05917114257812,-0.0256570038259029,0.1710124002218246,0.020524317112565
1721665049937215000,36.06921508789063,-0.0286185570452362,0.1611135220199823,-0.0071329206198453
1721665049947259000,36.0792587890625,-0.0145930273674428,0.1119346267007291,-0.0038812253475189
1721665049957303000,36.089302978515626,-0.0134288789588958,0.0555664043992757,0.0184831666737794
1721665049967347000,36.09934692382812,-0.0260370161194354,-0.0002783785499632,0.0362725058645009
1721665049977391000,36.10939111328125,-0.0276776229333132,-0.0384127327635884,0.0219540576547384
1721665049987434000,36.11943408203125,-0.0443703259937465,-0.0730140905454754,-0.0133154086470603
1721665049997478000,36.12947778320312,-0.0472601291511207,-0.0945958077564835,-0.0230967979490757
1721665050007521800,36.139521728515625,-0.0414885600123554,-0.1058639284849166,-0.0174929865926504
1721665050017566000,36.14956591796875,-0.0252292068678885,-0.1185699730619788,-0.0158434658199548
1721665050027610000,36.15961010742188,-0.005656053000316,-0.1116221997506916,-0.0379687883883714
1721665050037654000,36.16965405273437,0.006702347182855,-0.0935455680511891,-0.0376326883018016
1721665050047698000,36.17969799804688,0.0086288582660257,-0.0747327310316264,-0.0510439585387706
1721665050057741800,36.18974194335937,0.0127270142998546,-0.0445239091202616,-0.0260562322765588
1721665050067786000,36.19978588867188,-0.0015310820247977,-0.0059602235786616,0.0077051675498485
1721665050077828900,36.20982885742188,-0.0171928346022963,0.0209846281006932,0.0224707750052213
1721665050087873000,36.219873046875,-0.0189481538370251,0.0420765159681439,-0.005792611926794
1721665050097917200,36.22991723632813,-0.0035185295149683,0.0690304277367889,-0.04684884493649
1721665050107960800,36.2399609375,-0.0122960024714469,0.0945842634491622,0.0745557670295238
1721665050118005000,36.2500048828125,-0.02846460859254,0.0883218420535325,0.0347211847692728
1721665050128049000,36.260048828125,-0.003091097883135,0.0529877860829234,-0.107204237177968
1721665050138093000,36.27009301757813,0.0209571555718779,0.0084143387325108,-0.1098421844661235
1721665050148137000,36.28013696289062,0.0266257757928222,-0.0132411743670701,-0.0320242007702589
1721665050158180900,36.290180908203126,0.0112348029807209,-0.0312618380956351,-0.0023784195691347
1721665050168223700,36.3002236328125,0.0016940905667841,-0.037890316324681,-0.0485948118209838
1721665050178268000,36.31026782226562,-0.0003279898453503,-0.0217491827324032,-0.0781955848366022
1721665050188312000,36.32031201171875,-0.0018546879559755,0.0097401805087924,-0.0561193621069192
1721665050198356000,36.33035595703125,-0.0109266138143837,0.0357056657619774,-0.0166840082973241
1721665050208400100,36.34040014648438,-0.0115381698414683,0.0571592265486717,0.0127051677942276
1721665050218443800,36.35044384765625,-0.0119918318931013,0.0730254887223243,0.0030517887860536
1721665050228488000,36.36048803710938,-0.007064531558752,0.0750210464537143,-0.0030196400821208
1721665050238532000,36.37053198242187,-0.0004676905769854,0.0626299130447208,0.0006879822641611
1721665050248576000,36.38057592773438,-0.0030625293757766,0.0483813152007758,0.0186012400954961
1721665050258619100,36.390619140625,0.0038743572153151,0.0268890298388898,0.0281213481128215
1721665050268663000,36.4006630859375,0.0090418229810893,-0.0002794014632701,0.0113952542394399
1721665050278707000,36.41070703125,-0.0059611734267324,-0.0109074707224965,-0.0048649756878614
1721665050288750800,36.42075073242187,-0.0065085781764239,-0.0243779238007962,-0.0263601836591958
1721665050298795000,36.430794921875,-0.0013764029197394,-0.031403876914829,-0.0297837283670902
1721665050308839200,36.44083911132813,-0.0147987790726125,-0.0376623527877032,-0.016279519149661
1721665050318882800,36.4508828125,-0.0117826461218297,-0.0407685021094977,-0.0034779052436351
1721665050328927000,36.46092700195312,0.0003914104703813,-0.0431276324562728,-0.0226256733059883
1721665050338969900,36.47096997070312,-0.0015233371097594,-0.0513264287419617,-0.0508878911942243
1721665050349014000,36.48101391601563,-0.0158265877503901,-0.0517274107582867,-0.0546007742375135
1721665050359058000,36.49105786132812,-0.017728183588013,-0.048955315696448,-0.0436778136849403
1721665050369102000,36.50110205078125,-0.0214903856657445,-0.0405272406995296,-0.0487841969132423
1721665050379146000,36.51114599609375,-0.0179276516828685,-0.0275923558026552,-0.0407271471858024
1721665050389186000,36.52118603515625,-0.0206222975943237,-0.0257649942450225,-0.0333814605981111
1721665050399230200,36.531230224609374,-0.0117651835303753,-0.0101275723911821,-0.0347048181563615
1721665050409274400,36.5412744140625,0.0006895896993577,0.0109497024290263,-0.0316717340707778
1721665050419318300,36.551318359375,0.000331350846216,0.016479133374989,-0.0156289462864398
1721665050429362200,36.56136206054688,-0.0078660571999847,0.0230788239009678,0.0013256956458091
1721665050439405300,36.5714052734375,-0.0104785047207027,0.0369552274316549,-0.0055319151639938
1721665050449449200,36.58144921875,-0.0166962832570076,0.0426601610749959,-0.0210439570724964
1721665050459493000,36.5914931640625,-0.010296645347774,0.0563189763322472,-0.0251285960376262
1721665050469537300,36.60153735351562,-0.006967500925064,0.0606901771537959,-0.0304828165471553
1721665050479581400,36.61158154296875,-0.0187182175386697,0.0576541704587638,-0.0212841955691576
1721665050489625000,36.621625,-0.0087751348689198,0.0453106755837798,-0.0019710078120231
1721665050499669200,36.63166918945313,-0.0107627284895628,0.0401360494248569,-0.0056926586836576
1721665050509713200,36.64171313476562,-0.0158227152928709,0.0295930281005799,-0.0001426233410835
1721665050519756300,36.65175634765625,-0.0166071436688303,0.0116261403858661,-0.0032435119658708
1721665050529800200,36.66180029296875,-0.0188447665277868,-0.0025824177086353,-0.0095429043710231
1721665050539844400,36.67184423828125,-0.0104748514588922,-0.0136328040331602,-0.0075181205451488
1721665050549888300,36.68188818359375,-0.0171907887756824,-0.0212998315297067,0.0062818567484617
1721665050559932200,36.69193212890625,-0.0142976976826786,-0.0267319395810365,-0.0053536359876394
1721665050569976300,36.70197631835938,-0.0104710520666092,-0.0237424023762345,0.0022375497937202
1721665050580020200,36.712020263671874,-0.0090659345090389,-0.0253591899231076,0.0060994859188795
1721665050590064400,36.722064453125,-0.0048158027838915,-0.021084727474302,-0.0078296707123517
1721665050600108000,36.73210791015625,-0.0036038697108626,-0.0206325997926294,-0.0334247152179479
1721665050610151200,36.74215112304688,-0.0040505905650556,-0.0091420684851706,-0.034013913282752
1721665050620195000,36.75219506835938,0.0066737786754965,0.0015668109253048,-0.0417892234593629
1721665050630239200,36.7622392578125,0.0132373749747872,0.0008997253187,-0.0580588057368993
1721665050640283400,36.77228344726562,-0.00252235808447,-0.0088411858424544,-0.0526157379001379
1721665050650327300,36.782327392578125,-0.0115790863737463,-0.0020282909572124,-0.0309819982409477
1721665050660371200,36.79237109375,-0.0214127173196524,-0.0028999592252075,-0.0027203648746013
1721665050670415000,36.8024150390625,-0.0203528330031782,0.0128729255765676,-0.0039507834523916
1721665050680459300,36.81245922851563,-0.0014067980580031,0.0064506374441087,0.0141436761647462
1721665050690503400,36.82250341796875,-0.0021923224125057,0.0212896023966372,5.2606970071e-06
1721665050700546300,36.83254638671875,0.0159465608682483,0.0209339208267629,-0.0103121351778507
1721665050710590500,36.84259057617187,0.0078539283707737,0.0206838915884494,-0.0330436069458723
1721665050720634000,36.85263403320312,-0.0054393415097147,0.0318326237209141,-0.0567559064447879
1721665050730678300,36.86267822265625,-0.0167954327825456,0.0266669115208089,-0.0474608393549919
1721665050740722200,36.87272216796875,-0.0305264364931732,0.0241465992629528,-0.1000531963795423
1721665050750766300,36.88276635742187,-0.0213050922267138,0.0274782279036939,-0.0961573579847812
1721665050760810500,36.892810546875,-0.0250139566820114,0.0166125504963099,0.0019482114583253
1721665050770854100,36.90285424804687,0.0062552610024809,-0.0115738256767392,0.0832020148217678
1721665050780897000,36.91289697265625,0.047601928326115,-0.0281073195874691,0.172940153414011
1721665050790941200,36.922941162109375,0.0748356799494475,-0.0343479675427079,0.0520563504517078
1721665050800985300,36.9329853515625,0.0581895194444805,-0.0509016274586319,-0.0700789138764143
1721665050811029200,36.943029296875,0.0122419341966509,-0.0544308244980871,-0.1609469332814216
1721665050821073400,36.95307348632812,-0.0128842506881803,-0.0772815387316048,-0.1854044981896877
1721665050831117000,36.963116943359374,-0.0277642783034592,-0.0817515237525105,-0.0775730690240859
1721665050841161200,36.9731611328125,-0.0261691180665045,-0.0579775571942329,0.0265063141316175
1721665050851205400,36.983205322265626,0.0040989597514271,-0.0174837803728878,0.0656032297670841
1721665050861249300,36.99324926757812,0.0272707226328551,0.0195946350470185,0.0471159714400768
1721665050871292400,37.00329248046875,0.0196741300240159,0.0585122485928237,0.0291968683898448
1721665050881336300,37.01333642578125,-0.0128304016090929,0.1028453113161027,0.0260924726337194
1721665050891380200,37.02338012695313,-0.0467752682436257,0.1458726982682943,0.007543839508295
1721665050901424000,37.033424072265625,-0.0482170645497739,0.1673196831837296,-0.01671031178236
1721665050911468300,37.04346826171875,-0.0500836621392518,0.1728811167031526,-0.0642319414138793
1721665050921512400,37.05351245117188,-0.0367518868792802,0.1531593481451273,-0.0700239688187837
1721665050931556400,37.06355639648437,-0.0270502848152071,0.1108767882108688,-0.0493675497591495
1721665050941600300,37.07360034179688,-0.0366241688463836,0.0543346706472337,-0.0349701910942792
1721665050951644200,37.08364404296875,-0.0407633144777268,-0.0017826456330716,-0.0162245740920305
1721665050961687300,37.09368725585937,-0.0355453606337308,-0.0510948119431734,-0.0090197572797536
1721665050971731200,37.10373120117188,-0.0402612832397222,-0.079580755584687,-0.0168915135681629
1721665050981775400,37.113775390625,-0.0267631384368985,-0.1065301373086869,-0.0108604167103767
1721665050991819300,37.1238193359375,-0.0145239807192236,-0.1303727851890027,-0.0291863469958305
1721665051001863200,37.13386328125,0.0030098493404686,-0.1355750300072133,-0.0227390705525875
1721665051011907300,37.1439072265625,0.0143524966098368,-0.132807903381437,-0.0327665435701608
1721665051021951200,37.153951171875,0.0059057899776846,-0.1093305816821754,-0.0121025257259607
1721665051031995400,37.163995361328126,-0.0069425856795161,-0.0854068313896656,0.0062695817887783
1721665051042038300,37.174038330078126,-0.0037133214347064,-0.04142638149634,0.0310357742547988
1721665051052082200,37.18408227539062,-0.0091731942757964,-0.0012409399718046,0.0469143113881349
1721665051062126000,37.1941259765625,-0.008553747203201,0.0384966116547584,0.0238040694355964
1721665051072170200,37.20417016601562,-0.0079660835083574,0.063606941383332,0.0155173026055097
1721665051082214400,37.21421435546875,-0.0219048847507685,0.0944835795536637,0.1312707569420337
1721665051092258300,37.22425830078125,-0.0366673504009842,0.0924083807148039,0.0087485391229391
1721665051102302200,37.23430224609375,-0.0040190994482487,0.0679063921429216,-0.1282522859036922
1721665051112346000,37.24434619140625,0.0166626732483506,0.033051497991383,-0.0729541770517826
1721665051122390300,37.25439038085938,0.017586071703583,0.0046368660204112,0.0199427178323268
1721665051132433200,37.26443310546875,0.0090564360283315,-0.0118504506610333,0.0464601378798484
1721665051142477300,37.27447729492187,0.0071385466430336,-0.0143358377359807,-0.0275835879743099
1721665051152521500,37.284521484375,0.0201447432104498,-0.0032100480876863,-0.1092278519600629
1721665051162565000,37.29456518554687,0.0237844148870557,0.0172442725285887,-0.0903629924923181
1721665051172609300,37.304609375,0.01156995321922,0.0175156368158757,-0.0321422741919755
1721665051182653200,37.31465307617187,0.0048337768319994,0.0425480790026485,-0.0275046775192022
1721665051192697300,37.324697265625,0.0063441083297133,0.0632622195988893,-0.0346691623210907
1721665051202741200,37.3347412109375,-0.0020594898130744,0.077284753601998,-0.0315869783967733
1721665051212784400,37.34478442382812,0.0016603344276547,0.0795185040034353,-0.0157493577957153
1721665051222828000,37.354828125,0.003113601975888,0.0654768269084394,-0.0197638541340827
1721665051232872200,37.3648720703125,-0.0007079290736466,0.0442103131264448,-0.0214110368192195
1721665051242916400,37.37491625976563,-0.0016946020234376,0.0289893631190061,-0.0019733458995819
1721665051252960300,37.38496020507812,-0.0043025925647467,8.08101512491e-05,7.48188018798e-05
1721665051263004400,37.39500439453125,-0.009639204352349,-0.0148582541748881,-0.0203092130571603
1721665051273048000,37.40504809570312,-0.0055221974875777,-0.0248659995786845,-0.0482908604383468
1721665051283092200,37.41509228515625,-0.0013403086930513,-0.0401573844738304,-0.0128653267920017
1721665051293136400,37.425136474609374,-0.004437178729847,-0.0473421814113855,0.0026285949379205
1721665051303179300,37.43517919921875,-0.000729556383565,-0.045194647988677,-0.0055664019554853
1721665051313223400,37.44522338867188,-0.0087149291142821,-0.0461580861933529,-0.0067646718293428
1721665051323267300,37.45526733398437,-0.0083441230405122,-0.0380097049206495,-0.0184498489260673
1721665051333311200,37.46531127929688,-0.0181127989914268,-0.0464548771828412,-0.013549217402935
1721665051343355100,37.47535522460937,-0.0199256936322897,-0.0317728563576936,-0.0087906246989965
1721665051353399300,37.4853994140625,-0.0185878691572695,-0.0310945187047123,-0.0189917007178068
1721665051363443500,37.495443359375,-0.0254398539438843,-0.021955665089935,-0.0187087921231985
1721665051373487400,37.5054873046875,-0.0166479871358722,-0.0141321318574249,-0.0202794024407863
1721665051383530500,37.51553051757813,-0.0134579589229077,-0.0034285131439566,-0.0196066177457571
1721665051393574400,37.525574462890624,-0.0001254530105739,0.00915711992383,-0.0208534029364585
1721665051403618600,37.53561865234375,-0.004219517391175,0.0140092361301183,-0.0245101718783378
1721665051413662700,37.54566284179688,-0.0111062081649899,0.025081395895034,-0.0134603700757026
1721665051423706600,37.55570654296875,-0.0105452863465994,0.0303707344748079,-0.014196283134818
1721665051433750500,37.56575048828125,-0.0124534580554813,0.0389779654309153,-0.0185270058155059
1721665051443794400,37.57579443359375,-0.0174255473796278,0.0421124640643596,-0.016563012266159
1721665051453838600,37.58583862304688,-0.0166417035255581,0.0363493704929947,-0.0205810157358646
1721665051463882800,37.5958828125,-0.00810563810952,0.0453619673795998,-0.0280424376577138
1721665051473925600,37.60592553710938,-0.0159885733790695,0.041284634938091,-0.0299579158902168
1721665051483969800,37.6159697265625,-0.0225079652104526,0.0384149247206747,-0.0187017778605222
1721665051494013400,37.62601342773438,-0.0277273803591728,0.0285901346683502,-0.0070201078951358
1721665051504057600,37.6360576171875,-0.0291126241724938,0.0157798990644514,-1.40285253524e-05
1721665051514101500,37.6461015625,-0.0322613705269992,-0.0003895838394761,6.25438421964e-05
1721665051524145700,37.656145751953126,-0.0307147256068885,-0.0029202713608741,0.0028027824610471
1721665051534189800,37.66618994140625,-0.0224327080171555,-0.0104354692965745,0.0026548984229564
1721665051544233500,37.6762333984375,-0.0234987298134714,-0.0199776430152356,-0.0106271924763917
1721665051554276600,37.686276611328125,-0.0058276832401752,-0.0123342886552214,-0.0183335290700197
1721665051564320500,37.69632055664062,0.0021070552818477,-0.0181317228876054,-0.0269505507677793
1721665051574364700,37.70636474609375,0.0084483140673488,-0.0205495976842939,-0.0249625918209552
1721665051584408600,37.71640869140625,0.0171860395353287,-0.0167633571438491,-0.0356838923215866
1721665051594452700,37.72645263671875,0.0209442960903048,-0.0032594401873648,-0.0451882182478904
1721665051604496400,37.73649633789063,0.0033099282655864,-0.0005297229625284,-0.0387748440742492
1721665051614540500,37.74654052734375,-0.0026119360640645,-0.0011864333055913,-0.0252840788602828
1721665051624584700,37.75658471679687,-0.0038159780915826,0.0170179164268076,-0.0114618897348642
1721665051634628600,37.766628662109376,-0.0059406420953571,0.0223113466598093,-0.0104395609498023
1721665051644671700,37.776671630859376,0.0055713703915476,0.0275207518711686,-0.024662732091546
1721665051654715600,37.78671557617187,0.0078087009895592,0.0307717164911329,-0.028036592438817
1721665051664759600,37.796759521484375,0.0063281801082193,0.0214183433428406,-0.022961773392558
1721665051674803500,37.80680346679687,0.0134941992800682,0.0156181326314806,-0.0337479558229446
1721665051684847600,37.81684765625,-0.0018210779473185,0.010138970568031,-0.0407598804116249
1721665051694891800,37.82689184570312,-0.0218938519001007,0.0129340081140398,-0.0236690448790788
1721665051704935400,37.836935302734375,-0.0329413886804133,0.0074747197948396,-0.0876455502271652
1721665051714979600,37.8469794921875,-0.0402440398439764,0.0156122874125838,-0.0452004932075738
1721665051725022500,37.8570224609375,-0.0297531140331178,0.0007625088050961,-0.0052864159703254
1721665051735066600,37.86706665039063,0.0131266811419278,-0.0376752122692763,0.1270809040367603
1721665051745110500,37.87711059570312,0.0676496409028768,-0.0301325418047606,0.1322094990968704
1721665051755154700,37.88715478515625,0.0812718504767864,-0.0458072269290685,-0.0031488194197416
1721665051765198600,37.89719848632812,0.0480451420489698,-0.0621038433440029,-0.1323702426165342
1721665051775242500,37.90724243164063,0.0056757075488567,-0.0637640316411852,-0.2089946326136589
1721665051785286700,37.91728662109375,-0.0239114022675901,-0.0740958944328129,-0.12946867595613
1721665051795330600,37.92733056640625,-0.0365945774257183,-0.0572964430622756,0.0190244339436292
1721665051805374700,37.93737475585937,-0.0197796362251043,-0.0223946410290896,0.0970826561361551
1721665051815417600,37.94741748046875,0.0122602735709398,0.0081060034357011,0.0625040947079658
1721665051825461500,37.95746142578125,0.0244595376696437,0.0474380430012941,0.01850070233047
1721665051835505400,37.96750537109375,0.0151252345480024,0.085801383665204,0.0084176997333765
1721665051845549600,37.97754956054688,-0.0182166246920824,0.1191353518597781,0.0142009593099355
1721665051855593700,37.98759375,-0.0471686514753848,0.1601737569518387,0.0120896662443876
1721665051865637600,37.9976376953125,-0.0512124469734728,0.169357326491177,-0.0224058930754661
1721665051875681500,38.007681640625,-0.0328928733635693,0.1656613945826888,-0.060083005040884
1721665051885725400,38.01772534179688,-0.0215744837526232,0.1311520989984274,-0.0809217949301004
1721665051895768600,38.0277685546875,-0.0189577984482049,0.0843156751520931,-0.0655664048880338
1721665051905812500,38.0378125,-0.0131420248415321,0.0284989492535591,-0.0271603941261768
1721665051915856600,38.04785668945313,-0.0298749137818813,-0.0242138192802667,-0.0124532388597726
1721665051925900800,38.05790087890625,-0.0362693640593439,-0.067325669645518,-0.0199257666975259
1721665051935944400,38.0679443359375,-0.0389363913115113,-0.0917319427579641,-0.0163660283893346
1721665051945988600,38.07798852539062,-0.032962431468442,-0.10062632009238,-0.0224906487494707
1721665051956032500,38.088032470703126,-0.0180622378479689,-0.1146589370980858,-0.0215010531902313
1721665051966076700,38.09807666015625,-0.0069103639103472,-0.1294287823371589,-0.0148871880084276
1721665051976119600,38.10811962890625,-0.0030526655688881,-0.1199506137654185,-0.0057709846168756
1721665051986163700,38.11816381835938,-0.004513751097396,-0.0976866133786737,-0.0109784901320934
1721665051996207400,38.12820727539062,-0.0047492403537034,-0.0756872552774846,0.0195002347618341
1721665052006251500,38.13825146484375,-0.0133892045356333,-0.0394425142027437,0.0471048655241727
1721665052016295700,38.14829565429688,-0.0178697840157896,0.0081672321036458,0.0317757789671421
1721665052026339600,38.15833959960938,-0.0029060967050492,0.047846623802185,-0.0029442367583513
1721665052036383700,38.1683837890625,-0.0072645841754972,0.0744241034738719,0.1062438677132129
1721665052046427400,38.17842749023438,-0.0256751240044832,0.0988065573193132,0.1153998185932636
1721665052056470500,38.188470458984376,-0.012863719356805,0.0847825620114803,-0.01850070233047
1721665052066514400,38.19851440429687,0.0208997993614524,0.0540736816234886,-0.1344295132339
1721665052076558600,38.20855859375,0.0184353089440613,0.0294430982358753,-0.0552080924808979
1721665052086602800,38.21860278320312,0.0171181619308888,-0.0005490121848881,0.0633820465862751
1721665052096646700,38.22864672851563,0.0209440768945962,-0.0066068509191274,0.0411690457344055
1721665052106690600,38.23869067382813,0.0292678147342056,0.0077205112494528,-0.0418605351299047
1721665052116734500,38.248734375,0.0289406286064535,0.0182914434939622,-0.0720575204730033
1721665052126778600,38.25877856445312,0.0180189101628959,0.0363286199659109,-0.0414157139718532
1721665052136822800,38.26882275390625,0.0080153294775635,0.0548405743427574,-0.0266232185095548
1721665052146865700,38.27886572265625,0.0027620120592415,0.0473874818578362,-0.0187076230794191
1721665052156909800,38.288909912109375,0.0029980127722024,0.0608214023180305,-0.0273936183601617
1721665052166953500,38.29895336914063,0.0016256284404546,0.063700172624737,-0.0195884975671768
1721665052176997600,38.30899755859375,0.0033962913747876,0.0530330865293741,-0.0203010297507047
1721665052187041500,38.31904150390625,-0.001959536569938,0.034846710845083,-0.0208797064214944
1721665052197085700,38.329085693359374,-0.0015867577347904,0.0268320389546453,-0.0231400525689125
1721665052207129600,38.33912963867188,-0.0081559800572693,0.0167031513892114,-0.0351034620851278
1721665052217173500,38.34917358398437,-0.0053112581506371,0.0049473932743072,-0.0401502240806818
1721665052227216400,38.35921630859375,-0.0101885818634182,-0.0109865273080766,-0.0385270067930221
1721665052237260500,38.36926049804688,-0.0105667675260454,-0.021175182236731,-0.0230313314974308
1721665052247304700,38.3793046875,0.0044452159058302,-0.0230440448485314,-0.0108323596596717
1721665052257348600,38.3893486328125,0.0056367637779563,-0.0365124521002173,-0.0108183311343193
1721665052267392500,38.399392578125,0.0013871435094624,-0.0417306251399219,-0.0318418299406766
1721665052277436400,38.4094365234375,-0.0095301179546862,-0.0606656272344291,-0.0339326647400856
1721665052287480600,38.41948046875,-0.0218887373335659,-0.0589028553456068,-0.0179588505387306
1721665052297524700,38.42952465820313,-0.0331627032808959,-0.0623944968536496,-0.0139858552545309
1721665052307567600,38.43956762695313,-0.0314509309269487,-0.0540174213916063,-0.0136941788315773
1721665052317611800,38.44961181640625,-0.0272879660286009,-0.0422923506759107,-0.0161924253880977
1721665052327655700,38.45965576171875,-0.005391629910469,-0.0323072554953396,-0.017902151915431
1721665052337699600,38.469699462890624,-0.0025790567077696,-0.0022125614829361,-0.024690789142251
1721665052347743500,38.47974340820313,-0.0045140433583408,0.0192716867029666,-0.0117670101612806
1721665052357787600,38.48978759765625,0.0021663111884146,0.0216197111338376,0.0017909750699996
1721665052367831800,38.49983178710937,-0.002831862425059,0.0366093366034328,0.0078530515879392
1721665052377875500,38.50987548828125,-0.0005580722741782,0.0441696888551116,-0.0128121353000402
1721665052387922000,38.519921875,-0.0102174426317214,0.0538264288641512,0.0060538932114839
1721665052397965800,38.5299658203125,-0.0124495855979621,0.0612559943430125,-0.0096416885703802
1721665052408009700,38.540009765625,-0.021245178733021,0.0602320581227541,-0.0157616327553987
1721665052418054000,38.55005395507813,-0.0217203950293362,0.0580066371582448,-0.0202273799926042
1721665052428097800,38.56009790039062,-0.0297139510665088,0.0473864589445292,-0.0041986207336187
1721665052438141700,38.5701416015625,-0.0394962902165949,0.0360499491550028,-0.0071995561152696
1721665052448185900,38.58018579101562,-0.0408595413938164,0.0203254335395991,-0.0076367784887552
1721665052458229800,38.590229736328126,-0.0398291754327714,0.0143105571642518,-0.0124240127652883
1721665052468273000,38.60027294921875,-0.0429805521357804,0.0084878423601388,-0.0104857381790876
1721665052478316800,38.61031689453125,-0.0296958308879286,-0.0058829205587506,-0.0157587101459503
1721665052488361000,38.62036083984375,-0.0155390029806643,-0.0089404084332287,-0.0178068748474121
1721665052498404900,38.63040478515625,-0.0002985445551574,-0.0160755210101604,-0.0263297885209321
1721665052508448800,38.64044873046875,0.0091410455718636,-0.0266994986161589,-0.0467009608983993
1721665052518493000,38.650492919921874,0.0091721713624894,-0.0340022228449583,-0.0581669422864913
1721665052528536800,38.66053686523438,-0.0035085195776075,-0.0227143745027482,-0.0304845701128244
1721665052538581000,38.6705810546875,-0.0023072540290653,-0.0081144790031015,-0.0057487727850675
1721665052548624000,38.68062377929687,0.0087466394267976,0.0030437516100704,-0.0231909059733152
1721665052558667800,38.690667724609376,0.014205635485053,0.0060429334260523,-0.0279477451115846
1721665052568711700,38.70071166992187,0.0220046918634325,0.0192021285980939,-0.0312239903032779
1721665052578755800,38.710755859375,0.0178906806733459,0.0064265259161591,-0.0300520239144563
1721665052588800000,38.72080004882813,0.0120855745911598,-0.0072166533805429,-0.0471270773559808
1721665052598844000,38.73084399414063,0.0025111791033297,-0.0119401747711002,-0.0383732775360345
1721665052608887800,38.7408876953125,-0.0196557906497269,-0.0065511752091348,0.0046118777096271
1721665052618931700,38.750931640625,-0.0291636967726051,0.0002932838581502,-0.0837099643439054
1721665052628974800,38.76097485351563,-0.0236789086859673,0.0083260759271681,-0.0858931536018848
1721665052639018800,38.77101879882812,-0.0139332482844591,-0.0041913142099976,-0.0449970795899629
1721665052649063000,38.78106298828125,0.0233584445599466,-0.0155444828733801,0.1705290006190538
1721665052659106800,38.79110693359375,0.0748396254722029,-0.0215372935473918,0.1379980193704366
1721665052669150700,38.80115063476563,0.0981955858141183,-0.033154081583023,-0.018793547797203
1721665052679195000,38.81119482421875,0.0561909660384058,-0.0364180518150329,-0.1624491545379161
1721665052689238800,38.82123876953125,0.0046978754926472,-0.0442545906595885,-0.2100134542673826
1721665052699283000,38.83128295898437,-0.0242797241233289,-0.0575400425598025,-0.0997387236028909
1721665052709325800,38.84132592773437,-0.0519735675390809,-0.0403919238820672,0.0385205770522356
1721665052719370000,38.85136987304688,-0.0338561654377728,-0.0096628774888813,0.0951496422469615
1721665052729413600,38.86141357421875,0.0060819502621889,0.0215735339045524,0.0676426266402006
1721665052739457800,38.87145776367188,0.0248791513212025,0.0569910303749144,0.024437106642127
1721665052749502000,38.881501953125,0.0173996822860091,0.0953210532911121,0.0151473002493381
1721665052759545900,38.8915458984375,-0.0171184541918337,0.1324830553412437,0.0303793561726808
1721665052769590000,38.90159008789063,-0.0435070602279156,0.1574516385115683,0.0172276136547327
1721665052779633700,38.91163354492188,-0.0508929326955229,0.1680643640711903,-0.0181008893579244
1721665052789676800,38.9216767578125,-0.0398445921976119,0.1662552688226103,-0.049881344500184
1721665052799720700,38.931720703125,-0.0170332601264119,0.1237728024020791,-0.0507177953243255
1721665052809764900,38.94176489257813,-0.0119791185420006,0.0679975775577128,-0.0218453365832567
1721665052819809000,38.95180908203125,-0.017722995956242,0.0145079794324934,-0.0067746087014675
1721665052829853000,38.96185302734375,-0.0161480017244815,-0.043918928964436,-0.0174888949394226
1721665052839896800,38.97189672851562,-0.0265178584389388,-0.0794479229852557,-0.019575053563714
1721665052849940700,38.98194067382813,-0.0372117594759911,-0.1138083116181194,-0.0301344415009021
1721665052859985000,38.99198486328125,-0.0431174033232033,-0.1430830675497651,-0.0327156901657581
1721665052870027800,39.00202783203125,-0.0367690572097897,-0.1564827934794128,-0.0228384392738342
1721665052880072000,39.01207202148437,-0.0200390178136527,-0.1580051807411014,-0.0172778825372457
1721665052890115800,39.02211572265625,-0.0128164461489766,-0.1503920753888785,-0.0192138190358877
1721665052900159700,39.03215966796875,-0.0076686349317431,-0.1205170154765248,-0.0226730195790529
1721665052910204000,39.04220385742188,-0.0126936965521425,-0.0678439944311976,-0.0051817865520715
1721665052920247800,39.05224780273438,-0.0207740540899336,-0.0325811040006577,0.0162251586139202
1721665052930292000,39.0622919921875,-0.0158984839428216,0.0123858727119863,0.0150742350131273
1721665052940335900,39.0723359375,-0.0097851886942982,0.0597485123895108,-0.0095575174182653
1721665052950379000,39.08237890625,-0.0174075733315199,0.1041376892141997,0.1404950968831777
1721665052960422700,39.092422607421874,-0.0400474212933331,0.1192699380248785,0.1138210249692201
1721665052970466800,39.102466796875,-0.0103350045967847,0.1196769113905727,-0.0440256042093038
1721665052980511000,39.112510986328125,0.0213240891881287,0.0990573172099888,-0.1623217287659644
1721665052990555000,39.12255493164062,0.0283032074857503,0.0490928244709968,-0.0875303994148969
1721665053000598800,39.132598876953125,0.0222702109318226,0.008761690865457,0.0552063389152288
1721665053010642700,39.142642578125,0.0345946357801556,0.0021703297764062,0.0718365711987018
1721665053020686800,39.152686767578125,0.0384429817713797,0.0030443361319601,-0.0168190328538417
1721665053030729700,39.16272973632813,0.0367887117583304,0.0221923964552581,-0.0531330397725105
1721665053040774000,39.17277392578125,0.0197685303092002,0.0341175197876989,-0.0306809694677591
1721665053050817800,39.18281787109375,0.0117965285167098,0.0539222904540598,-0.013901684102416
1721665053060862000,39.19286206054687,0.0041634763550013,0.0695857235319912,-0.0195493346005678
1721665053070905900,39.20290576171875,-0.0044691082380712,0.0837438666135072,-0.0162146372199058
1721665053080949800,39.21294970703125,0.000230155494064,0.0762822985611856,-0.0229869078338146
1721665053090994000,39.222993896484375,0.0022689678452908,0.0606929536327719,-0.0227139361113309
1721665053101037800,39.23303784179687,0.0060266398783773,0.0453106755837798,-0.011367197188735
1721665053111081000,39.2430810546875,0.0036027006670832,0.0085803429491817,-0.0150432553529739
1721665053121124900,39.253124755859375,0.0029643296983093,-0.0042255087405443,-0.0279459915459156
1721665053131168800,39.26316870117188,0.0049540422108024,-0.0219762694865465,-0.0441173741459846
1721665053141213000,39.273212890625,-0.0054111383285373,-0.0439222899653017,-0.0558650950849056
1721665053151256800,39.2832568359375,-0.0061924248993396,-0.0520994589410722,-0.0335094708919525
1721665053161301000,39.29330102539063,0.0040793052028864,-0.053625353334099,-0.0228565594524145
1721665053171344600,39.3033447265625,0.0025655396390706,-0.064197162361443,-0.0312695830106735
1721665053181387800,39.3133876953125,-0.0041392917618155,-0.0623591332793235,-0.0244862064808607
1721665053191431700,39.323431640625,-0.0167515936408191,-0.0688560940831899,-0.0221206463932991
1721665053201475800,39.33347583007812,-0.0337582580212503,-0.0601990326359868,-0.0200619602978229
1721665053211520000,39.34352001953125,-0.0338313963226973,-0.0537860968537628,-0.0189051914781332
1721665053221564000,39.35356396484375,-0.0391377591025084,-0.0479867629252374,-0.0244061269819736
1721665053231607800,39.36360791015625,-0.0354096054248511,-0.0348253757961094,-0.0268646260499954
1721665053241651700,39.37365161132813,-0.0204259713046252,-0.0255959212884306,-0.0249789584338665
1721665053251695900,39.38369580078125,-0.0129397802677005,0.0043985272198915,-0.0130751701503992
1721665053261738800,39.39373876953125,-0.0082233462050557,0.0123240595221519,0.0003062894701957
1721665053271783000,39.40378295898437,-0.0044734190870076,0.0258205238245427,0.0058101475834846
1721665053281826800,39.41382690429688,-0.0009986556485295,0.0337464945182204,0.0080032737135887
1721665053291870700,39.42387060546875,-0.0078837389871478,0.0543012067690491,0.0117056353628635
1721665053301915000,39.43391479492188,-0.0089635701131075,0.0635801995068788,0.0063935004293918
1721665053311958800,39.44395874023437,-0.0123609574664384,0.0774438896864652,-0.0086065003037452
1721665053322003000,39.4540029296875,-0.0120824327860027,0.0690586309179663,-0.0145084178239107
1721665053332046800,39.464046875,-0.0144969465818256,0.0534966123878955,-0.0060842883497476
1721665053342090000,39.47409008789062,-0.0119433896414935,0.0429861781589686,0.0047089083433151
1721665053352133600,39.48413354492188,-0.0187759390752762,0.0340358328536152,0.0063484922438859
1721665053362177800,39.494177734375,-0.0293975055284798,0.0191838622890412,-0.0130704939752817
1721665053372222000,39.504221923828126,-0.0365746306162327,0.0200021929346024,-0.0026870471268892
1721665053382265900,39.51426586914062,-0.0499191922925412,0.0128631348349153,0.0232359141588211
1721665053392306400,39.52430639648438,-0.0311943258173763,0.0118611181855201,-0.0036117607563734
1721665053402350000,39.53435009765625,-0.0202634011540561,0.0113088911302387,-0.030610242319107
1721665053412394200,39.54439428710938,-0.0046441725440323,0.0069482117027044,-0.0349169996023178
1721665053422437000,39.55443701171875,0.0106430476326495,-0.0031444355055689,-0.0198515324175357
1721665053432481300,39.56448120117187,0.0168599493861198,-0.022769757951796,-0.0435989032298326
1721665053442525200,39.574525146484376,0.0157567373845726,-0.0335242300696671,-0.0706149204492569
1721665053452569300,39.5845693359375,-0.0056143327504396,-0.0339577991813421,-0.0431774629473686
1721665053462613000,39.594613037109376,-0.0189632052756845,-0.0304427767977118,-0.098918054869771
1721665053472657200,39.6046572265625,-0.0111767161179333,-0.0201984461590647,-0.104611882597208
1721665053482701300,39.61470141601563,-0.0173910605881363,-0.0211143919602036,-0.0593424158066511
1721665053492744200,39.624744140625,0.0131692781746387,-0.0441955539487302,0.0745762252956628
1721665053502788400,39.63478833007812,0.0676625003844499,-0.0404902696900069,0.1323679045289754
1721665053512832300,39.64483227539063,0.1022932303912937,-0.0247932266034185,0.0047188452154397
1721665053522876200,39.65487622070312,0.0805639214031398,-0.0428023460246622,-0.1244482174456119
1721665053532920000,39.66492016601563,0.0278966725114732,-0.0496466589614748,-0.2383861467927694
1721665053542964200,39.67496411132812,-0.0158359401006251,-0.0622464666850864,-0.171054485797882
1721665053553008400,39.68500830078125,-0.0305856923997402,-0.0598202624514698,-0.0254413152486085
1721665053563052300,39.69505224609375,-0.0239691968694329,-0.0240796715065836,0.0722895756632089
1721665053573095400,39.70509545898437,0.011778262207657,0.0182196934320032,0.0780021080911159
1721665053583139000,39.71513916015625,0.0454623590141534,0.0569068592227995,0.043836803638935
1721665053593183200,39.725183349609374,0.0455238068778067,0.1035847315065562,0.0314724121063947
1721665053603227100,39.73522705078125,0.0105431674547493,0.1383016784921288,0.0520452445358037
1721665053613271300,39.74527124023437,-0.0321369404297322,0.1623227516792714,0.0547650248885154
1721665053623315500,39.7553154296875,-0.0532001867245882,0.1753308479428291,0.0257078572303056
1721665053633359000,39.76535913085937,-0.0417696419760584,0.1817129501953721,-0.0192699331372976
1721665053643402000,39.77540209960937,-0.0370407137580215,0.1518957579500973,-0.0342342780351638
1721665053653446100,39.78544604492188,-0.0260503139924257,0.0922159268826246,-0.0100707276374101
1721665053663490300,39.795490234375,-0.0204787244051694,0.0285107858218252,0.0163911628305912
1721665053673534200,39.8055341796875,-0.0219460204787552,-0.0248559165760874,0.0037526305317878
1721665053683578400,39.815578369140624,-0.0238508311867713,-0.0703577308177948,-0.0132651397645473
1721665053693622000,39.8256220703125,-0.021234438143298,-0.099590401173383,-0.0006809680014848
1721665053703666200,39.83566625976562,-0.0278701498307287,-0.1266302376598119,-0.0004664484679698
1721665053713710300,39.84571044921875,-0.0093161098778247,-0.1400045368872582,-0.0099117376834154
1721665053723753200,39.85575317382813,-0.001164513734728,-0.1434080617204308,-0.0137730892866849
1721665053733797400,39.86579736328125,-0.0020662118148058,-0.1397638599991798,-0.0200420865535736
1721665053743841300,39.87584130859375,0.0057211541257798,-0.1109594980582594,-0.028282676154375
1721665053753885200,39.88588525390625,-0.0089013185318559,-0.0804940710373222,-0.0169213241845369
1721665053763929000,39.89592919921875,-0.0138799106620252,-0.0439196596167981,0.0067202481657266
1721665053773973200,39.90597314453125,-0.0213254043623805,-0.0132853057697415,-0.0063940849512815
1721665053784017400,39.91601733398438,-0.0215994720634073,0.0270689164504408,-0.0483428828865289
1721665053794061000,39.92606103515625,-0.0256235399477183,0.0650571401916444,0.0273866040974855
1721665053804104400,39.9361044921875,-0.0549248185601085,0.0833649502985179,0.1038408982247114
1721665053814148000,39.94614819335938,-0.0368187415704131,0.0820450998716056,-0.0205097040653228
1721665053824192300,39.956192138671874,-0.0047479251794517,0.0489542927831411,-0.1919488052666187
1721665053834236200,39.96623608398438,0.0105986239690333,0.0083564710654318,-0.1347398943573236
1721665053844280300,39.9762802734375,0.0086297350488603,-0.0251576760016381,0.0135334353119134
1721665053854324200,39.98632421875,0.0023426906686276,-0.0311344123236834,0.0507791701227426
1721665053864368000,39.9963681640625,0.018761326028034,-0.0122989250808954,-0.0192787009656429
1721665053874411000,40.00641088867187,0.0249388456191867,0.0068149407118558,-0.0604822334915399
1721665053884455200,40.016455078125,0.0237700210355222,0.0458374759368598,-0.0451391184091568
1721665053894499300,40.02649926757813,0.0232603179477155,0.0693739804774522,-0.0141781629562377
1721665053904543200,40.03654321289063,0.0098393300343304,0.0939255072794854,-0.0067769467890262
1721665053914587100,40.04658715820312,0.0029211481437087,0.1109324639208614,0.0051408700197935
1721665053924631000,40.05663110351563,-0.0012125175949186,0.1168549858376383,0.0021504560321569
1721665053934675200,40.06667529296875,0.0023967589434236,0.1084174123600125,0.0082838442206382
1721665053944719400,40.07671923828125,0.0034166035104542,0.0828526168622076,0.0103624040603637
1721665053954762200,40.08676220703125,0.0096361356124281,0.0544964370802044,0.0132961194247007
1721665053964806400,40.096806396484375,0.0080757544279098,0.0243033972598612,0.0172948336720466
1721665053974850300,40.10685034179688,0.0094856212258338,-0.0114981300920248,-0.0073801733791828
1721665053984894200,40.116894287109375,0.0057531566992402,-0.0299804199829697,-0.0264677356868982
1721665053994938000,40.12693823242188,0.0111621761359274,-0.0369002823740243,-0.0098000940024852
1721665054004982300,40.13698217773437,0.0165048523381352,-0.0639675913892686,-0.0040460605204105
1721665054015026400,40.1470263671875,0.0218587075214833,-0.0705462391272187,-0.0080658175557851
1721665054025069300,40.1570693359375,0.0125616676703095,-0.0771326317802071,-0.0334118557363748
1721665054035113200,40.16711328125,-0.0036869448844343,-0.0846696031562984,-0.02607259888947
1721665054045157000,40.1771572265625,-0.0240824479855597,-0.0869169436916708,-0.0196259069681167
1721665054055201300,40.187201171875,-0.0319514277949929,-0.0834042593955993,-0.0305465294331312
1721665054065245200,40.1972451171875,-0.034485257121548,-0.0826125244960188,-0.0321282456666231
1721665054075289300,40.20728930664063,-0.0291668385777622,-0.0646112961202859,-0.0446101260989904
1721665054085333000,40.2173330078125,-0.0194446321170777,-0.0441121134489774,-0.0529898319095373
1721665054095377200,40.227377197265625,-0.0061806613963097,-0.0305251943841576,-0.0371773457497358
1721665054105420000,40.237419921875,-0.006859364375472,-0.0194226394809782,-0.0204676184892654
1721665054115464200,40.24746411132813,-0.002476619246602,-0.0004797463409602,-0.0143991122305393
1721665054125508400,40.25750830078125,-0.0138894822079688,0.0151221658080816,-0.0026373627662658
1721665054135552300,40.26755224609375,-0.0094826255511492,0.0405474067047238,-0.0158159932911396
1721665054145596200,40.27759619140625,-0.0153641578704118,0.0630795565083622,-0.0166577048122882
1721665054155640000,40.28764013671875,-0.0174666100423783,0.0682763944990932,-0.0141845926970243
1721665054165684200,40.29768432617188,-0.0126778413958847,0.0714979868941009,-0.0153068747252225
1721665054175727000,40.30772705078125,-0.0154820851616561,0.0723522656358778,-0.0154120886653661
1721665054185771300,40.31777124023437,-0.0243732476256787,0.0672125646598637,-0.0122615156799554
1721665054195815400,40.3278154296875,-0.0280961406063288,0.0561311986751854,-0.0099772041350603
1721665054205859000,40.33785913085938,-0.0383621716201305,0.0499779367424547,-0.0036257892817258
1721665054215903200,40.3479033203125,-0.045318712759763,0.0584087882183492,0.0323579627692699
1721665054225947100,40.35794702148438,-0.0443633847963064,0.054641836900264,0.0292798704981803
1721665054235991300,40.3679912109375,-0.0287185833536088,0.0418283864259719,-0.0134451725065708
1721665054246034200,40.3780341796875,-0.0213731890268623,0.036365737105906,-0.0145908354103565
1721665054256078300,40.38807836914062,-0.0048317310053855,0.0184070326976478,-0.0020142624318599
1721665054266122000,40.3981220703125,0.0012080606155097,-0.0089386548675596,-0.0192898068815469
1721665054276166100,40.40816625976562,0.0027286943115293,-0.0232337222017347,-0.0500303975820541
1721665054286210300,40.418210205078125,0.0047385728292167,-0.0315833251349627,-0.0276893864363431
1721665054296254200,40.42825415039062,-0.0157664550609886,-0.0346849444121122,-0.0755015234470367
1721665054306298400,40.43829833984375,-0.0127452806089073,-0.0342535672575235,-0.097383100387454
1721665054316342000,40.44834204101563,-0.0069742959920316,-0.0332205709479749,-0.0642459699392318
1721665054326385200,40.45838525390625,0.0042135260418057,-0.0612488339498639,0.0656476534307003
1721665054336429000,40.46842895507813,0.0618190350532531,-0.0600236760690808,0.1254863283216953
1721665054346473200,40.47847314453125,0.088820366160199,-0.0536893584810197,0.0240899006396532
1721665054356517400,40.488517333984376,0.0691418522220104,-0.0645101738333702,-0.1271335110068321
1721665054366561300,40.49856127929687,0.0266972335938364,-0.0635299306243658,-0.2425175475090742
1721665054376605200,40.508605224609376,-0.0148597885448485,-0.0834378694042563,-0.1887678371429443
1721665054386649900,40.51864990234375,-0.0330621655158698,-0.0741360803127288,-0.0517658430725336
1721665054396692700,40.52869262695312,-0.0343744171582162,-0.0482100502870976,0.0699251846194267
1721665054406737000,40.53873681640625,0.0048921559557318,-0.0197647309169173,0.078602412071824
1721665054416780800,40.54878076171875,0.0393983097348362,0.0401573844738304,0.03549100009799
1721665054426824700,40.55882470703125,0.040713483986631,0.0740709061220288,0.0162912095874547
1721665054436868600,40.56886865234375,0.0110329237330704,0.1205462415710091,0.0406885687410831
1721665054446912800,40.57891284179688,-0.0287828807614743,0.1520643925152719,0.0368213719189167
1721665054456957000,40.58895703125,-0.0433778808902949,0.1743557193003594,0.0055219782918691
1721665054467000800,40.59900073242188,-0.0323057941906154,0.1839396863341331,-0.0277589445412158
1721665054477044000,40.6090439453125,-0.0212785695459693,0.1567768079899251,-0.0424450570195913
1721665054487087600,40.61908764648437,-0.0122376964129507,0.1203830138333141,-0.0168190328538417
1721665054497131800,40.6291318359375,-0.0083809479195624,0.060287149310857,0.0124666828632354
1721665054507175700,40.63917578125,-0.0197333859305828,-0.007172668108344,0.0250964473336935
1721665054517219800,40.6492197265625,-0.0230652337670326,-0.0413430871270597,0.0037403555721044
1721665054527263700,40.659263671875,-0.0206494047969579,-0.0811097187176346,-0.0054039048701524
1721665054537307600,40.6693076171875,-0.0250816881559789,-0.1012386067718267,-0.0002127659678459
1721665054547350500,40.6793505859375,-0.0079343001306056,-0.1141733455382287,0.0115828857660293
1721665054557394700,40.68939477539063,0.000613455723226,-0.1316806529171764,-0.0018669629156589
1721665054567438800,40.69943896484375,0.0145775375373661,-0.1181996784448623,-0.0152080905258655
1721665054577482800,40.70948266601562,0.0075086220644414,-0.0961262321941554,-0.0138987614929676
1721665054587527000,40.71952685546875,0.0071640464104712,-0.0649856823906302,-0.0143728087455034
1721665054597570600,40.729570556640624,-0.004518281142041,-0.0330148192428052,-0.0095686233341693
1721665054607614700,40.73961474609375,-0.0222219878759235,-0.0023287352085113,-0.0015612579673528
1721665054617657600,40.74965771484375,-0.0237988087385892,0.043720337652415,-0.0465998386114835
1721665054627701800,40.75970166015625,-0.027021131785959,0.0642835254706442,0.0401116456359624
1721665054637746000,40.76974584960937,-0.0541903668057173,0.0791799196988344,0.1011848307579755
1721665054647789800,40.77978979492188,-0.0451071158356964,0.0654879328243434,-0.0352291342914104
1721665054657833700,40.78983374023438,0.002373670328781,0.0195361828580498,-0.1940899089485406
1721665054667877600,40.79987768554688,0.0073489745233207,-0.0206546654939651,-0.1100040970295667
1721665054677921800,40.809921875,-0.0100206779506057,-0.047182606935501,0.031080197918415
1721665054687966000,40.819966064453126,-0.0080470397900789,-0.0488283283159136,0.0527823266386985
1721665054698008800,40.8300087890625,0.0131513041265308,-0.0373709686256945,-0.0280254865229129
1721665054708053000,40.84005297851562,0.0128776017516851,-0.0126351712979376,-0.0717126525580883
1721665054718096600,40.8500966796875,0.0125356564462184,0.0259369898110628,-0.0442009607762098
1721665054728140800,40.86014086914062,-0.00079020052962,0.0619429536938667,-0.0087602295607328
1721665054738184700,40.870184814453125,-0.002669657600671,0.0826407276771962,-0.0003436988711357
1721665054748228900,40.88022875976562,-0.0081301149636507,0.1000450130730867,0.0070499185115098
1721665054758271700,40.89027172851563,-0.0093250238366425,0.114335988754034,0.0101397012203931
1721665054768316000,40.90031591796875,-0.0061298810571432,0.1148794479809701,0.016231003832817
1721665054778359600,40.91035961914063,-0.0008677227452397,0.090994422263652,0.0142407067984342
1721665054788403700,40.92040380859375,-0.0011333879441022,0.0726611854545772,0.0192705176591873
1721665054798447900,40.93044775390625,0.0005996463935822,0.0372813906461,0.0005161328285932
1721665054808491800,40.94049169921875,6.15939941257e-05,0.0127719494201242,-0.0130827689349651
1721665054818535700,40.95053564453125,0.0027291327029466,-0.0124475397713482,-0.0155336692184209
1721665054828579600,40.96057958984375,0.0131087801590561,-0.0386311978198587,-0.0139157126277685
1721665054838622700,40.970622802734376,0.0181372027803212,-0.0511174621663987,-0.0036801498174667
1721665054848666600,40.98066650390625,0.0213623023066669,-0.0590158142007887,-0.0228361011862754
1721665054858710800,40.990710693359375,0.0257531576767563,-0.0707780020564794,-0.0302244578719139
1721665054868755000,41.0007548828125,0.0155762662511318,-0.0750089176245033,-0.0330178879827261
1721665054878798800,41.010798828125,-0.0082122402891516,-0.0835709942646324,-0.023743279159069
1721665054888842800,41.0208427734375,-0.0153036598548293,-0.0795084210008382,-0.0291150353252887
1721665054898886700,41.03088671875,-0.0131947779420763,-0.0801201231583952,-0.031264906835556
1721665054908929800,41.0409296875,-0.0098453213836997,-0.0620459756769239,-0.0435568176537752
1721665054918973700,41.0509736328125,-0.0087244275949895,-0.0391129899874329,-0.0513467408776283
1721665054929017900,41.061017822265626,-0.0066765551544725,-0.0215685654684901,-0.0312941329300403
1721665054939061800,41.07106176757812,-0.0048611032303422,-0.0125963005922734,-0.0238648597121238
1721665054949105700,41.08110571289063,-0.0083348437555134,0.0063103521905839,-0.0135737673223018
1721665054959149800,41.09114990234375,-0.0057089522313326,0.0264002234086394,-0.0115022217452526
1721665054969193700,41.10119384765625,-0.0081099489584565,0.0382139953210949,-0.0135749363660812
1721665054979236900,41.11123681640625,-0.0065462798383086,0.0488049474403262,-0.010809563305974
1721665054989280800,41.12128076171875,-0.0109196726169437,0.0622157792858779,-0.0175491006940603
1721665054999324700,41.13132470703125,-0.0109891576565802,0.0712957423202693,-0.021620880177617
1721665055009368600,41.14136865234375,-0.011847893377766,0.0590187368102371,-0.0146177234172821
1721665055019412700,41.15141284179688,-0.0111566231779754,0.0530754643663764,0.004638181194663
1721665055029457000,41.16145678710937,-0.0149371646299958,0.048224371073395,0.0078285016685724
1721665055039500800,41.17150073242188,-0.0288217514671385,0.0371580565273761,-0.0059019175201654
1721665055049544000,41.1815439453125,-0.0465700279951095,0.0344808001421391,0.0133072253406047
1721665055059587800,41.191587890625,-0.043690527036041,0.0358104413107037,0.0491425088316202
1721665055069631700,41.2016318359375,-0.0530900774136185,0.0363461556226015,0.0303670812129974
1721665055079675600,41.21167553710937,-0.0297099324785172,0.0338984702095389,-0.0024643442869186
1721665055089719800,41.2217197265625,-0.014899828294292,0.0272949802912771,-0.0123860188424587
1721665055099764000,41.23176391601562,0.0071891808517277,0.0062795186609029,-0.007749006691575
1721665055109807600,41.2418076171875,0.0096016488209366,-0.0081486735336482,-0.0229331318199634
1721665055119850800,41.251850830078126,0.0077884619191288,-0.0203062904477119,-0.0363210211813449
1721665055129894700,41.26189477539062,-0.0025577947240322,-0.0174821729376912,-0.0205418527692556
1721665055139938800,41.271938720703126,-0.0148435680624097,-0.0184432730548083,-0.0639998862236738
1721665055149982700,41.28198266601562,-0.0227318370942026,-0.0204499367021024,-0.1015665235519409
1721665055160027000,41.29202685546875,-0.0203347858898341,-0.0279531519390642,-0.0686842446476221
1721665055170070500,41.30207055664062,0.0022341887928545,-0.0536858513496816,0.0775426738858223
1721665055180114700,41.31211474609375,0.0633507746651768,-0.0499799825690686,0.1277209555059671
1721665055190158800,41.32215893554688,0.092252824826911,-0.051154287045449,-0.0147048171788454
1721665055200201700,41.33220166015625,0.0636405513919889,-0.0644014527618885,-0.1332218910098075
1721665055210246000,41.34224584960938,0.0152488609276711,-0.0730137982845306,-0.2514537181586027
1721665055220289800,41.35228979492187,-0.0187411600228399,-0.0796900611780583,-0.1857417673200369
1721665055230333700,41.36233374023438,-0.0377397288728505,-0.0728387339785695,-0.0464659830987453
1721665055240377600,41.37237768554687,-0.0327505422834306,-0.047326399320364,0.0672404755800962
1721665055250421800,41.382421875,0.0042157910641282,-0.0160517017431557,0.0664122080624103
1721665055260466000,41.3924658203125,0.035776246780157,0.0493238567478954,0.0379874930888414
1721665055270508800,41.4025087890625,0.0368503057524561,0.0944286344960331,0.014157120168209
1721665055280553000,41.41255297851563,0.0090227529544383,0.1372112529069185,0.0236041629493236
1721665055290596600,41.4225966796875,-0.0273062323376536,0.1704610499493777,0.0372474883764982
1721665055300640800,41.43264086914063,-0.0417529100369662,0.2008444977752864,0.009392097723484
1721665055310684700,41.4426845703125,-0.0364682476323097,0.1953803871504962,-0.0332037659436464
1721665055320728800,41.45272875976563,-0.0273605928733944,0.1570762293279171,-0.0453834485590457
1721665055330773000,41.46277294921875,-0.0146674808431416,0.1068707674399018,-0.0254898305654525
1721665055340816000,41.47281591796875,-0.0020860124938189,0.021904373294115,0.005089432093501
1721665055350859500,41.48285961914063,-0.0073324617799371,-0.0281942672185599,0.0352817412614822
1721665055360903700,41.49290356445312,-0.0192207602333277,-0.0735239397637546,0.0324812968879938
1721665055370947800,41.50294775390625,-0.0233295107264071,-0.0963774304762482,0.007894552642107
1721665055380991700,41.51299169921875,-0.0189651780370622,-0.1129828205794095,0.0177992760628461
1721665055391034600,41.52303466796875,-0.0112274233918637,-0.1323497843503951,0.0175876791387796
1721665055401078500,41.53307861328125,0.0039491760171949,-0.1389347156986594,0.0017962357670068
1721665055411121700,41.54312158203125,0.0127520026106387,-0.1280761986844241,-0.0132832599431276
1721665055421165600,41.55316552734375,0.0143866911403834,-0.0998025826193392,-0.0186088388800621
1721665055431209500,41.56320947265625,0.0106559071142226,-0.0562426962256431,0.0083855510294437
1721665055441253400,41.57325341796875,0.0053474254425615,-0.0153806706137955,0.0226508077472448
1721665055451297500,41.58329760742188,-0.0128974024306982,0.0130867144577205,0.0134691379040479
1721665055461341700,41.593341796875,-0.0081320877250283,0.0507680642068386,-0.0400970325887203
1721665055471385600,41.60338549804688,-0.0295838218808174,0.0849525117509067,0.066502224433422
1721665055481428700,41.6134287109375,-0.0566639173123985,0.1006988008067011,0.1078220768153667
1721665055491472400,41.62347241210937,-0.0470999701533466,0.0818152366384863,-0.0488233598798513
1721665055501516500,41.6335166015625,-0.01889233199656,0.0392902462504804,-0.2166378408432006
1721665055511560400,41.643560546875,0.0008612199392169,-1.89969614148e-05,-0.1311006610721349
1721665055521604600,41.6536044921875,0.0089599899165332,-0.0299479790180921,0.0251683435261249
1721665055531648500,41.6636484375,0.0020303367838263,-0.0416322793319821,0.0336731370210647
1721665055541692400,41.6736923828125,0.0154965520784258,-0.022456454218924,-0.0553249968588352
1721665055551735300,41.6837353515625,0.0146305828988552,0.0014940379500389,-0.0883621740639209
1721665055561779500,41.69377954101562,0.0098959555923938,0.0312358268715441,-0.0488531704962253
1721665055571823600,41.70382373046875,0.0103496176440268,0.0628211978331208,-0.025640052691102
1721665055581867500,41.71386743164062,-0.0064396776586771,0.088040248633176,-0.0180634799569845
1721665055591911700,41.72391162109375,-0.008119155178219,0.1022897232599556,-0.023127777609229
1721665055601955300,41.73395532226562,-0.0094968732722103,0.0965738298311829,-0.013159341302514
1721665055611999500,41.74399951171875,0.0036553807023912,0.0954518400639295,0.0037035306930541
1721665055622042400,41.75404248046875,0.000444309701398,0.0747577193424105,0.0219113875567913
1721665055632086500,41.76408642578125,0.0079972823642194,0.0547089107871055,0.0221235690027475
1721665055642130700,41.77413061523438,0.0092608725592494,0.0336878961987793,0.0070990183502435
1721665055652174600,41.78417456054687,0.0053390229403972,0.0246881587937474,-0.0143459207385778
1721665055662218500,41.79421850585938,0.0033281215094029,-0.0015463526591658,-0.0064069444328546
1721665055672262400,41.80426245117187,0.0083285601451992,-0.0349729675732553,-0.0070335518985986
1721665055682306600,41.814306640625,0.0054293315723538,-0.0434537956707179,-0.0044505496680736
1721665055692349400,41.824349365234376,0.0090546824626624,-0.0574922578953206,-0.0074362874805927
1721665055702393600,41.8343935546875,0.0160908647097647,-0.0647848991215229,-0.0045160161197185
1721665055712437500,41.8444375,-0.0051969841212034,-0.0785772776305675,-0.0141875153064727
1721665055722481400,41.8544814453125,-0.0167032975196838,-0.0871238644406199,-0.0166758249908685
1721665055732525600,41.86452563476563,-0.0185536015614867,-0.0812475197531282,-0.0191775786787271
1721665055742569500,41.87456958007812,-0.0142411451898515,-0.0758740100212395,-0.0300485167831182
1721665055752613600,41.88461352539063,-0.0044008653074502,-0.0579594370156526,-0.0302530994445085
1721665055762656500,41.89465649414063,-0.0003094312753528,-0.0472904512241482,-0.0398468572199344
1721665055772700700,41.90470068359375,0.0114980570267885,-0.0267981366850435,-0.0291115281939506
1721665055782744300,41.914744384765626,0.0046416152607649,-0.004964636670053,-0.0269487972021102
1721665055792788500,41.92478857421875,-0.0021196225024759,0.0172417883105576,-0.0162900405436754
1721665055802832600,41.93483251953125,0.0032028146293014,0.0328752646416425,-0.0108639238417148
1721665055812876500,41.94487646484375,0.0008395195640623,0.0527680058524012,-0.0405260716557502
1721665055822920400,41.95492041015625,0.0075472005091607,0.0503977695897221,-0.0518313095241785
1721665055832963600,41.96496362304688,0.0089031451627612,0.0628090690039098,-0.028398411488533
1721665055843007500,41.97500756835937,-0.0041233635403215,0.0647879678614437,-0.0254857389122247
1721665055853051400,41.98505151367188,-0.00336385040991,0.0654553457289934,-0.0318991130858659
1721665055863095600,41.99509545898437,-0.0062461278479546,0.0541359332047402,-0.0339484468311071
1721665055873139700,42.0051396484375,-0.0113826139535754,0.0545876224949955,-0.0329886618882417
1721665055883183400,42.01518334960937,-0.0339013928189873,0.0474111549943685,-0.0037099604338407
1721665055893227500,42.0252275390625,-0.0503445050325244,0.0456752711124718,0.0196639008909463
1721665055903270400,42.0352705078125,-0.0470333346579223,0.0458206709325313,-0.0205371765941381
1721665055913314600,42.045314453125,-0.0429027376592159,0.0351785731479525,-0.0140939918041229
1721665055923358500,42.0553583984375,-0.036918183356896,0.0260109318301081,0.0187947168409824
1721665055933402600,42.065402587890624,-0.0255363000556826,0.0125428168393671,0.0360159007549285
1721665055943446300,42.0754462890625,-0.0094151863381266,0.0011892097845673,0.00617313567698
1721665055953490400,42.08549047851562,-0.0034118542701005,-0.0131761463068425,-0.0321615634143352
1721665055963534600,42.09553466796875,-0.0094750998318195,-0.0292427533581852,-0.0328489611566066
1721665055973577500,42.10557739257813,-0.0123497784852981,-0.0337445948220789,-0.0920592750161886
1721665055983621600,42.11562158203125,-0.0084816318150609,-0.023200550584495,-0.1420131002306938
1721665055993665500,42.12566552734375,-0.0132598790675401,-0.0371143635161221,-0.0853746826857328
1721665056003709400,42.13570947265625,0.0128990098658949,-0.0556928072579205,0.1159761571764946
1721665056013753300,42.14575341796875,0.0693590751692652,-0.0544558128088712,0.1352495974451303
1721665056023797500,42.155797607421874,0.106210988356918,-0.0504290415108203,-0.0240869780302047
1721665056033841700,42.16584155273438,0.0927367358863353,-0.0446570339806377,-0.1177215395390987
1721665056043884500,42.17588452148438,0.0408559611972421,-0.0472926431812345,-0.1971750154823064
1721665056053928700,42.1859287109375,0.0051233343631029,-0.0481213490903377,-0.1910924806982278
1721665056063972400,42.19597241210938,-0.0165083594694733,-0.0347127092018723,-0.1058738653570413
1721665056074016500,42.2060166015625,-0.030193332081288,-0.026067045931518,-0.0013391396492719
1721665056084060400,42.21606030273438,-0.0156318688958883,0.0068329147599637,0.0496563035726547
1721665056094104600,42.2261044921875,0.0088842943318188,0.0430080977298319,0.0458440518081188
1721665056104148700,42.23614868164063,0.0120144821163266,0.0867624837823212,0.0413584308266639
1721665056114192400,42.2461923828125,-0.012980842930451,0.1162611115977168,0.0360036257952451
1721665056124235300,42.2562353515625,-0.0294757583964616,0.144410078369826,0.0378489614009857
1721665056134279400,42.26627954101563,-0.0390679087366908,0.1478442906022071,-0.0053583121627569
1721665056144323600,42.27632348632813,-0.0456332586016505,0.1439106044150888,-0.023047698110342
1721665056154367500,42.28636743164063,-0.0373402081612497,0.1097444231800734,-0.0314782573252916
1721665056164411600,42.29641162109375,-0.0282885944385081,0.0549175851017236,-0.0150227970868349
1721665056174455300,42.30645532226563,-0.0068625061806291,0.0184339207045733,0.0156242701113224
1721665056184499500,42.31649951171875,-0.0060810734793543,-0.016825024203211,0.0185533093005418
1721665056194542300,42.32654223632812,-0.0093884444616734,-0.0490149369291961,0.0024777882903814
1721665056204586500,42.33658642578125,-0.0006714695207774,-0.0699831984169781,0.0007043488770723
1721665056214630700,42.346630615234375,0.0074980276051908,-0.084088296137005,-5.90367108583e-05
1721665056224674600,42.35667456054688,0.0085153148889541,-0.0929744901649653,-0.0079348846524953
1721665056234718500,42.366718505859374,0.0139965227790176,-0.1087203408293426,-0.0094154785990715
1721665056244762400,42.37676245117188,0.0166243870645761,-0.0910306626208126,-0.0233534030586481
1721665056254806500,42.386806640625,0.0225434749152511,-0.0829718593277037,-0.0218301390141248
1721665056264849400,42.39684936523437,0.0080505469214171,-0.0544458759367465,-0.0068751464664936
1721665056274893600,42.4068935546875,-0.0074198478024452,-0.0239333949036896,0.0029500819772481
1721665056284937700,42.41693774414063,-0.0200411367055028,-0.0018473814323544,-0.0036573534637689
1721665056294981400,42.4269814453125,-0.0237566500972956,0.026096856547892,-0.0591805032432079
1721665056305025500,42.437025634765625,-0.0380247563593089,0.053074295322597,0.0804325501084327
1721665056315069400,42.4470693359375,-0.0561432544391602,0.0882796103470027,0.1172311256736516
1721665056325113600,42.45711352539063,-0.0322281989097595,0.0752906571753323,-0.0091284783512353
1721665056335156500,42.46715649414063,0.0014082593627274,0.0383570570535957,-0.1627162810415029
1721665056345200600,42.47720068359375,0.0307163330420851,0.0030178865164518,-0.1943213796168565
1721665056355244300,42.48724438476562,0.0251445973243564,-0.0268393454782664,-0.0608335311472415
1721665056365288400,42.49728833007813,0.017258593314886,-0.0395734471060335,0.0149210902780294
1721665056375332600,42.50733251953125,0.0058231531955301,-0.0197387196928262,-0.0102355628103017
1721665056385376500,42.51737646484375,0.001940831869468,0.0018143559455871,-0.0397545027613639
1721665056395424500,42.52742456054688,-0.0041813773378729,0.017458207540214,-0.0290887318402528
1721665056405468700,42.53746875,0.0040555590011179,0.0483547194547951,-0.0215022222340106
1721665056415511600,42.54751147460937,0.0039800095468759,0.0752102854155004,-0.044980128455162
1721665056425555700,42.5575556640625,-0.0007274374917149,0.0762066029764711,-0.0355260714113712
1721665056435599600,42.567599609375,-0.005662994197756,0.0828726367369294,-0.0116956984907388
1721665056445643800,42.57764379882813,-0.0130929250027984,0.0704758042395114,0.0200859256953001
1721665056455687400,42.5876875,-0.0190954533532261,0.0475166611954569,0.0186263745367527
1721665056465731600,42.59773168945313,-0.0154343004971742,0.0308021116293966,0.01773614769876
1721665056475775700,42.60777563476562,-0.0179060243729501,0.0119264385066926,0.0309410817086696
1721665056485818600,42.61781860351562,-0.0073556965250521,0.0031911972567439,0.0067383683443069
1721665056495862800,42.62786279296875,0.0035283202566206,-0.0085161916717886,-0.0074205053895711
1721665056505906700,42.63790673828125,0.0092949209593236,-0.0268051509477198,-0.0172100779980421
1721665056515950600,42.64795068359375,0.0148765204839408,-0.0335077173262834,-0.0180219789028167
1721665056525994500,42.65799438476562,0.0157088065896183,-0.0519528900772333,-0.0131704472184181
1721665056536038700,42.66803857421875,0.0135761784750968,-0.0627972324356436,-0.0083674308508634
1721665056546082800,42.678082763671874,-0.0012825871564447,-0.0578475010737776,-0.0290372939139604
1721665056556126700,42.68812670898438,-0.0001237725101411,-0.0719875239767134,-0.0343202027529478
1721665056566169900,42.698169921875,-0.007071472756192,-0.0638062633477151,-0.0367553209453821
1721665056576213500,42.70821362304687,-0.0097485099457204,-0.0546310232453048,-0.0451753587663173
1721665056586257700,42.71825756835938,-0.0061132952485233,-0.0458504815489053,-0.046584056520462
1721665056596301600,42.72830151367187,-0.0079920947324484,-0.0193641872920095,-0.039051322928071
1721665056606345700,42.738345703125,0.0052097705375403,-0.0140244336992502,-0.0461702150225639
1721665056616389600,42.7483896484375,0.0065766019113361,-0.0002294248417019,-0.0344254166930913
1721665056626433500,42.75843359375,0.0076310794003307,0.0092789927378296,-0.0405026907801628
1721665056636476400,42.768476318359376,0.0003787701845169,0.0193554194636642,-0.0342605815201997
1721665056646520600,42.7785205078125,-0.0084903996434062,0.0380604121945798,-0.03148117993474
1721665056656564700,42.78856469726563,-0.0037164632398635,0.0528609448328614,-0.0428933853089809
1721665056666608600,42.79860864257813,-0.0032703269075602,0.0512123008430004,-0.0353787718951702
1721665056676652500,42.80865258789063,-0.0152546330813318,0.0565988161869347,-0.0466097754836082
1721665056686696400,42.81869653320312,-0.0068328416947275,0.0554163284040987,-0.0465624292105436
1721665056696740600,42.82874072265625,-0.0116319125395268,0.0435695310048758,-0.034590251865983
1721665056706784800,42.83878466796875,-0.0097663378633558,0.0268400761306285,-0.0376508084803819
1721665056716827600,42.84882763671875,-0.0141397306419909,0.0164228731431066,-0.0296411050260066
1721665056726871800,42.85887182617188,-0.0283393747776746,0.0147489485815167,-0.0042880525827407
1721665056736915700,42.86891577148437,-0.028773747606948,0.0033412732519209,0.0049368718802928
1721665056746959600,42.87895971679688,-0.0322832900978624,-0.0026285949379205,0.0046007717937231
1721665056757003500,42.88900341796875,-0.0273834622923284,-0.0087732351727783,0.0067506433039903
1721665056767047700,42.89904760742188,-0.0134023562781512,0.0032208617426455,0.0316875161617994
1721665056777091800,42.909091796875,0.0020266104567795,0.0013601824373006,0.0254138427197933
1721665056787134700,42.919134765625,-0.0057715691387653,0.0026698037311434,-0.0057984571456909
1721665056797178600,42.9291787109375,-0.0062169017534703,0.0063074295811355,-0.0306096577972173
1721665056807222500,42.93922241210937,-0.0114811789572238,0.0045781215704977,-0.0378127210438251
1721665056817266700,42.9492666015625,-0.0188408940702676,-0.0047711599245667,-0.1143757362425327
1721665056827310600,42.959310546875,-0.0161452983107417,-0.0060616381265223,-0.1555845294654369
1721665056837354800,42.96935473632813,-0.011218874759227,-0.0276053614147007,-0.0450122771590948
1721665056847398400,42.9793984375,0.0194413441814482,-0.0412980789415538,0.2111152780294418
1721665056857441500,42.989441650390624,0.0726927496366202,-0.0620227409318089,0.1364718327164649
1721665056867485400,42.9994853515625,0.0714256523102521,-0.0652506169371306,-0.0408615872204303
1721665056877529600,43.00952954101562,0.040671909867227,-0.049707010846585,-0.1484603766739368
1721665056887573800,43.01957373046875,-0.0001700228046625,-0.0464484474420547,-0.2302338199973106
1721665056897617700,43.02961767578125,-0.0156131641954183,-0.0546508969895541,-0.2114870339512825
1721665056907661600,43.03966162109375,-0.0381566391106694,-0.0404930461689829,-0.1048538746595382
1721665056917705500,43.04970556640625,-0.0313061886940151,-0.0314649594523012,-0.005000000244379
1721665056927749600,43.05974951171875,-0.0008740063555538,0.0112963239096105,0.0368137731343507
1721665056937792500,43.06979248046875,0.0394517934877425,0.0491864941038191,0.0476671755820512
1721665056947836700,43.07983666992188,0.0508803654748946,0.0869742268368601,0.0583031358867883
1721665056957880800,43.089880859375,0.0349540436770767,0.1204552022866904,0.0361497562676668
1721665056967924500,43.09992456054688,0.003219327372685,0.1500206117279827,0.0023000936359167
1721665056977968600,43.10996875,-0.0194509157273918,0.166337978670001,-0.0338186829715967
1721665056988012500,43.120012451171874,-0.0299018748540431,0.1571469564765691,-0.0387128847539424
1721665056998056700,43.130056640625,-0.0355246831718832,0.1084485381506383,-0.0100263039737939
1721665057008099600,43.140099609375,-0.027118893072009,0.0589464022263884,0.0156833068221807
1721665057018143700,43.150143798828125,-0.0235172883834689,0.0114088443733751,0.0446785151600837
1721665057028187600,43.16018774414062,-0.0173240597665309,-0.0287594998858869,0.052326399564743
1721665057038231600,43.1702314453125,-0.0254150117635726,-0.0616156214356422,0.0159060096621513
1721665057048275700,43.18027563476563,-0.0155122611042112,-0.0865764596909284,0.0014227262794971
1721665057058319600,43.190319580078125,0.0006940466787666,-0.0917111922308802,-0.0096516254425048
1721665057068363800,43.20036376953125,0.0114824210662394,-0.0964624784111976,-0.0231102419525384
1721665057078407400,43.21040747070312,0.0219270965825766,-0.106727705707401,-0.0205365920722484
1721665057088450600,43.22045043945312,0.0204245830651372,-0.0851341519281268,-0.0249491478174924
1721665057098494500,43.23049438476563,0.0197165078610181,-0.0590937017425894,-0.0255628958016633
1721665057108538600,43.24053857421875,0.0016689561255276,-0.0358048883527517,-0.011650690305233
1721665057118582800,43.25058276367187,-0.0076891662631183,-0.0066100657895207,0.0191185419678688
1721665057128626700,43.260626708984375,-0.0232087338909506,0.0132994804255664,0.021992051577568
1721665057138670600,43.27067065429687,-0.0265669582776725,0.0333694778993725,-0.0147685300648212
1721665057148714500,43.280714599609375,-0.0306882759913802,0.0551065318025648,0.0170434892594814
1721665057158757600,43.290757568359375,-0.0442400506775826,0.0726170540519058,0.1137011979818344
1721665057168801500,43.30080151367188,-0.0290974996685981,0.0634364071220159,0.0002490063250064
1721665057178845700,43.310845703125,0.0050472003869712,0.0273358968235552,-0.1723760897904634
1721665057188889900,43.32088989257812,0.030187779123336,-0.0019642858102917,-0.2012637461006641
1721665057198933500,43.33093359375,0.0250504893001168,-0.0351591377951204,-0.0536456654697656
1721665057208977700,43.34097778320312,0.0022626842349767,-0.0458861373841762,0.0403220735162496
1721665057219021600,43.351021484375,-0.0025538492012768,-0.0287099616557359,-0.0071463646233081
1721665057229065700,43.36106567382812,-0.005215908017382,0.0044091947443783,-0.0537760138511657
1721665057239108600,43.37110864257812,-0.0008739332903176,0.031171675594151,-0.0432172104358673
1721665057249152800,43.38115283203125,-0.0032454116620123,0.0549880199894309,-0.0287654912352561
1721665057259196400,43.39119653320312,0.006905468539521,0.0681244188077747,-0.0334416663527488
1721665057269240600,43.401240478515625,0.0075738693203777,0.0754939246624708,-0.0136772276967763
1721665057279284700,43.41128466796875,0.0065483256649225,0.0735414754204452,-0.004209142127633
1721665057289328600,43.42132861328125,-0.0030666210290044,0.0624492957808077,0.0073912792950868
1721665057299372800,43.43137280273437,-0.0001255260758101,0.0498980033740401,-0.0046463645011186
1721665057309415700,43.44141577148437,-0.0018814298324286,0.0421381830275058,-0.0047428106129169
1721665057319459600,43.45145947265625,-0.0001148585513234,0.0335327056370675,0.0066828387647867
1721665057329503500,43.46150341796875,0.0099780809178948,0.0231136029534041,-0.0069990651071071
1721665057339547600,43.47154760742188,0.0166699067067354,-0.0058222764126956,-0.027068624189496
1721665057349591800,43.481591796875,0.0165774791829288,-0.0202697578296065,-0.0212608146935701
1721665057359635700,43.4916357421875,0.006037307402864,-0.043759500619024,-0.0048299043744802
1721665057369679600,43.5016796875,0.0053857846915721,-0.0576471561960875,-0.0216834240198135
1721665057379723500,43.5117236328125,-0.0005582914698868,-0.0658995823651552,-0.0212216517269611
1721665057389762600,43.521762451171874,-0.0065226067017763,-0.0655059068724513,-0.0296890358209609
1721665057399806700,43.531806640625,-0.0087264003563672,-0.0715916565269231,-0.0186176067084074
1721665057409851000,43.541850830078126,-0.0154254596035927,-0.0693637513443827,-0.0361024099946022
1721665057419894800,43.55189477539062,-0.0107400052011013,-0.053058367101103,-0.0473041874885559
1721665057429938700,43.561938720703125,-0.0088779376562684,-0.0382690865091979,-0.0333276845842599
1721665057439982600,43.57198266601562,-0.0009947101257741,-0.0161667064249515,-0.0303992299169302
1721665057450026800,43.58202685546875,-0.0039784751769155,-0.0037865328013896,-0.0219037887722253
1721665057460069600,43.592069580078125,0.0029043431393802,0.0177547062687575,-0.0226642517507076
1721665057470113800,43.60211376953125,0.0084281480621546,0.0341116745688021,-0.0247591782033443
1721665057480158000,43.612157958984376,0.0080221245445311,0.0409115638419985,-0.0207265616863965
1721665057490201600,43.62220166015625,0.0018786533534526,0.0472501192137599,-0.0275619606643915
1721665057500245800,43.632245849609376,-0.0012809797212481,0.041113077763468,-0.0226940623670816
1721665057510289700,43.64228955078125,-0.0153720489159226,0.0545193795643746,-0.0103372696191072
1721665057520333800,43.652333740234376,-0.015727438224852,0.0518364240907132,-0.0093798227638006
1721665057530378000,43.6623779296875,-0.0164620361097156,0.0487475181646645,-0.0191997905105352
1721665057540420900,43.6724208984375,-0.0151611826442182,0.0450616692587733,-0.0260100550472736
1721665057550464800,43.68246484375,-0.0146264912456274,0.0325830036967992,-0.0290817175775766
1721665057560508700,43.6925087890625,-0.0123586193788796,0.0211383573576807,-0.0180915370076894
1721665057570552800,43.702552734375,-0.0073341422803699,0.0068133332766592,-0.0158311908602714
1721665057580596700,43.7125966796875,-0.0063826867744326,-0.0028147651597857,-0.0296235693693161
1721665057590641000,43.72264086914063,-0.0087428400345146,-0.0136266665533185,-0.0274339503705501
1721665057600684500,43.7326845703125,-0.0142312083177268,-0.0237618377290666,-0.0141682260841131
1721665057610728700,43.742728759765626,-0.0160034056220203,-0.0272724761985242,0.0100596217215061
1721665057620771600,43.752771484375,-0.0131432669505476,-0.0203157889284193,-0.0021855273455381
1721665057630815700,43.76281567382812,-0.0056996729463338,-0.0089870240539312,-0.0067827920079231
1721665057640860000,43.77285986328125,7.76683460921e-05,0.0133083943843841,-0.0282844297200441
1721665057650903800,43.78290380859375,0.001242474341765,0.0096446111798286,-0.0173702369958162
1721665057660947700,43.79294775390625,-0.0004486936155706,0.0111788350097835,-0.0377203665852546
1721665057670991600,43.80299169921875,-0.0100476390227675,0.0222476337738335,-0.0398299060851335
1721665057681035800,43.81303588867188,-0.0166699067067354,0.0252327870644629,-0.0276326878130435
1721665057691078700,43.82307861328125,-0.0125232353560626,0.0091593118809163,-0.0814127933174371
1721665057701122800,43.83312280273437,-0.0148009710296988,-0.0013356325179338,-0.1160790330290794
1721665057711167000,43.8431669921875,-0.0248339970052242,-0.0172793438419699,-0.0518406618744134
1721665057721210600,43.85321069335937,0.0012040420275181,-0.0483794155046343,0.1607604707986116
1721665057731254800,43.8632548828125,0.0540623565118759,-0.0535119560874998,0.1292956574767828
1721665057741298700,43.87329858398437,0.0709055008936673,-0.0528948471024632,-0.0424871425956487
1721665057751342800,43.8833427734375,0.0552205135710537,-0.0428505690805613,-0.0844523071438074
1721665057761385700,43.8933857421875,0.0230970171447843,-0.0408564726538956,-0.1788870791196823
1721665057771430000,43.90342993164062,0.0021331395711749,-0.0583107346713542,-0.2228144836515188
1721665057781473800,43.91347387695313,-0.0251832488343119,-0.0456703026764094,-0.1319429571151733
1721665057791517700,43.923517578125,-0.0396546225834637,-0.0236890647538006,0.0025473463952541
1721665057801561900,43.93356176757813,-0.0196301447518169,0.0133056179054081,0.0817062233060598
1721665057811605800,43.94360571289062,0.0192328159973025,0.0497080337598919,0.097000823071599
1721665057821649700,43.953649658203126,0.034790596743673,0.092078125847131,0.065993105867505
1721665057831693600,43.96369360351562,0.0204236332170665,0.1256226680524647,0.0251402864754199
1721665057841736700,43.97373681640625,-0.0011074497852474,0.1573888024084269,0.0060772740870714
1721665057851780600,43.983780517578126,-0.0183756146460771,0.1749393644072115,-0.0335696766465902
1721665057861824800,43.99382470703125,-0.0230433141961693,0.1573503700941801,-0.0390051456987857
1721665057871869000,44.00386889648438,-0.0194363026801496,0.1154370818637311,-0.0072527476072311
1721665057881912800,44.01391284179687,-0.0160146576683968,0.0549092556647956,0.0166278941959142
1721665057891956700,44.02395678710938,-0.0164436967354267,0.0164918467260897,0.0259165315449237
1721665057902000600,44.03400073242187,-0.019834654347971,-0.0379663041703403,0.0167108963042497
1721665057912043800,44.04404370117187,-0.018024170859903,-0.073647127752006,-0.0046726679861545
1721665057922087700,44.054087646484376,-0.0161084003664553,-0.0991622388891875,-0.0226677588820457
1721665057932131800,44.0641318359375,-0.0131792881119996,-0.1147680965609848,-0.0181435594558715
1721665057942175700,44.07417578125,0.0072181146852672,-0.1217860124990344,-0.017913257831335
1721665057952219600,44.0842197265625,0.0110255441442131,-0.1179674771241843,-0.0424982485115528
1721665057962263800,44.09426391601563,0.0070073945440351,-0.0938929201841354,-0.0327951851427555
1721665057972307700,44.1043076171875,0.0018573183044791,-0.0621710633613169,-0.0122048170566558
1721665057982352000,44.11435180664063,8.4755674004e-06,-0.0403470618270337,-0.0018324761241674
1721665057992394800,44.12439477539063,-0.0094632632635533,-0.0037742578417062,0.0149339497596025
1721665058002438700,44.13443872070312,-0.0064988605000078,0.0218587805867195,0.0101572368770837
1721665058012482600,44.14448266601563,-0.0047849692542105,0.0470687712974846,-0.0208393744111061
1721665058022526700,44.15452661132812,0.0011526041012257,0.0614002251192927,-0.0628811113268136
1721665058032571000,44.16457080078125,-0.0244946820482611,0.0910349004045128,0.0699766225457191
1721665058042614800,44.17461474609375,-0.0353843248531222,0.0874329303897917,0.0246972188830375
1721665058052658700,44.18465869140625,0.0008156272318214,0.0331266090542078,-0.1331587626457214
1721665058062701800,44.19470190429688,0.0330157690908759,0.0007332827106118,-0.1265261927634477
1721665058072745700,44.204745849609374,0.0204492791149765,-0.03088438308537,-0.0179354696631431
1721665058082789600,44.21478955078125,0.0009681874450296,-0.0463892646007239,0.0189174664378166
1721665058092833800,44.22483374023437,-0.0065766019113361,-0.0303140358515083,-0.0191828393757343
1721665058102878000,44.2348779296875,-0.0018503040418028,-0.0049766193687915,-0.06380173330307
1721665058112921600,44.24492163085937,-0.0008775134868919,0.0304103358328342,-0.0569067130923271
1721665058122965800,44.2549658203125,-0.0084363313686102,0.0561789833396673,-0.0142073890507221
1721665058133009700,44.265009765625,0.0080965049549937,0.0725137398079037,0.0054676177561283
1721665058143052800,44.275052734375,0.0112656365104019,0.089205054628849,0.0023030162453651
1721665058153096700,44.2850966796875,0.0152910195689648,0.0870860166482627,0.0117336924135684
1721665058163140900,44.295140869140624,0.0168121647216379,0.0764898038320243,0.0409527726352214
1721665058173184800,44.30518481445313,0.0150366794817149,0.0538645689174532,0.0424555784136056
1721665058183228700,44.31522875976562,0.0064065060414373,0.0339060689941048,0.009949731606245
1721665058193272800,44.32527294921875,0.0003619651801884,0.0111523853942751,-0.008806406790018
1721665058203316700,44.335316650390624,0.0040859541393816,-0.0138540455684065,-0.0051122284471988
1721665058213359900,44.34535986328125,-0.0001646159771829,-0.0228717570215463,-0.031589316484332
1721665058223403800,44.35540380859375,0.006777896637097,-0.0415789417095482,-0.0263180980831384
1721665058233447700,44.36544775390625,0.0097056206520646,-0.0550068708203732,-0.0289502001523971
1721665058243491600,44.37549169921875,0.0183368170056492,-0.0510175089232623,-0.0290793794900178
1721665058253535700,44.38553564453125,0.0060620034527033,-0.0635097646191716,-0.036136312264204
1721665058263580000,44.39557983398438,0.0044864977642893,-0.0656765872642397,-0.0568710572570562
1721665058273623800,44.40562377929688,-0.0094642861768603,-0.0632762481242418,-0.0501017092525959
1721665058283667700,44.41566772460938,-0.0187336343035101,-0.0649092561535537,-0.0528852024912834
1721665058293710600,44.42571069335938,-0.0197408385846763,-0.0489395336054265,-0.0465454780757427
1721665058303754800,44.435754638671874,-0.0125354372505098,-0.036904666288197,-0.0349134924709796
1721665058313798700,44.44579858398438,-0.007388210555166,-0.0091175185658037,-0.0216062671303749
1721665058323842800,44.4558427734375,-0.0034520401500165,0.0170110482946038,-0.0223404266238212
1721665058333887000,44.46588696289062,0.0021910803034901,0.0265597978845238,-0.0120195236176252
1721665058343930600,44.4759306640625,0.0058957800403237,0.0477133528113365,-0.0163315415978431
1721665058353974800,44.48597485351563,0.0040313744079321,0.0483884755939245,-0.011348492488265
1721665058364017700,44.496017578125,-0.0013294219728559,0.0345883521698415,-0.0096405195266008
1721665058374061800,44.506061767578124,-0.0033733488906174,0.0426543158560991,-0.0172217684358358
1721665058384105700,44.51610571289063,-0.0112993926495313,0.0462513174347579,-0.0197352125614881
1721665058394150100,44.526150146484376,-0.0087562109727412,0.03975245693475,-0.031197686818242
1721665058404194000,44.53619409179687,-0.0196546946711838,0.0349085240349173,-0.0201870479822158
1721665058414238000,44.546238037109376,-0.0206011817410588,0.026428864981234,-0.0019856208592653
1721665058424282000,44.5562822265625,-0.0155623107910156,0.0210385502450168,-0.0072860653549432
1721665058434325000,44.56632495117187,-0.016482275180146,0.0166166421495378,0.0111509240895509
1721665058444369200,44.576369140625,-0.0158612937375903,0.0043143560677766,0.008052958074212
1721665058454413000,44.5864130859375,-0.012344883114472,-0.015243600230664,0.0142266782730817
1721665058464457000,44.59645703125,-0.0092108228724449,-0.0160281747370958,-0.0067646718293428
1721665058474500900,44.6065009765625,0.0034451720178127,-0.0120336982734501,-0.0104594346940517
1721665058484545000,44.616544921875,0.0084313629325479,-0.0156447283774614,-0.0336070860475301
1721665058494589200,44.62658911132812,0.0074388447638601,-0.0156637253388762,-0.0518570284873247
1721665058504632800,44.6366328125,0.007888342097029,-0.0101531452238559,-0.0658539896577596
1721665058514676000,44.64667602539063,0.0009094429951161,-0.0097941026531159,-0.0503226585268974
1721665058524719900,44.65671997070312,-0.0098312928583472,-0.0057246612571179,-0.013676058652997
1721665058534764000,44.666763916015626,0.0020925152998417,0.0013559446536004,0.0051800329864025
1721665058544808000,44.67680786132812,0.0086357994634658,-0.0016102116756141,-0.0011959317862987
1721665058554852000,44.68685205078125,0.0147428841669112,0.0009213526286184,-0.0317044672966003
1721665058564896000,44.69689599609375,0.0124063309781253,0.0174136377461254,-0.0508458056181669
1721665058574940000,44.70693994140625,0.0002022445738315,0.0202890470519661,-0.0763444040119648
1721665058584983000,44.71698315429688,-0.0185001178085803,0.0299187529236078,-0.0824970814228057
1721665058595027000,44.72702685546875,-0.0213430861495435,0.0400958635449409,-0.0487947183072566
1721665058605071000,44.73707104492188,-0.0097615155577659,0.0261428876467049,-0.0690916564047336
1721665058615115000,44.74711499023437,-0.0136548697344958,0.0149576228961348,-0.0652618689835071
1721665058625159000,44.75715893554688,-0.0104495708871632,0.0007663081973791,0.01372632753551
1721665058635203000,44.767203125,0.0212236244883388,-0.0311304668009281,0.1414116272062063
1721665058645247000,44.7772470703125,0.0595040361091494,-0.041492578600347,0.1246282501876354
1721665058655290000,44.7872900390625,0.0798044813379645,-0.0392217110589146,-0.0526823733955621
1721665058665334000,44.797333984375,0.0531599277794361,-0.0466031996123492,-0.0798731626600027
1721665058675378200,44.80737817382813,0.0139822019927203,-0.0557535975344479,-0.1292249303281307
1721665058685421800,44.817421875,-0.0030864217080175,-0.0711665629826486,-0.1852536915421485
1721665058695466000,44.82746606445313,-0.0354543213494122,-0.0769429544270038,-0.1273825173318386
1721665058705510000,44.83751000976562,-0.0511756951596587,-0.0509916438296437,0.0030032734692096
1721665058715554000,44.847553955078126,-0.0321859672032296,-0.0025331717394292,0.0770709647208452
1721665058725598200,44.85759814453125,0.0150303228061646,0.0531353778600692,0.0756020612120628
1721665058735641000,44.86764111328125,0.0375962287489324,0.0921115897253155,0.0463373882830142
1721665058745685000,44.87768505859375,0.030296938586235,0.1290269235379993,0.028693010520935
1721665058755729000,44.88772900390625,0.0082791680455207,0.1452998668164014,0.0126326870799064
1721665058765773000,44.89777294921875,-0.0170673085264861,0.1572635685935616,0.0034212066203355
1721665058775817000,44.90781689453125,-0.0163645670846104,0.1524503230929374,-0.0020014029502868
1721665058785861000,44.91786108398438,-0.0236767897941172,0.1016387120053172,0.0147656074553728
1721665058795905000,44.92790502929687,-0.0129745593201369,0.05309197710976,0.0113683662325143
1721665058805948000,44.93794799804687,-0.0187911366444081,0.0042030046477913,-0.0079413143932819
1721665058815992000,44.947991943359376,-0.0360185311034321,-0.0441159128412604,-0.0426776967316865
1721665058826036000,44.95803588867187,-0.0356141150210052,-0.0774061880245804,-0.0520505052328109
1721665058836080000,44.968080078125,-0.0465314495503902,-0.1153638704970479,-0.0419154801875352
1721665058846124000,44.9781240234375,-0.032743747216463,-0.1348714117825031,-0.0266109435498714
1721665058856168000,44.98816796875,-0.0106447281330823,-0.1320468558810651,-0.0210533094227313
1721665058866211800,44.9982119140625,0.0022265900082886,-0.1163875144563615,-0.0292494753599166
1721665058876255000,45.0082548828125,0.0111148298628628,-0.0983697733372449,-0.0378805255830287
1721665058886299000,45.018298828125,0.0162102533057332,-0.0681095134995877,-0.022861235627532
1721665058896343000,45.02834301757812,0.0081808953028172,-0.0248610311426222,0.0038736265629529
1721665058906387200,45.03838720703125,0.0060517012543976,0.0160908647097647,0.0158054718971252
1721665058916430800,45.04843090820312,-0.0008468260876834,0.0465688589513301,0.0273135388612747
1721665058926475000,45.05847509765625,0.0046094665568321,0.082228932005912,0.0127308867573738
1721665058936519000,45.06851879882812,0.0035735476378351,0.0916346198633313,-0.0470861608237028
1721665058946562000,45.07856201171875,-0.0140897540204226,0.1117740293115377,0.0699462274074554
1721665058956606000,45.08860595703125,-0.0159845547910779,0.0993288276277482,0.0461088402241468
1721665058966650000,45.09865014648437,0.0060607613436877,0.0505218343608081,-0.0870014071047306
1721665058976694000,45.10869409179688,0.0340129634346812,-0.0125090607002377,-0.088043025112152
1721665058986738000,45.118738037109374,0.0343930487934499,-0.0416483536839485,-0.0164034377902746
1721665058996782000,45.12878198242188,0.0140830320186913,-0.0646865533135831,-0.0187105456888675
1721665059006826000,45.13882592773437,0.0052346857830882,-0.0613834201149642,-0.0665980860233306
1721665059016869000,45.148869140625,0.0028385113615542,-0.0290799640119075,-0.0898065276533365
1721665059026913000,45.1589130859375,-0.0072961483575403,0.0035850188799202,-0.0366255570858716
1721665059036957000,45.16895703125,-0.0146693805392831,0.046779871353507,0.000225625449419
1721665059047001000,45.1790009765625,-0.0054503743603825,0.0710313922956585,0.0042488896161317
1721665059057045000,45.189044921875,0.0088395053420215,0.1086369003295898,-0.0264653975993394
1721665059067089200,45.19908911132813,0.0258385709378868,0.1019774424403905,-0.0174947401583194
1721665059077133000,45.209133056640624,0.0326082842685282,0.0801097478948533,-0.0009521861582994
1721665059087177000,45.21917700195313,0.0239814718291163,0.0570620497845113,0.0260989023745059
1721665059097219800,45.2292197265625,0.0138859750766307,0.0293375920347869,0.018431728747487
1721665059107264000,45.23926391601562,0.0046821664668619,0.0169542035408318,0.0165180040806531
1721665059117308000,45.24930786132813,-0.0110047205518931,-0.0027889000661671,0.0162000241726636
1721665059127352000,45.25935205078125,-0.0108403968356549,-0.0201285957932472,-0.0213368025392293
1721665059137396200,45.26939624023437,-0.0071352587074041,-0.0486301753953099,-0.0363829805016517
1721665059147439900,45.27943994140625,-0.0039941842027008,-0.0654151598490774,-0.0343885918140411
1721665059157484000,45.28948413085938,-0.0003913374051451,-0.0761387984372675,-0.0173322430729866
1721665059167527000,45.29952685546875,-0.0051420390635728,-0.0730823334760963,-0.0199433023542165
1721665059177571000,45.309571044921874,-0.0113734077338129,-0.0756665047504007,-0.0309551102340221
1721665059187615000,45.31961499023438,-0.0152970109183341,-0.0639002252414822,-0.0337432796478271
1721665059197659100,45.3296591796875,-0.010099442275241,-0.0556637272939085,-0.0344751010537147
1721665059207703000,45.339703125,-0.0098862379159778,-0.0366705652713775,-0.0284632934182882
1721665059217747000,45.349746826171874,-0.0090482527218759,-0.0218320387102663,-0.0143804075300693
1721665059227791000,45.359791015625,-0.0099663904801011,-0.0035332886926829,-0.0141653034746646
1721665059237834000,45.369833984375,-0.0039330285999923,0.0181174021013081,-0.012717442753911
1721665059247878100,45.379878173828125,0.0020893734946846,0.0294761237226426,-0.0145697926223278
1721665059257922000,45.38992211914063,-0.002334872688353,0.0433861372619867,-0.0148977094024419
1721665059267966000,45.399966064453125,0.0018731734607368,0.0454082907393574,-0.0209042563408613
1721665059278009900,45.410009765625,0.0040421149976551,0.0555208116918802,-0.0269078806698322
1721665059288054000,45.42005395507813,-0.0015611849021166,0.0514040240228176,-0.0168611184298992
1721665059298098200,45.43009814453125,-0.014336641453579,0.0488813736774027,-0.0078629884600639
1721665059308141000,45.44014111328125,-0.0178691264286637,0.0530360091388225,-0.0248906956285238
1721665059318185200,45.450185302734376,-0.0080257047411054,0.0496808534920215,-0.0290408010452985
1721665059328228900,45.46022875976563,-0.0071324091631919,0.050922085724771,-0.0146516256868839
1721665059338273000,45.47027294921875,-0.016079539598152,0.0343054435752332,-0.0102677115142345
1721665059348317000,45.48031689453125,-0.0211129306554794,0.0274285435430705,-0.0133785370111465
1721665059358361000,45.490361083984375,-0.0128551707241684,0.0147622464545071,-0.0188853177338838
1721665059368405000,45.50040502929688,-0.012665128044784,0.0028267478585243,-0.0247334592401981
1721665059378448100,45.5104482421875,-0.0137595722179859,-0.0090039751887321,-0.0262421102374792
1721665059388492000,45.520491943359374,-0.0017157909419387,-0.0251655670471489,-0.0096703301429748
1721665059398536400,45.53053637695312,-0.0026274989593774,-0.029898733048886,-0.01691547896564
1721665059408580600,45.54058056640625,-0.0037017040621489,-0.0323734525993466,-0.0141524439930915
1721665059418624500,45.55062451171875,0.0033949031352996,-0.0315504457786679,-0.0088566756725311
1721665059428668400,45.56066845703125,0.0094408322360366,-0.028583851058036,-0.0089472765654325
1721665059438712300,45.57071240234375,0.0040662265256047,-0.038840602786839,-0.0108364513128995
1721665059448756500,45.58075659179688,0.0047182606935501,-0.0257609025917947,-0.0123988783240318
1721665059458799400,45.59079931640625,0.0106691319219768,-0.0199723823182284,-0.0156289462864398
1721665059468843500,45.60084350585937,0.011741510393843,-0.0160154613859951,-0.046487025886774
1721665059478887700,45.6108876953125,0.0160442490890622,-0.0143302847780287,-0.0474462263077497
1721665059488931300,45.62093139648437,0.0173798085417598,-0.0157093180462718,-0.0562011951714754
1721665059498975500,45.6309755859375,0.0092365418355911,-0.024292583604902,-0.041899113574624
1721665059509019400,45.64101928710937,-0.0017662059549242,-0.0106204704746603,-0.0225128605812788
1721665059519063600,45.6510634765625,-0.0022077391773462,-0.0024270810164511,0.0175321495592594
1721665059529106400,45.6611064453125,-0.0019069295998662,0.0062675359621644,0.0305061974227428
1721665059539150600,45.67115063476562,0.0083216189477592,0.0170183548182249,0.021501637712121
1721665059549194500,45.68119458007813,0.0142456752344965,0.0319546426653861,0.0017214169651269
1721665059559238400,45.69123828125,0.0212660753905773,0.0322442732617259,-0.0295715469211339
1721665059569282600,45.70128247070313,0.0067431175846606,0.0375533394552767,-0.0543476762592792
1721665059579326500,45.71132641601562,-0.0072081778131425,0.052993192910403,-0.0708341161578893
1721665059589370400,45.72137036132813,-0.0237312233950942,0.0477906558312475,-0.0393190339535474
1721665059599413500,45.73141357421875,-0.0371967080373316,0.0458596877686679,-0.0723749158591032
1721665059609457400,45.74145751953125,-0.0318986016292125,0.0315489844739437,-0.0820440769582986
1721665059619501300,45.751501220703126,-0.0153458184961229,0.0057809214890003,-0.0095616090714931
1721665059629545500,45.76154541015625,0.0032882278904318,-0.0240913619443774,0.1444026257157325
1721665059639589600,45.77158959960938,0.049165670511499,-0.040258799021691,0.1610328579992055
1721665059649633300,45.78163330078125,0.0663997869722545,-0.0633821927167475,-0.0174275201410055
1721665059659677400,45.79167749023438,0.0368411725979298,-0.0732560826078057,-0.051388241931796
1721665059669720300,45.80172021484375,-0.0024834873788058,-0.0764461108207702,-0.1123357548475265
1721665059679764500,45.81176440429687,-0.0181017661407589,-0.0909802476078271,-0.1865712038815021
1721665059689808400,45.82180834960938,-0.0159786365069448,-0.07519698754251,-0.1351841309934854
1721665059699852500,45.8318525390625,-0.0186298816680908,-0.0391433851256966,-0.0341916079372167
1721665059709896400,45.841896484375,-0.0060506052758544,-0.0086827804103493,0.0279196880608797
1721665059719940400,45.8519404296875,0.0340011999316513,0.0447958579294383,0.0436252067148685
1721665059729984500,45.86198461914063,0.0315068988978862,0.0715495709508657,0.0349076472520828
1721665059740027400,45.87202734375,0.0037342180922627,0.0970845558322966,0.0081651862770318
1721665059750071600,45.88207153320312,-0.0261846078965812,0.1218950258314609,0.0003062894701957
1721665059760115500,45.89211547851563,-0.0427892673473805,0.1453948516234755,-0.0281003053247928
1721665059770159400,45.90215942382813,-0.0440369293209165,0.1397033619835972,-0.0495464134573936
1721665059780203500,45.91220361328125,-0.0357133376117795,0.1100853455722331,-0.0418354006886482
1721665059790247400,45.92224731445312,-0.0346337256815284,0.0553917784847319,-0.0250274737507104
1721665059800291600,45.93229150390625,-0.029226021419093,0.0132011346176266,-0.0048421793341636
1721665059810334500,45.94233447265625,-0.0285994870185852,-0.0380782401122152,0.0119528881222009
1721665059820378600,45.952378662109375,-0.0299473944962024,-0.0686855598218739,0.0067038815528154
1721665059830422500,45.96242260742188,-0.0277805718511343,-0.0804848648175597,-0.0011760580420494
1721665059840466400,45.972466552734375,-0.0193926827341318,-0.0970190893806517,-0.0208089792728424
1721665059850510300,45.98251025390625,-0.0088663202837109,-0.1052853979445993,-0.0382090268850326
1721665059860554500,45.992554443359374,0.0108053985875099,-0.0912085034057497,-0.0375111077487468
1721665059870597400,46.002597412109374,0.0133997259296476,-0.0820459766544401,-0.0161556005090475
1721665059880641500,46.0126416015625,0.0163311762716621,-0.0612155162021517,0.0069593176186084
1721665059890685400,46.022685546875,0.0141407535552978,-0.0333120486237108,0.0106003044694662
1721665059900729300,46.03272924804688,0.0056977001849561,-0.0059082011304795,0.0087239892035722
1721665059910773500,46.0427734375,0.0122968061890453,0.0173272746369242,0.0239192202478647
1721665059920817400,46.0528173828125,0.0101015611670911,0.038523499661684,0.0219295077353715
1721665059930861600,46.062861572265625,0.0175772308100014,0.0464233130007982,0.0142915602028369
1721665059940905500,46.07290551757813,-0.0062188014496117,0.0785300774879753,0.1141372513115406
1721665059950948400,46.0829482421875,-0.0245901052467524,0.0781817024417221,0.0385895506352186
1721665059960992500,46.092992431640624,-0.0006482347756624,0.0447070106022059,-0.1259872635811567
1721665059971036400,46.10303637695313,0.0308964388493448,0.0067985740989446,-0.1311520989984274
1721665059981080600,46.11308056640625,0.0236937409289181,-0.0250550924099981,-0.0344277547806501
1721665059991124500,46.12312451171875,0.0297248377867043,-0.0394860610835254,0.0153425305604934
1721665060001168400,46.13316845703125,0.0296028188422322,-0.040780046416819,-0.0340863939970731
1721665060011211500,46.14321142578125,0.0220560567244887,-0.0227289875499904,-0.1017407110750675
1721665060021255400,46.15325537109375,0.0066248249672353,0.0015979367159307,-0.0802887577235698
1721665060031299300,46.16329931640625,0.0024621523298323,0.0191343240588903,-0.0331365459263324
1721665060041343500,46.17334350585938,-0.0129527128145098,0.0419153340570628,-0.0132248077541589
1721665060051387600,46.1833876953125,-0.0089653967440128,0.0592852787919342,-0.0448018492788076
1721665060061431300,46.19343139648438,-0.0081009619344025,0.0675347823515534,-0.038005028745532
1721665060071475500,46.20347534179688,-0.0031640169888734,0.0648233314357698,-0.0204050746470689
1721665060081518300,46.21351831054688,0.0019255612351,0.0468687186807394,-0.004884264910221
1721665060091562500,46.2235625,0.0012124445296823,0.0382883757315576,-0.0091132807821035
1721665060101606400,46.2336064453125,-0.0013302987556904,0.0194578569248318,0.0154582658946514
1721665060111650600,46.24365063476562,0.0054143531989306,0.0068969199068844,0.0144178169310092
1721665060121694500,46.253694580078125,0.0020079057563096,0.0036186288885772,-0.0004611877709627
1721665060131738400,46.26373828125,-0.0079711250096559,-0.0022265900082886,-0.0241138660371303
1721665060141782500,46.273782470703125,-0.0074165598668158,-0.010595043772459,-0.0075040920197963
1721665060151825400,46.283825439453125,0.003021758973971,-0.0264050457142293,-0.010996025788784
1721665060161869600,46.29386962890625,0.0061584495645016,-0.0334150706067681,-0.0043365678995847
1721665060171913500,46.30391357421875,0.0026028759747743,-0.042411008619517,0.0076437927514314
1721665060181957400,46.31395727539063,-0.0144345488701015,-0.0399770594708621,-0.0034592005431652
1721665060192001500,46.32400146484375,-0.0135544780999422,-0.0467773871354758,-0.0098018475681543
1721665060202045400,46.33404541015625,-0.0178865890201181,-0.0441308181494474,-0.0193114341914653
1721665060212089600,46.344089599609376,-0.0222349204227328,-0.035527386585623,-0.0254845698684453
1721665060222132500,46.354132568359375,-0.0118114338248968,-0.024978812303394,-0.0318973595201969
1721665060232176600,46.3641767578125,-0.003506985207647,-0.004970189628005,-0.0290068987756967
1721665060242220300,46.37422021484375,-0.000474120317772,-0.0056663551986217,-0.0185211605966091
1721665060252264400,46.38426440429687,-0.0090480335261672,0.0028133038550615,-0.0126759416997432
1721665060262308400,46.394308349609375,-0.0045188656639307,0.0133678694866597,-0.0232774152129888
1721665060272352500,46.4043525390625,0.0003184182994067,0.034822453186661,-0.0236263747811317
1721665060282396700,46.41439672851563,-0.0025678777266293,0.0286246214598417,-0.0336737215429544
1721665060292439600,46.424439453125,-0.0139416507866233,0.0231140413448214,-0.0104354692965745
1721665060302483500,46.4344833984375,-0.0129518360316753,0.0295928819701075,-0.0092144030690193
1721665060312527400,46.44452734375,-0.0113161976538598,0.0348285906665027,-0.0271826059579849
1721665060322571500,46.45457153320312,-0.0215378050040453,0.0417193730935454,-0.024162965875864
1721665060332615400,46.464615478515626,-0.0258876707766205,0.0345858679518103,-0.0242763631224632
1721665060342659600,46.47465966796875,-0.0200187056779861,0.0312093772560358,-0.0300613762646913
1721665060352703500,46.48470336914063,-0.0170815562475472,0.0177140819974243,-0.0282557881474494
1721665060362746400,46.49474633789063,-0.0104221714235842,-0.0028434067323803,-0.0293003287643194
1721665060372790500,46.50479052734375,-0.0126557026293128,-0.0111615916140377,-0.0219774385303258
1721665060382834400,46.51483447265625,-0.0195984344393014,-0.015597820495814,-0.0116769937902688
1721665060392878300,46.52487841796875,-0.0125375561423599,-0.0215302792847156,-0.0087397712945938
1721665060402922200,46.534922119140624,-0.0052147389736026,-0.0296881590381264,-0.0124111532837152
1721665060412966100,46.54496606445313,-0.0009136077135801,-0.0249522165574133,-0.0183563254237175
1721665060423010300,46.55501025390625,-0.0005828413892537,-0.0168313078135252,-0.0144265847593545
1721665060433053200,46.56505322265625,-0.0001830284167081,-0.0129509592488408,-0.0328197350621223
1721665060443097300,46.57509741210937,0.0038141514606773,-0.0111794195316731,-0.0302419935286045
1721665060453141200,46.58514135742188,0.002817980030179,0.0020553250946104,-0.0188338798075914
1721665060463185400,46.59518530273437,0.0058178194332867,0.0044549335822463,-0.0145826521039009
1721665060473229000,46.60522900390625,0.0114144703965634,0.0187685594864189,-0.0012064531803131
1721665060483273200,46.61527319335938,0.0087709701504558,0.0201562144525349,0.0018979425758123
1721665060493317400,46.6253173828125,0.007592354825139,0.0170813370518386,-0.0305938757061958
1721665060503360300,46.6353603515625,0.0070012570641934,0.0237108381941914,-0.034336569365859
1721665060513404400,46.645404296875,0.0140470839224755,0.0137106915749609,-0.0249637608647346
1721665060523448300,46.6554482421875,0.0195697198014706,0.0057782911404967,-0.0356798006683588
1721665060533492200,46.6654921875,0.0130538351014256,-0.0045686230897903,-0.055075406011939
1721665060543536000,46.6755361328125,0.0016543430782854,-0.001234510231018,-0.0520925908088684
1721665060553580300,46.68558032226562,0.0004218786738812,-0.0001740413926541,-0.0111836573153734
1721665060563624200,46.695624267578125,-0.0109581049311906,0.0109520405165851,0.0276531460791826
1721665060573667300,46.705667236328125,-0.0085705522075295,0.0175377025172114,0.0283282688617706
1721665060583711200,46.71571118164063,0.006130173318088,0.0337665143929421,0.019791326662898
1721665060593755100,46.725755126953125,0.0093954587243497,0.036294717696309,0.0058311903715133
1721665060603799300,46.73579931640625,-0.0016918255444616,0.0416296489834785,-0.0271183085501194
1721665060613843200,46.74584326171875,-0.0146500913169234,0.0282329917937517,-0.0422141708731651
1721665060623887400,46.75588745117187,-0.0318298472419381,0.0170867438793182,-0.0214198046475648
1721665060633930200,46.76593017578125,-0.0451961092934012,0.0023221593372523,-0.0741816730201244
1721665060643974400,46.775974365234376,-0.0323795170139521,0.0042122108675539,-0.0854670371443033
1721665060654018000,46.78601806640625,-0.0257972890794277,-0.0064751873634755,-0.0382990432560443
1721665060664062200,46.796062255859376,-0.0076174162011593,-0.0388103537790477,0.0627712212115526
1721665060674106400,46.8061064453125,0.0424841469209641,-0.0482446832090616,0.1711269665122032
1721665060684150300,46.816150390625,0.0786991504445672,-0.0534771770350635,0.0360457113713026
1721665060694194400,46.8261943359375,0.0505064906612038,-0.0709327542267739,-0.0857557909578084
1721665060704237300,46.8362373046875,0.0051427697159349,-0.0733988520793616,-0.1966290720373392
1721665060714281200,46.84628125,-0.0229240717306733,-0.0671142188519239,-0.170817754432559
1721665060724325000,46.8563251953125,-0.0286550896633416,-0.0681187197193503,-0.0708276864171028
1721665060734369300,46.866369384765626,-0.0269089766483753,-0.0296061798430979,0.0167862996280193
1721665060744413400,46.87641333007812,0.0080992083687335,0.0025716040536761,0.0263180980831384
1721665060754457300,46.88645727539063,0.0273291017565876,0.0316727569840848,0.0302776493638753
1721665060764501200,46.89650122070312,0.0259317291140556,0.072975804361701,0.0219254160821437
1721665060774544100,46.90654418945312,-0.0049404520768672,0.1099083815701305,0.022687632626295
1721665060784588300,46.91658837890625,-0.0304309402294456,0.1416910286694765,0.0244511351674795
1721665060794632200,46.92663208007812,-0.0354294791691005,0.1562147901929914,-0.015475801551342
1721665060804676400,46.93667626953125,-0.0262578923285007,0.155621646605432,-0.0526449639946222
1721665060814720300,46.94672021484375,-0.0178958683051168,0.12510463552773,-0.0587555558294057
1721665060824764200,46.95676416015625,-0.0132210814271122,0.0800707310587167,-0.0333095644056797
1721665060834808300,46.96680834960937,-0.0137065268564969,0.0273053555548191,-0.0069902972787618
1721665060844851200,46.97685131835937,-0.029284619738534,-0.0155627491824328,0.0085217446297407
1721665060854895400,46.98689526367188,-0.0255974556583911,-0.0527054620102047,0.0185445414721965
1721665060864939300,46.99693920898437,-0.0293576849747449,-0.0750207541927695,0.0119067108929157
1721665060874983400,47.0069833984375,-0.0183254188288003,-0.0826904120378196,9.52770680189e-05
1721665060885027000,47.01702709960937,-0.0040459143899381,-0.1020526996336877,-0.0099789577007293
1721665060895071200,47.0270712890625,0.0089382164761424,-0.105967681120336,-0.0154430683255195
1721665060905114000,47.03711401367188,0.0135677029076963,-0.0980927099615335,-0.0040308629512786
1721665060915158300,47.047158203125,0.0117870300360023,-0.0903721987120807,0.0128729255765676
1721665060925202400,47.05720239257813,0.0024742811590433,-0.0679883713379502,0.0226841254949569
1721665060935246300,47.06724633789062,-0.0048920098252594,-0.0428182742461562,0.0311228680163621
1721665060945290200,47.077290283203126,-0.0013323445823043,-0.0123544546604156,0.0310591551303863
1721665060955334100,47.08733422851562,-0.0039963030945509,0.0132194009266793,-0.001555412748456
1721665060965378300,47.09737841796875,0.0076373630106449,0.0359421048663556,0.0063712885975837
1721665060975421200,47.107421142578126,-0.0075065031725913,0.0660334378778934,0.1292968265205621
1721665060985465300,47.11746533203125,-0.0351341494843363,0.0818054458968341,0.062716276153922
1721665060995509200,47.12750927734375,-0.0033961452443152,0.051826633349061,-0.1123959606021642
1721665061005553200,47.13755322265625,0.0225141757555305,0.0375453022792935,-0.1684691454797983
1721665061015597300,47.14759741210938,0.0170311412345618,0.0143462129995226,-0.0596966360718011
1721665061025641200,47.15764111328125,0.0096148005634546,-0.0145921505846083,0.0405167193055152
1721665061035685400,47.16768530273438,0.0120120709635317,-0.0149058927088975,0.0030962124496698
1721665061045728300,47.177728271484376,0.022318872379139,-0.0049824645876884,-0.0747445675998926
1721665061055772400,47.1877724609375,0.0169116795733571,0.0077585051722824,-0.0934697263360023
1721665061065816000,47.197816162109376,0.0079527125701308,0.0220122175827622,-0.053609425112605
1721665061075860200,47.20786010742187,0.0032830402586609,0.0345298999808728,-0.0234831669181585
1721665061085904400,47.217904296875,0.0055384179700165,0.0523255227819085,-0.0339402635246515
1721665061095948300,47.2279482421875,0.0015165420427918,0.0694286332741379,-0.0266898540049791
1721665061105992200,47.2379921875,0.0040487639341503,0.0727807201810181,-0.0201256731837987
1721665061116035300,47.24803540039063,0.0029096038363873,0.056238166180998,-0.0144265847593545
1721665061126079200,47.25807934570312,-0.0033151158973574,0.0455152582451701,-0.0048386722028255
1721665061136123100,47.268123046875,-0.0068048577092587,0.03035758273229,-0.0042401217877864
1721665061146167300,47.27816723632812,-0.0097450028143823,0.0209174080833792,-0.0004991816937923
1721665061156211500,47.28821142578125,-0.0083300945151597,0.0052668344870209,-0.0161655373811721
1721665061166255400,47.29825537109375,-0.0027842238910496,-0.0071190382249653,-0.018334698113799
1721665061176298200,47.30829833984375,-0.0017950667232275,-0.0244341840326786,-0.0074824647098779
1721665061186342100,47.318342041015626,0.003890285436809,-0.0340264805033802,0.0124222591996192
1721665061196386300,47.32838623046875,-0.0028632074113935,-0.0370442208893597,0.0099643446534872
1721665061206430200,47.33843017578125,-0.0114263069648295,-0.0455997216582298,0.0045668695241212
1721665061216474400,47.34847436523437,-0.0119575642973184,-0.0587874122723937,-0.0043225393742322
1721665061226518300,47.35851831054688,-0.0275107419338077,-0.0531130198977887,-0.0085538933336734
1721665061236562200,47.36856225585937,-0.0373906962394714,-0.0573320988975465,-0.0130552964061498
1721665061246605000,47.37860498046875,-0.0311265943434089,-0.0424490025423467,-0.0147007255256176
1721665061256649200,47.38864916992188,-0.0133520873956382,-0.0337495632581412,-0.0275303964823484
1721665061266693400,47.398693359375,-0.0094025460522621,-0.0126192430764436,-0.0244628256052732
1721665061276737300,47.4087373046875,-0.0035903526421636,-0.0014763561628758,-0.0263438170462846
1721665061286781200,47.41878125,0.0050607174556702,0.0136914023526012,-0.0319528890997171
1721665061296825000,47.4288251953125,0.0061298810571432,0.0180333770796656,-0.0248451029211282
1721665061306869200,47.438869140625,-0.0018389789301902,0.0231241243474185,-0.0243114344358444
1721665061316912000,47.448912109375,0.005032222013548,0.0217667183890938,-0.019839841979742
1721665061326956300,47.45895629882813,0.0016166414164006,0.0271066181123256,-0.0176069683611392
1721665061337000400,47.46900048828125,0.0049760348469018,0.0448883585184812,-0.0164297412753105
1721665061347044400,47.47904443359375,-0.0045140433583408,0.0484600795254111,-0.0234404968202114
1721665061357088300,47.48908813476562,-0.009484306051582,0.0405023985192179,-0.034631168398261
1721665061367132200,47.49913208007813,-0.0062809069003909,0.0530737108007073,-0.0271352596849203
1721665061377176300,47.50917626953125,-0.015921499492228,0.0503255811363458,-0.0158808752208948
1721665061387219200,47.51921923828125,-0.0184261027242988,0.0396999960951507,-0.012640870386362
1721665061397262800,47.529262939453126,-0.0152541216246783,0.0200644445158541,-0.0023667291313409
1721665061407307000,47.53930712890625,-0.017329978050664,0.0134954413890838,0.0035351883888244
1721665061417350700,47.5493505859375,-0.018210268016532,0.0057223231695592,0.0008434650868177
1721665061427394800,47.55939477539062,-0.0141736329115927,-0.0068758771188557,-0.0032271453529596
1721665061437438700,47.569438720703126,-0.0049055999591946,-0.0206157947883009,-0.0184328977912664
1721665061447481900,47.57948193359375,7.67184980213e-05,-0.0446516271531581,-0.0173971250027418
1721665061457525800,47.58952587890625,0.0081602178409695,-0.0400736517131328,-0.0219441207826137
1721665061467570000,47.59956982421875,0.0151052146732807,-0.0360807826846837,-0.0117617494642734
1721665061477613800,47.60961376953125,0.0107657241642475,-0.0420183560401201,-0.0223790050685405
1721665061487657700,47.61965771484375,0.0228161543767899,-0.0320822145678103,-0.0283300224274396
1721665061497702000,47.62970190429687,0.0278879777483642,-0.0231599263131618,-0.0245592717170715
1721665061507745800,47.639745849609376,0.0239701467175036,-0.0058769292093813,-0.0300637143522501
1721665061517789000,47.649788818359376,0.0312963248871266,0.0105206633619964,-0.0344441213935613
1721665061527832800,47.65983276367187,0.017618658798933,0.0224652220472693,-0.0276566532105207
1721665061537876700,47.669876708984376,0.0091954061076045,0.023547464326024,-0.0126888011813163
1721665061547921000,47.6799208984375,-0.0055124798111617,0.0410229152619838,-0.0009533552020788
1721665061557964800,47.68996484375,-0.0073032356854528,0.0523278608694672,-0.0088309567093849
1721665061568009000,47.70000903320312,-0.0049772769559174,0.0467614589139819,-0.0142319389700889
1721665061578052900,47.71005297851563,0.0089840283792465,0.0478777495928108,-0.0111567693084478
1721665061588096000,47.72009594726563,0.0022452947087585,0.0345879137784242,-0.0229775554835796
1721665061598139600,47.7301396484375,-0.0049865562409162,0.0141029057629406,-0.0370393985837698
1721665061608183800,47.74018383789063,-0.0175330263420939,-0.0082486267767846,-0.0240501531511545
1721665061618228000,47.75022802734375,-0.0350385801553726,0.000944441243261,-0.0138777187049388
1721665061628271900,47.76027197265625,-0.0418671840663999,-0.0129376613758504,-0.0962935515850782
1721665061638316000,47.77031591796875,-0.0359014805950224,-0.0073017013154923,-0.0784779089093208
1721665061648359700,47.78035961914063,-0.0282139948323369,-0.0324918182820081,-0.0305453603893518
1721665061658402800,47.79040283203125,0.0133875240352004,-0.047639703053236,0.1768576191186904
1721665061668446700,47.80044677734375,0.0519816047150641,-0.0420015510357916,0.1391290692269802
1721665061678491000,47.81049096679688,0.0763626703210175,-0.046466567620635,-0.00417757794559
1721665061688534800,47.82053466796875,0.0407826767653226,-0.0531841854378581,-0.1564969681352377
1721665061698579000,47.83057885742188,-0.001620221612975,-0.0737089409418404,-0.2067857243925333
1721665061708622800,47.84062280273437,-0.0296680660981684,-0.0683500442571938,-0.1098106202840804
1721665061718666800,47.85066674804688,-0.0320846987858414,-0.047865328502655,-0.0040139118164777
1721665061728710000,47.8607099609375,-0.0188071379311382,-0.0188598910316824,0.0431581737250089
1721665061738753800,47.87075390625,0.0297312675274908,0.0277216812707483,0.0368336468786001
1721665061748798000,47.8807978515625,0.0385386972308158,0.0624035569429397,0.0069242463052272
1721665061758841900,47.890841796875,0.011438947250694,0.1044302424199879,0.0062415247380733
1721665061768885800,47.9008857421875,-0.0175775230709463,0.1328551035240292,0.0146031103700399
1721665061778930000,47.910929931640624,-0.0394710827101022,0.1624326417945325,-0.0182967041909694
1721665061788973800,47.92097387695313,-0.0449863390002399,0.1668454898007214,-0.0469411993950605
1721665061799017000,47.93101684570313,-0.0279168385166674,0.142417297117412,-0.0629477468222379
1721665061809060900,47.94106079101562,-0.0097326547894626,0.1003131624899804,-0.0680886168420314
1721665061819105000,47.95110498046875,0.0027546324703842,0.0499926959201693,-0.0409860903829336
1721665061829148700,47.96114868164062,-0.0056375674955546,-0.0070931731313467,-0.0167407069206237
1721665061839192800,47.97119287109375,-0.0157107062857598,-0.0504813562199473,-0.0039046062231063
1721665061849236700,47.98123681640625,-0.0150753309916704,-0.0812108410045504,-0.0044108021795749
1721665061859281000,47.99128100585938,-0.0230384918905794,-0.0970242039471864,-0.0045458267360925
1721665061869323800,48.00132373046875,-0.020317761689797,-0.0975935282677412,0.0025812486648559
1721665061879368000,48.011367919921874,-0.0094403938446193,-0.1123681958124041,-0.0071767597615718
1721665061889411800,48.02141186523438,0.0044410511873662,-0.1137184413775801,-0.0042775311887264
1721665061899455700,48.03145581054687,0.0091378307014703,-0.1119412025719881,0.0045510874330997
1721665061909500000,48.0415,0.0161105923235416,-0.0791512781262397,0.0046796822488307
1721665061919543800,48.05154370117187,0.0081580989491194,-0.0564065084852278,0.0139379244595766
1721665061929587000,48.0615869140625,-0.0026012685395777,-0.0157438048377633,0.036361937713623
1721665061939630800,48.071630859375,-0.0054113575242459,0.0107774146020412,0.0305348389953374
1721665061949674800,48.0816748046875,0.0019924889914691,0.0427747273653745,-0.018510054680705
1721665061959719000,48.09171899414063,-0.0031765842095017,0.0720997521795332,0.0980026935905218
1721665061969762800,48.1017626953125,-0.0353005920924246,0.0945337023057043,0.1189198094129562
1721665061979807000,48.11180688476563,-0.0159909845318645,0.0820035988174378,0.0075946929126977
1721665061989851000,48.12185083007813,0.0128852736014872,0.0649409664660692,-0.1398971309900283
1721665061999894000,48.13189404296875,0.0303903159581124,0.028232407271862,-0.1483463949054479
1721665062009937700,48.14193774414063,0.0259890853244811,-0.0067253627322614,-0.0086556001424789
1721665062019981800,48.15198193359375,0.0325826383706182,-0.0128171037361025,0.0375128613144159
1721665062030026000,48.16202587890625,0.0413414066266268,-0.012955197032541,-0.0088058222681283
1721665062040070000,48.17206982421875,0.035622006066516,-0.0074796882309019,-0.0832598824888467
1721665062050113800,48.18211376953125,0.0190498606458306,0.0095035952739417,-0.0703571462959051
1721665062060157700,48.19215771484375,0.0079050009708851,0.0319677944079041,-0.0439858567208051
1721665062070200800,48.20220092773437,-0.0028913375273346,0.0468728103339672,-0.0288648599565029
1721665062080244700,48.21224462890625,-0.0103334702268242,0.0654664516448974,-0.0441074372738599
1721665062090289000,48.222288818359374,-0.005852233159542,0.0665811348885297,-0.0378963076740503
1721665062100332800,48.23233276367188,0.0036528234191238,0.0598186550162732,-0.0337689986109733
1721665062110377000,48.242376953125,-0.0023964666824787,0.047744040210545,-0.0332207170784473
1721665062120420900,48.2524208984375,-0.0025992957782,0.0222926419593393,-0.0112748427301645
1721665062130464800,48.26246484375,-0.005448474664241,0.0129416068986058,-0.006076105043292
1721665062140508000,48.2725078125,-0.0010873568452894,-0.0056441433668136,-0.0281961669147014
1721665062150551800,48.2825517578125,0.0007096826393157,-0.0157344524875283,-0.0308142404586076
1721665062160596000,48.292595947265625,-0.0004584843572229,-0.0187429866537451,-0.0182855982750654
1721665062170640000,48.30263989257813,0.0006298954013735,-0.0329081439979374,-0.0147626848459243
1721665062180683800,48.312683837890624,0.0113810065183788,-0.0291197115004062,-0.0039934535503387
1721665062190728000,48.32272802734375,0.0092940441764891,-0.0444642878875136,-0.0148041859000921
1721665062200771800,48.33277172851562,-0.0095288758456707,-0.0552602610595524,-0.0021574702948331
1721665062210815000,48.34281494140625,-0.0174787388715893,-0.0543017912909388,0.0040162499040365
1721665062220859000,48.35285888671875,-0.0280875919736921,-0.055705812869966,-0.0056710313737392
1721665062230902800,48.36290283203125,-0.0179880766332149,-0.0391181045539677,-0.00113747959733
1721665062240946700,48.37294677734375,-0.013917977650091,-0.0317532748743891,-0.0127688806802034
1721665062250990800,48.38299096679688,-0.0158728380449116,-0.0475138847164809,-0.0159580321103334
1721665062261034800,48.39303466796875,-0.0052516369178891,-0.017192396210879,-0.0207931971818208
1721665062271079000,48.40307885742188,-0.0036838030792772,-0.0018713468298316,-0.0169166480094194
1721665062281121800,48.413121826171874,-0.0092522508613765,0.0115334936663508,-0.003453939846158
1721665062291166000,48.423166015625,-0.0095774642277508,0.0272597628474235,0.0006108253747224
1721665062301209900,48.4332099609375,-0.0010544044237583,0.0435660238735377,-0.0062017772495746
1721665062311253800,48.44325366210938,-0.0074801996875554,0.0496146563880145,-0.0094271690368652
1721665062321298000,48.4532978515625,-0.0027896307185292,0.0615337883710861,-0.0127612818956375
1721665062331341800,48.463341796875,-0.0070464113801717,0.0600986410014331,-0.0130582190155982
1721665062341385700,48.4733857421875,-0.0126738228078931,0.0672884063750505,-0.023801146826148
1721665062351428900,48.483428955078125,-0.0136808078933507,0.0520908372431993,-0.0133282681286334
1721665062361472800,48.49347265625,-0.0224392108231782,0.0424415498882532,-0.0079611881375312
1721665062371517000,48.503516845703125,-0.0186048933573067,0.0226230429574847,-0.0110094697922468
1721665062381560800,48.51356079101563,-0.0240142050549387,0.0012407938413321,-0.0167909758031368
1721665062391605000,48.52360498046875,-0.0210028213445097,-0.0047112464308738,-0.0164461078882217
1721665062401649200,48.53364916992187,-0.0155696173146367,-0.0207113641172647,-0.0343973596423864
1721665062411692000,48.54369213867187,-0.0074948858000338,-0.031890491387993,-0.0449918188929557
1721665062421736200,48.553736083984376,-0.0095642394199967,-0.0293368613824248,-0.0210369428098201
1721665062431780000,48.56378002929687,-0.006719006056711,-0.0207560800418257,-0.0011088380247354
1721665062441824300,48.57382421875,-0.0064713879711925,-0.008134060486406,-0.0056967503368854
1721665062451868400,48.58386840820312,0.0042682519037276,-0.0049982466787099,-0.0186731362879276
1721665062461912000,48.593912109375,0.0136827075894922,-8.9431849122e-05,-0.0116635497868061
1721665062471956200,48.60395629882812,0.0228891465477645,0.0024590835899114,-0.02174596786201
1721665062481999000,48.6139990234375,0.0286439106822013,-0.001491992123425,-0.0376508084803819
1721665062492043300,48.62404321289063,0.0141867846541106,-0.0086085461303591,-0.0431079048424959
1721665062502087200,48.63408715820312,0.0006716156512498,0.0009665069445967,-0.0066238020539283
1721665062512131300,48.64413134765625,-0.0132468734554946,0.0030740006178617,-0.0853261673688888
1721665062522175200,48.65417529296875,-0.0140702456023544,0.0127463765874505,-0.1101888059467077
1721665062532219100,48.66421923828125,-0.007430515326932,-0.0065323243781924,-0.0781096601188182
1721665062542263300,48.67426318359375,0.0196226920977234,-0.0362670990370214,0.1068850882261991
1721665062552306200,48.68430615234375,0.0708380616806447,-0.030372488040477,0.1507885273605585
1721665062562350300,48.69435034179688,0.0935638343602418,-0.0362041168034076,0.0138712889641523
1721665062572394200,48.70439428710937,0.065207070056349,-0.047409255298227,-0.1293400811403989
1721665062582438100,48.71443823242188,0.0202691733077168,-0.0447154861696064,-0.2199421430855989
1721665062592482300,48.724482421875,-0.0110229137957096,-0.049131695176661,-0.1327618722826242
1721665062602526200,48.73452612304688,-0.0359784913539886,-0.0373369202256202,0.0059486792713403
1721665062612570400,48.7445703125,-0.0394865725401788,-0.0151313720278441,0.0891518631368875
1721665062622613200,48.75461328125,-0.0095826518595218,0.0267538591518998,0.0811304692447185
1721665062632657400,48.76465747070313,0.0150672938156872,0.069716656435281,0.0504448236018419
1721665062642701000,48.774701171875,0.0196623665209859,0.1045068147875368,0.030013445469737
1721665062652745200,48.7847451171875,-0.0110280283622443,0.1335103525623679,0.0292097278714179
1721665062662789000,48.7947890625,-0.0432061775851994,0.1493042801521718,0.0085907182127237
1721665062672833300,48.80483325195313,-0.0531910535700619,0.1543897667229175,-0.0131803840905427
1721665062682876200,48.81487622070313,-0.0406902492415159,0.1407765441730618,-0.0476882183700799
1721665062692920300,48.82492041015625,-0.0211337542477995,0.0994357951335608,-0.0562730913639068
1721665062702964200,48.83496411132813,-0.0056418052792549,0.0460986110910773,-0.0348982949018478
1721665062713008000,48.84500805664062,-0.004997223765403,-0.0138645669624209,-0.0084457567840814
1721665062723052300,48.85505224609375,-0.0108770025189965,-0.0629455548651516,-0.0112426940262317
1721665062733096200,48.86509619140625,-0.0149774235751479,-0.0892687675148248,-0.0168500125139951
1721665062743140000,48.87514013671875,-0.0119034960225224,-0.1084070370964706,-0.0287497091442346
1721665062753183200,48.88518334960938,-0.0176151516675949,-0.1231546705037355,-0.0130740011066198
1721665062763227100,48.89522705078125,-0.0246934925559908,-0.1180845276325941,-0.0224684369176626
1721665062773271300,48.90527124023438,-0.0172054018229246,-0.113440793479979,-0.0070090019792318
1721665062783315200,48.91531518554687,-0.0055554421700537,-0.1008450774095952,-0.0116401689112186
1721665062793359400,48.925359375,-0.0062911360334604,-0.0743216660127043,-0.0320943433970212
1721665062803403300,48.9354033203125,-0.012667539197579,-0.0492629203408956,-0.0233995802879333
1721665062813447200,48.945447265625,-0.0134914228010922,-0.027769758196175,0.0020440730482339
1721665062823490000,48.955489990234376,-0.0240624281108379,0.0043299920283257,0.0104570966064929
1721665062833534200,48.9655341796875,-0.0197056211408227,0.0401300580754876,-0.0350865109503269
1721665062843578000,48.975578125,-0.0155335230879485,0.0628362492717802,0.0276239199846982
1721665062853622300,48.98562231445312,-0.0301626446820795,0.0863946733832359,0.1076280155479908
1721665062863666200,48.99566625976563,-0.017660963570699,0.0814097245775163,0.0156458974212408
1721665062873710000,49.0057099609375,0.0121278793629258,0.0642408553726971,-0.1392734461337328
1721665062883754200,49.01575415039063,0.036729309721291,0.0335334362894296,-0.1642290236920118
1721665062893797000,49.02579711914063,0.0330159882865846,-0.0030504736118018,0.0067091422498226
1721665062903841300,49.03584130859375,0.0311224296249449,-0.007817980274558,0.0675350746124982
1721665062913885200,49.04588525390625,0.0386843893118202,-0.0011136603303253,0.0217436297744512
1721665062923929000,49.05592919921875,0.0318243673492223,0.0193114341914653,-0.0300257204294204
1721665062933973200,49.06597314453125,0.0271749341081827,0.035385640027374,-0.0366232189983129
1721665062944017200,49.07601708984375,0.0168372991628944,0.0639691988244652,0.0059428340524435
1721665062954061300,49.08606127929688,0.0027615736678242,0.0719369628332555,0.0148351655602455
1721665062964104200,49.09610424804688,0.0002808627679944,0.0827951875865459,0.0213239430576562
1721665062974148400,49.1061484375,-0.0110814390499144,0.079832392258197,0.0004869067341089
1721665062984192300,49.11619213867188,-0.0011791267819702,0.0720224491596221,-0.0120949269413948
1721665062994236200,49.12623608398437,0.007538286550343,0.0381673797003924,-0.0094528880000114
1721665063004280300,49.1362802734375,0.0075249156121164,0.0261475638218224,-0.0060468789488077
1721665063014324200,49.14632421875,0.0103745328895747,-0.0030376141302287,-0.0156505735963582
1721665063024367400,49.15636743164063,0.0020687690980732,-0.0185667533040046,-0.0370452438026666
1721665063034411300,49.16641137695313,-0.0061780310478061,-0.035578678381443,-0.0414829339891672
1721665063044455200,49.176455078125,-0.0096664576854556,-0.0414613066792488,-0.0322743761390447
1721665063054499000,49.1864990234375,0.0087175594627857,-0.0481399076603353,-0.0252051684051752
1721665063064543200,49.196543212890624,0.0063035571236163,-0.0657999213829636,-0.0392512294143438
1721665063074587100,49.20658715820313,-0.008836217406392,-0.0654376639418304,-0.0331897374182939
1721665063084631300,49.21663134765625,-0.0171291947815567,-0.0711902361191809,-0.0364373410373926
1721665063094674200,49.22667407226562,-0.0260135621786117,-0.0748082804858684,-0.0274701907277107
1721665063104718300,49.23671826171875,-0.0308230813521891,-0.0678539313033223,-0.0271627322137355
1721665063114762200,49.24676220703125,-0.0344615839850157,-0.0615850801669061,-0.0413461558669805
1721665063124806100,49.25680615234375,-0.0239202431611716,-0.0468991138190031,-0.0345627793371677
1721665063134850300,49.26685034179688,-0.0144685242049396,-0.0286262288950383,-0.0310445420831441
1721665063144894200,49.27689428710938,-0.0060264206826686,-0.0037443010948598,-0.0231622644007205
1721665063154938000,49.28693823242188,-0.0019857669897377,0.0061577919773757,-0.0103752635419368
1721665063164981200,49.296981201171874,-0.0047053281467407,0.0286094238907098,-0.002075637230277
1721665063175025200,49.30702514648438,0.0012025076575577,0.0402604064568877,0.004442366361618
1721665063185069300,49.3170693359375,-0.001743628796935,0.0514060698494315,-0.0002104278802871
1721665063195113200,49.32711328125,-0.0088356328845024,0.0548022881589829,-0.0070586863398551
1721665063205157400,49.337157470703126,-0.0046549131337553,0.0594856236696243,-0.0068318918466567
1721665063215201000,49.34720092773438,-0.0111653179410845,0.0572312688715755,-0.0039098669201135
1721665063225245200,49.3572451171875,-0.0116199298407882,0.0624352672554552,-0.0102945995211601
1721665063235288000,49.3672880859375,0.0006084142219275,0.0543526446953415,0.0097913261741399
1721665063245332200,49.37733227539063,-0.0136141723979264,0.0429794561572372,-0.0069523033559322
1721665063255376100,49.387376220703125,-0.0294479205414652,0.035821985618025,-0.0074883099287748
1721665063265420300,49.39742016601563,-0.0367307710260152,0.0231248549997806,-0.0011298808127641
1721665063275464200,49.407464111328125,-0.0443186688717454,0.0220773917734622,0.0187222361266613
1721665063285508000,49.41750805664063,-0.0380788246341049,0.0306963131673634,0.0170551796972751
1721665063295552300,49.42755224609375,-0.0195758572813123,0.020382570554316,-0.012482464954257
1721665063305595100,49.43759521484375,0.0005229278955608,0.0133162854298949,-0.0238414788365364
1721665063315639300,49.44763940429687,0.0124506815765053,-0.0026559213362634,-0.0264659821212291
1721665063325683200,49.45768310546875,0.0138948890354484,-0.0233029880456626,-0.050644145566225
1721665063335727000,49.46772705078125,0.0126503688670694,-0.0354699573099613,-0.0567611671417951
1721665063345771300,49.477771240234375,0.0004739741872996,-0.0380832085482776,-0.037466099563241
1721665063355815200,49.48781518554687,-0.0164663469586521,-0.0310899886600673,-0.0787076260119676
1721665063365858300,49.4978583984375,-0.0119151864603161,-0.0223828044608235,-0.1195621989697217
1721665063375902200,49.507902099609375,-0.006801131382212,-0.0333646555937826,-0.0799473969399929
1721665063385946400,49.5179462890625,0.0114996644619852,-0.0493478221453726,0.1037935519516468
1721665063395994400,49.52799438476563,0.0633814620643854,-0.0396041345052421,0.1302858375579118
1721665063406038300,49.53803833007812,0.1012329076834022,-0.0380908073328435,-0.0041845922082662
1721665063416082400,49.54808251953125,0.0739114777766168,-0.0447293685644865,-0.143155840525031
1721665063426126300,49.55812622070312,0.0298673880625516,-0.0505127742715179,-0.2311678859770297
1721665063436169500,49.56816943359375,-0.0075816873006522,-0.0585728927388787,-0.1519131474763154
1721665063446213000,49.578213134765626,-0.0254451146408915,-0.0560920357085764,-0.0199269357413053
1721665063456257300,49.58825732421875,-0.0199311735250055,-0.0307112184755504,0.0686976886510849
1721665063466301400,49.59830151367188,0.0139525375068187,0.007987783883512,0.0609551117002964
1721665063476345300,49.60834545898437,0.0496961971916258,0.0485521417230367,0.0393920991897583
1721665063486389500,49.61838940429688,0.0463185374520719,0.084363459816575,0.0270183553069829
1721665063496433200,49.62843310546875,-0.0046454146530479,0.1285989073842763,0.0371270768672227
1721665063506476300,49.63847631835937,-0.034159824559465,0.1568380366578698,0.0488157610952854
1721665063516520200,49.64852026367188,-0.0595141191117465,0.1741460220724344,0.0255383458822965
1721665063526564400,49.658564453125,-0.0468774134438484,0.1764684736706316,-0.0150327339589595
1721665063536608500,49.6686083984375,-0.0211447140332311,0.1436433317810297,-0.0318693024694919
1721665063546652400,49.67865234375,-0.0165148622754961,0.0885053819268941,-0.0118453360944986
1721665063556696300,49.6886962890625,-0.0103549514062702,0.0242987210847437,0.014224340185523
1721665063566739200,49.6987392578125,-0.0071156772240996,-0.0148392572134733,0.0290513224393129
1721665063576783400,49.70878344726562,-0.019664120086655,-0.0557218872219324,0.0028559739530086
1721665063586827300,49.7188271484375,-0.0184904731974005,-0.0936762086935341,-0.0137771809399127
1721665063596871400,49.728871337890624,-0.0201604522362351,-0.1088489356450736,-0.0085983169972896
1721665063606915300,49.73891528320313,-0.0111144645366817,-0.1218663842588663,0.0012286650121212
1721665063616959200,49.74895922851562,-0.0076606708209961,-0.1276962594561278,-0.0138449854791164
1721665063627003400,49.75900341796875,0.0026856588874012,-0.1244496787503361,-0.0227986917853355
1721665063637046300,49.76904638671875,0.009295067089796,-0.0964699310652911,-0.0310042100727558
1721665063647090400,49.77909033203125,-0.0011307575955986,-0.0593193271920084,-0.0345206937611103
1721665063657134300,49.78913427734375,-0.0137792998317629,-0.028389059138298,-0.0046966333836317
1721665063667178500,49.79917846679688,-0.0272846780929714,-0.0002206570133566,-0.0059714756250381
1721665063677222100,49.80922216796875,-0.0170505035221576,0.0253759949274361,-0.0523661470532417
1721665063687266300,49.819266357421874,-0.0204981597580015,0.055053924832493,0.0139747493386268
1721665063697310500,49.829310546875,-0.0523579637467861,0.0800141785658895,0.0971919617295265
1721665063707353300,49.83935327148438,-0.0450252827711403,0.0720949298739433,0.0054635261029005
1721665063717397500,49.8493974609375,0.0013951076202094,0.0361025561250746,-0.1571656611770391
1721665063727441400,49.85944140625,0.0139745301429182,0.0073012629240751,-0.1690828934639692
1721665063737485300,49.8694853515625,0.0095555446568876,-0.0282702550642192,-0.0104155955523252
1721665063747529200,49.879529296875,0.0195240540288388,-0.0340080680638551,0.0696440295904874
1721665063757573400,49.889573486328125,0.0309643895190209,-0.0278520296521484,0.0043593642532825
1721665063767617300,49.8996171875,0.0347111017666757,-0.0002878770306706,-0.0488116694420576
1721665063777660400,49.90966040039063,0.0239708043046295,0.0314412863157689,-0.0549719456374645
1721665063787704300,49.91970434570312,0.0151673201240599,0.0523452503956854,-0.0185913032233715
1721665063797748200,49.92974829101563,-0.0043186669167131,0.0779927557408809,0.0124421329438686
1721665063807792400,49.93979248046875,-0.0059152153931558,0.0904766819998621,0.0170130941212177
1721665063817836300,49.94983618164063,-0.0027935762412846,0.1112033898167312,0.0196498723655939
1721665063827880400,49.95988037109375,-0.0090740447502583,0.0999383378282189,0.0143634563952684
1721665063837923300,49.96992333984375,0.0067594111323356,0.0829774122856557,0.0148690678298473
1721665063847967500,49.97996752929687,0.0124555769473314,0.0476379494875669,0.0034422494083642
1721665063858011100,49.99001123046875,0.0088043609634041,0.0299564545854926,-0.0024152444481849
1721665063868055300,50.00005517578125,0.0053777475155889,0.0128571434855461,-0.0185603235632181
1721665063878099500,50.010099365234375,0.002969444264844,-0.0067877604439854,-0.0365653513312339
1721665063888143400,50.02014331054688,0.0091832042131572,-0.0286491713792085,-0.0125239660084247
1721665063898187500,50.0301875,0.0138807874448597,-0.0382198405399918,-0.0106675244867801
1721665063908230400,50.04023046875,0.0172254216976463,-0.0590915097855031,-0.016053893700242
1721665063918274300,50.0502744140625,0.0108314828768372,-0.0727456488676369,-0.0316904387712478
1721665063928318200,50.06031811523437,0.001450418004021,-0.0860977362632751,-0.0295738850086927
1721665063938362400,50.0703623046875,-0.0127628893308341,-0.0869981922343373,-0.0319447057932615
1721665063948406500,50.08040649414063,-0.0230592424176633,-0.0879104847736656,-0.0249193372011184
1721665063958450400,50.09045043945312,-0.0181905404027551,-0.0758427381001412,-0.0365513228058815
1721665063968494300,50.100494384765625,-0.0148713328521698,-0.0648392596572637,-0.0426069695830345
1721665063978537200,50.110537109375,-0.013929083565995,-0.0349048707731068,-0.0426788657754659
1721665063988581400,50.12058129882813,0.0014891425792127,-0.0273879192717373,-0.0430178884714841
1721665063998625300,50.130625244140624,-0.0064177580878138,-0.0057705462254583,-0.0388765508830547
1721665064008669400,50.14066943359375,-0.0076885086759924,0.0068083648405969,-0.0145230308711528
1721665064018713300,50.15071337890625,-0.0087602295607328,0.029908085399121,-0.0079641107469797
1721665064028757200,50.16075732421875,-0.0003545125260949,0.0418650651745498,-0.0150111066490411
1721665064038800100,50.17080004882813,-0.0046511868067085,0.0578578763373196,-0.0198597157239913
1721665064048844300,50.18084423828125,-0.0086001436281949,0.0695005294665694,-0.0103396077066659
1721665064058888400,50.19088842773437,-0.000411065018922,0.0750616707250475,-0.0122293669760227
1721665064068932400,50.20093237304688,-0.0113114484135061,0.0711747462891042,-0.0093599490195512
1721665064078976500,50.2109765625,-0.0145814830601215,0.0620433453284203,-0.0114694885194301
1721665064089020200,50.22102026367188,-0.0260650001049041,0.0610296382412314,-0.0147124159634113
1721665064099063300,50.231063232421874,-0.0426399950698018,0.0584594954922795,-0.0028191490739583
1721665064109107200,50.24110717773438,-0.0459809029955416,0.0511349978230893,0.0306575885921716
1721665064119151400,50.2511513671875,-0.041525165695697,0.0392515216752886,0.0243126034796237
1721665064129195500,50.26119555664062,-0.0283254923827946,0.040051878272742,-0.0092898063927888
1721665064139239400,50.271239501953126,-0.0067885641615837,0.0310600319132208,-0.0200374103784561
1721665064149283300,50.28128344726562,-0.0038107904598116,0.0030593875706195,-0.0114122053742408
1721665064159327200,50.2913271484375,0.0011523118402808,-0.0229720025256276,-0.0390226813554763
1721665064169370400,50.301370361328125,0.0129836924746632,-0.0179343006193637,-0.041968087157607
1721665064179414300,50.31141430664063,-0.0002913841620087,-0.0343596579805016,-0.0129120885431766
1721665064189458400,50.32145849609375,-0.0134447341151535,-0.030198154386878,-0.0966208838433027
1721665064199502300,50.33150244140625,-0.016078151358664,-0.0209935420595109,-0.1043751512318849
1721665064209546200,50.341546142578125,-0.0092734397798776,-0.0429475997142493,-0.0531499909073114
1721665064219590400,50.35159033203125,0.0142429718207567,-0.0562340745277702,0.1306365506917238
1721665064229634300,50.36163427734375,0.0652552931122481,-0.049686552580446,0.1254424891799688
1721665064239677400,50.371677490234376,0.1000182711966335,-0.0404037604503333,-0.0178583127737045
1721665064249721300,50.38172143554687,0.0670340662878006,-0.0509792227394878,-0.1550298181921243
1721665064259765500,50.391765625,0.0133260031063109,-0.0731321639671921,-0.2407692425370216
1721665064269809200,50.40180908203125,-0.0147957103326916,-0.0843561532929539,-0.1416121182143688
1721665064279853300,50.411853271484375,-0.0285203573677688,-0.068637775157392,-0.007583002474904
1721665064289897500,50.4218974609375,-0.0139705115549266,-0.0399171459771692,0.076793316823244
1721665064299941400,50.43194140625,0.0239110369414091,-0.0043315994635224,0.0620014058828353
1721665064309984500,50.44198461914063,0.0567168896086514,0.0428774570874869,0.0252139362335205
1721665064320028400,50.4520283203125,0.045652474758774,0.0854126766085624,0.0232353296369314
1721665064330072300,50.462072265625,0.0037119331952184,0.1194223521076142,0.0246913736641407
1721665064340116200,50.4721162109375,-0.035881606850773,0.1590245869167149,0.0279997675597667
1721665064350160400,50.48216040039063,-0.0508165795236825,0.1770050647653639,0.0110422030180692
1721665064360203300,50.49220336914063,-0.0294867912471294,0.1786002250023186,-0.0372977572590112
1721665064370247400,50.50224731445312,-0.0052620852466672,0.1444089093260467,-0.0400666374504566
1721665064380291300,50.512291259765625,-0.0016172259382903,0.0914182006336748,-0.0103004447400569
1721665064390335200,50.52233520507812,0.0011710165407508,0.0355075128413736,0.0222375507712364
1721665064400375300,50.532375244140624,-0.0015066782359033,-0.0131226625539362,0.0216729026257991
1721665064410419200,50.54241918945313,-0.0128239718683063,-0.0525014638707041,0.0040349546045064
1721665064420463400,50.55246337890625,-0.0123078390397131,-0.0769718882605433,0.000589198064804
1721665064430506200,50.56250634765625,-0.0065168345481157,-0.0968340882025659,-0.0029442367583513
1721665064440550400,50.57255029296875,-0.0009997516270726,-0.1172569907672703,0.0109258831620216
1721665064450594300,50.58259423828125,0.0022403993379324,-0.1197090600945055,-0.0008738602250814
1721665064460638200,50.59263818359375,0.0145762223631143,-0.1112448908708989,-0.0058177463680505
1721665064470682400,50.60268237304688,0.0150786189272999,-0.0801825208701193,-0.0239145440727472
1721665064480726300,50.61272631835938,0.00284399125427,-0.0550602084428071,-0.0193938517779111
1721665064490770400,50.6227705078125,-0.0071634618885815,-0.0272812440268695,0.0073287354528903
1721665064500813300,50.632813232421874,-0.0208007229011505,0.0120486035816371,0.0116547819584608
1721665064510857200,50.64285717773438,-0.0150116181056946,0.0431380077198147,-0.0326467165827751
1721665064520901400,50.6529013671875,-0.0314467662084847,0.0625555326342582,0.0493874235033988
1721665064530945300,50.6629453125,-0.0505361551471054,0.0744607822224497,0.096982118371129
1721665064540989400,50.672989501953126,-0.0355118967555463,0.0566826950781047,-0.0396340912520885
1721665064551033300,50.68303344726562,0.0026378742229193,0.0223877728968858,-0.1880254943430423
1721665064561077200,50.6930771484375,0.0115119394216686,-0.0199437407456338,-0.1212549743622541
1721665064571120400,50.703120361328125,0.0029692250691354,-0.0480510603331029,0.0329652810126543
1721665064581164300,50.71316430664063,-0.0009271247822791,-0.0439969626367092,0.0491056839525699
1721665064591208400,50.72320849609375,0.0210006293874233,-0.0320455358192324,-0.0333422976315021
1721665064601252400,50.73325244140625,0.0127846627712249,-0.0117573655501008,-0.0765787972897291
1721665064611296500,50.743296630859376,0.0072862114854156,0.0265437235325574,-0.0520814848929643
1721665064621340200,50.75334008789063,0.0068494275033473,0.0614480097837746,-0.0073415949344635
1721665064631383300,50.76338330078125,-0.012399316715449,0.0900464738890528,0.0013899930536746
1721665064641427200,50.77342724609375,-0.0082438775364309,0.1136053363919258,0.0018032500296831
1721665064651471400,50.78347143554687,-0.0106141868643462,0.1135971530854701,0.002084989580512
1721665064661515300,50.793515380859375,-0.008142024597153,0.0987795231819152,0.0108627547979354
1721665064671559400,50.80355932617187,0.0058059828650206,0.0823750624783337,0.0236859960138797
1721665064681603300,50.813603271484375,0.0027854660000652,0.0534771770350635,0.0094137250334024
1721665064691646500,50.823646484375,-0.001426160345599,0.0321093948356807,0.0018763152658939
1721665064701690400,50.8336904296875,0.0056174745555967,0.0115980833351612,-0.0154676182448863
1721665064711734300,50.843734375,0.0173442988369613,-0.0047014556892216,-0.0087906246989965
1721665064721778400,50.8537783203125,0.0145205466531217,-0.0243894681081175,-0.0044084640920162
1721665064731822300,50.863822265625,0.0147827777858823,-0.0468932686001062,-0.003659107029438
1721665064741866200,50.8738662109375,0.025821327542141,-0.0499469570823013,-0.0182201318234205
1721665064751910400,50.88391040039063,0.0188338067423552,-0.0577389261327683,-0.0168242935508489
1721665064761953300,50.89395336914063,0.0025350714355707,-0.07799450930655,-0.026999650606513
1721665064771997400,50.90399755859375,-0.0080007164303213,-0.0765767514631152,-0.032988077366352
1721665064782041300,50.914041259765625,-0.0187867527302354,-0.0811222859382629,-0.0179003983497619
1721665064792085500,50.92408544921875,-0.0092366879660636,-0.0725927963934838,-0.0357177945911884
1721665064802129200,50.93412915039063,-0.007131751576066,-0.05732084685117,-0.0500561165452003
1721665064812173300,50.94417333984375,-0.0019930735133588,-0.0425153457768261,-0.0421674091219902
1721665064822216200,50.95421630859375,-0.0002167845558375,-0.0226855867996811,-0.0421960506945848
1721665064832260400,50.96426025390625,0.0047680181194096,0.001298953769356,-0.0295031578600406
1721665064842304300,50.97430419921875,-0.0062597179818898,0.0129119424127042,-0.0150403327435255
1721665064852348400,50.98434838867188,-0.0044155514199286,0.0347051104173064,-0.0182166246920824
1721665064862392300,50.99439233398437,0.0008582973297685,0.0527440404549241,-0.020593290695548
1721665064872436200,51.00443627929688,-0.004723448325321,0.0643381782673299,-0.0258697697937488
1721665064882479400,51.01447924804688,-0.0127575555685907,0.0677937255486846,-0.0194271695256233
1721665064892523300,51.02452319335937,-0.0051405046936124,0.0728505705468356,-0.0107622170329093
1721665064902567400,51.0345673828125,-0.0152936499174684,0.0707028909936547,-0.0050818333089351
1721665064912611300,51.044611328125,-0.0150168057374656,0.0607981675729155,-0.003757891228795
1721665064922655200,51.0546552734375,-0.0132685738306492,0.0576442335866391,-0.0054740474969148
1721665064932699400,51.06469946289062,-0.0298672419320791,0.0398849972732365,-0.0046060324907302
1721665064942743300,51.074743408203126,-0.049315746506676,0.031069092002511,0.0203244106262922
1721665064952786400,51.084786376953126,-0.0404135511919856,0.0216679341897368,0.0357177945911884
1721665064962830300,51.09483032226562,-0.0312654182922095,0.0177564598344266,0.0199655141860246
1721665064972874500,51.10487451171875,-0.022448490108177,0.0096925419747829,-0.0100637133747339
1721665064982918100,51.11491821289062,-9.70306336879e-05,0.003505231641978,-0.0163368022948503
1721665064992962300,51.12496240234375,0.0062352411277592,-0.001460135680437,-0.0141331547707319
1721665065003006500,51.13500634765625,0.0062146367311477,-0.0241612123101949,-0.0295966813623905
1721665065013049300,51.14504931640625,0.0042270431105047,-0.0217544434294104,-0.0456418072342872
1721665065023093200,51.15509326171875,-0.0104479634519666,-0.0284722073771059,-0.02969078938663
1721665065033137400,51.16513745117187,-0.0150622523143887,-0.0169404672764241,-0.0905915405511856
1721665065043181300,51.175181396484376,-0.0124486357498914,-0.0144148943215608,-0.0849725316256284
1721665065053225200,51.18522509765625,-0.0122322895854711,-0.0248819278001785,-0.023752631509304
1721665065063269400,51.195269287109376,0.0324180954586714,-0.0411015334561467,0.1237234103024005
1721665065073313300,51.20531323242187,0.0879533010020852,-0.0318327698513865,0.0812076261341571
1721665065083356400,51.2153564453125,0.0874680017031729,-0.0321108561404049,-0.0345317996770143
1721665065093400300,51.225400390625,0.0480875929512083,-0.0438809350416064,-0.1826052228599786
1721665065103444200,51.2354443359375,0.0127766255952417,-0.0677384882301092,-0.2411567805498838
1721665065113488400,51.24548828125,-0.0237597919024527,-0.0779579766884446,-0.1184995381742715
1721665065123532300,51.2555322265625,-0.0348171194244176,-0.0686656860776245,0.0286649534702301
1721665065133576400,51.26557641601563,-0.0144547148752957,-0.030920769573003,0.0922621041119098
1721665065143619300,51.275619384765626,0.0205369573984295,0.0220275612823665,0.0681008918017149
1721665065153663500,51.28566357421875,0.0450685373909771,0.0750717537276446,0.0304892462879419
1721665065163707100,51.29570703125,0.0281784120623022,0.1077333756186068,0.0191723179817199
1721665065173751300,51.30575122070312,-0.0147708681523799,0.1446959095738828,0.0338829803794622
1721665065183795500,51.31579541015625,-0.0452520041991025,0.1763164979793131,0.0281499896854162
1721665065193839400,51.32583935546875,-0.0516622365675866,0.1940757342927157,-0.0084901804476976
1721665065203882500,51.335882568359374,-0.0258738614469766,0.1777338174313306,-0.0319324308335781
1721665065213926400,51.34592651367188,-0.0116381230846047,0.1362137663021683,-0.0407972898125648
1721665065223970300,51.35597021484375,-0.0033036446552723,0.0774465200349688,-0.0115483989745378
1721665065234014200,51.36601416015625,-0.0037044074758887,0.01305953418985,0.0086234514385461
1721665065244058400,51.37605834960937,-0.0108424426622688,-0.045717648949474,0.0247188461929559
1721665065254102300,51.38610229492188,-0.016236191464588,-0.0840115776389837,0.0048690673410892
1721665065264145400,51.3961455078125,-0.0084353084553033,-0.1171647824391722,0.0045060792475938
1721665065274189300,51.40618920898437,-0.0146866239350289,-0.1314721247330308,-0.0001671732604503
1721665065284233200,51.41623315429688,-0.0049618601910769,-0.1344673610262572,0.0040443069547414
1721665065294277400,51.42627734375,0.0090015640359371,-0.1324814479060471,-0.0003016132950782
1721665065304321300,51.4363212890625,0.0083327248636633,-0.1159647589996457,-0.0181160869270563
1721665065314365400,51.44636547851562,0.0127904349248856,-0.0785229170948267,-0.019263503396511
1721665065324409300,51.45640942382813,0.0071198419425636,-0.0336722602382302,0.0005786766707897
1721665065334452500,51.46645239257813,-0.0103075320679694,-0.0109843353509902,0.0217401226431131
1721665065344496000,51.47649609375,-0.0065826663259416,0.0274289819344878,0.0113753804951906
1721665065354540300,51.48654028320313,-0.0091643533822149,0.0595683335170149,-0.0225993698209524
1721665065364584400,51.49658447265625,-0.0311878230113536,0.0885986131682991,0.1068593692630529
1721665065374628400,51.50662841796875,-0.0545020631033927,0.0944637058094143,0.0895049143582582
1721665065384672500,51.516672607421874,-0.031651348869875,0.0647577188536524,-0.0932891090720891
1721665065394715400,51.52671533203125,0.0034611733045428,0.025017975270003,-0.2142787104964256
1721665065404763400,51.53676342773438,0.0167808928005397,-0.0044106560491025,-0.0962847837567329
1721665065414807300,51.54680737304688,0.0044135786585509,-0.0506013293378055,0.051397594282031
1721665065424851500,51.5568515625,0.0057699617035686,-0.0409784915983676,0.0388829806238412
1721665065434895400,51.566895263671874,0.014024725960195,-0.0281765854313969,-0.0406020595014095
1721665065444939300,51.57693920898438,0.0171058869712054,0.0082287530325353,-0.0654471624225378
1721665065454982400,51.586982421875,-0.0022249095078557,0.0332078575968742,-0.0432166259139776
1721665065465026300,51.5970263671875,-0.0105226361233741,0.0693503073409199,-0.0153472067356109
1721665065475070200,51.6070703125,-0.0129611153166741,0.0938601869583129,-0.0100514384150505
1721665065485114400,51.6171142578125,-0.0134732295572757,0.100261724563688,-0.0165320326060056
1721665065495158500,51.62715844726562,-0.0106298228248953,0.1064865904279053,0.0014203881919384
1721665065505202200,51.6372021484375,-0.0027913842841982,0.0857777105286717,0.0192068047732114
1721665065515245300,51.647245361328125,0.0044795565668493,0.0671281012468039,0.0165367087811231
1721665065525289200,51.65728930664063,0.0004807692542672,0.0436319287165999,0.0119242465496063
1721665065535333400,51.66733349609375,0.007868906744197,0.0333820451200008,0.0075000003665685
1721665065545377300,51.67737719726563,0.0030729777045547,0.0063812254697084,-0.0037730887979269
1721665065555421400,51.68742138671875,-0.002735854704678,-0.0138053841210901,-0.0160001176863908
1721665065565465300,51.69746533203125,0.0110880879864096,-0.0262406489327549,0.005440145227313
1721665065575509200,51.70750927734375,0.0161821962550282,-0.0421127563253045,-0.0014689035087823
1721665065585552400,51.717552490234375,0.0130828420002013,-0.0563598928645253,-0.0159235453188419
1721665065595596300,51.72759619140625,0.0072475599754601,-0.0673199705570936,-0.008590133690834
1721665065605640400,51.737640380859375,-0.0047591041605919,-0.0750203158013522,-0.0139998837798833
1721665065615684400,51.74768432617188,-0.0169689627185463,-0.0801947958298027,-0.0261351427316665
1721665065625728300,51.757728271484375,-0.0087933281127363,-0.0782207192778587,-0.0298836816102266
1721665065635772200,51.76777221679688,-0.0062721390720456,-0.0648468584418296,-0.0374590853005647
1721665065645815300,51.77781518554688,-0.0067927288800477,-0.0602934329211711,-0.0329173502177
1721665065655859200,51.787859130859374,-0.0012562836714088,-0.0396152404211461,-0.0123860188424587
1721665065665903400,51.7979033203125,0.0034733021337538,-0.0234647544786334,-0.0153834470927715
1721665065675947500,51.807947509765626,-0.0018400749087333,-0.0033645079970359,-0.0143634563952684
1721665065685991200,51.8179912109375,0.0039784751769155,0.0158386435143649,-0.0196311676651239
1721665065696035300,51.82803540039063,0.0014288637593388,0.0376649831362068,-0.0155997201919555
1721665065706078200,51.838078125,0.0014456687636673,0.0475359504178166,-0.0204787244051694
1721665065716122400,51.84812231445313,0.0024129794258624,0.0732657272189855,-0.0207762460470199
1721665065726166300,51.858166259765625,-0.0064708765145391,0.0748768156774342,-0.0117114805817604
1721665065736210400,51.86821044921875,-0.0044200083993375,0.0813124016828834,-0.0089180504709482
1721665065746254300,51.87825439453125,-0.0102218996111303,0.0732381085596978,-0.0025467618733644
1721665065756298200,51.88829833984375,-0.0150284961752593,0.0669431000687181,-0.0080289926767349
1721665065766341400,51.89834130859375,-0.0101689273148775,0.0581567131534218,-0.0172825587123632
1721665065776385300,51.90838525390625,-0.0111412794783711,0.027889292922616,-0.0253355167865753
1721665065786429400,51.91842944335937,-0.0227709269955754,0.0120965343765914,-0.0356429757893085
1721665065796473300,51.92847338867188,-0.0314668591484427,0.0056868134647607,-0.0071650693237781
1721665065806517200,51.93851733398437,-0.044900779608637,-0.0111265203006565,0.0150935242354869
1721665065816561400,51.9485615234375,-0.0467277027748525,-0.0086908175863325,0.0015735329270362
1721665065826604300,51.95860424804688,-0.040353053176403,-0.0059944181092083,-0.0232107797175645
1721665065836648200,51.96864819335938,-0.0227042915001511,-0.0083851126380264,0.0030552959173917
1721665065846692400,51.9786923828125,-0.0154717098981142,-0.0092754856064915,0.0224397953450679
1721665065856736500,51.98873657226562,0.0064142509564757,-0.011037965234369,0.0051256724506616
1721665065866780200,51.9987802734375,0.0099662443496286,-0.0120667237602174,-0.0302361483097076
1721665065876824300,52.00882421875,0.0014860007740557,-0.0272564018465578,-0.0336088396131992
1721665065886868200,52.0188681640625,-0.0184844818480312,-0.0241360778689384,-0.0274339503705501
1721665065896911400,52.028911376953126,-0.015693462890014,-0.0181010354883968,-0.1229208617478609
1721665065906955300,52.03895532226562,-0.0161393069613724,-0.0128543670065701,-0.1393482649356126
1721665065916999400,52.04899951171875,-0.0041070699926465,-0.0282766848050057,-0.0118377373099327
1721665065927043300,52.05904321289062,0.0326502967793494,-0.0425645917460322,0.1719137329757213
1721665065937087200,52.069087158203125,0.0880880332976579,-0.0471587876684963,0.0604477467000484
1721665065947131400,52.07913134765625,0.0960571124807,-0.0464369031347334,-0.0776806210517883
1721665065957174300,52.08917431640625,0.0536266685083508,-0.0374611311271786,-0.1690916612923145
1721665065967218400,52.099218505859376,0.0163500271026045,-0.0481472141839563,-0.1825035160511732
1721665065977262300,52.10926245117187,-0.0124191173944622,-0.0488027554832398,-0.1263935062944889
1721665065987306200,52.11930615234375,-0.0231950706917792,-0.0282097570486366,-0.0364326648622751
1721665065997350400,52.12935034179687,-0.0230065623823553,-0.0080481357686221,0.0314677359312772
1721665066007394300,52.139394287109376,0.0023353841450065,0.040724224576354,0.0498281530082225
1721665066017437400,52.1494375,0.0224587192412465,0.0857942232720553,0.0518014989078044
1721665066027481300,52.1594814453125,0.009373393023014,0.1180311900101602,0.0546282467663288
1721665066037525500,52.169525390625,-0.0209715494234114,0.147413790230453,0.0413964247494935
1721665066047569200,52.17956909179688,-0.0474181692570447,0.1731213551998138,0.0136176064640283
1721665066057613300,52.18961328125,-0.049388154155761,0.1640261945962906,-0.0051163201004266
1721665066067657200,52.1996572265625,-0.0389103070221841,0.1324319096758961,-0.0347790524363517
1721665066077700400,52.20970043945312,-0.0240117208369076,0.0872881150916218,-0.0241226338654756
1721665066087744300,52.219744140625,-0.0223940565072,0.0275755507983267,0.0109042558521032
1721665066097788400,52.22978833007812,-0.0113298608530312,-0.0119318453341722,0.0240466460198163
1721665066107832300,52.23983227539063,-0.0088972268786281,-0.0559469281494617,0.0390501538842916
1721665066117876200,52.24987622070312,0.000189604287967,-0.0683348466880619,0.0227326408118009
1721665066127920400,52.25992041015625,0.0008348433889448,-0.0850866595245897,0.0178168117195367
1721665066137963300,52.26996337890625,0.0041955519936978,-0.1050657638445496,-0.0007674772411584
1721665066148007400,52.28000732421875,0.0167420951601117,-0.0990716379962861,-0.0126490536928176
1721665066158051300,52.29005126953125,0.0220068107552826,-0.0974824691087007,-0.0158329444259405
1721665066168095200,52.30009521484375,0.0189789873667061,-0.0896370163053274,-0.0228840319812297
1721665066178139400,52.31013940429688,0.0109236181396991,-0.0709396223589777,-0.0111088385134935
1721665066188183300,52.32018334960937,-0.0126303489923477,-0.040231764884293,-0.0154641111135482
1721665066198227500,52.3302275390625,-0.0254811358023434,-0.0123784200578928,-0.0080243165016174
1721665066208270300,52.34027026367188,-0.0330592429064214,0.0104163262046873,-0.0339344183057546
1721665066218314500,52.350314453125,-0.0278319367121905,0.0358531114086508,-0.0265308640509843
1721665066228358100,52.36035815429688,-0.0416674967758357,0.0754040544219315,0.1161029984265565
1721665066238402300,52.37040234375,-0.0464141067810356,0.0944644364617764,0.0633159956127405
1721665066248446200,52.3804462890625,-0.0131723469145596,0.0701687841169536,-0.0989332524389028
1721665066258490400,52.39049047851562,0.0211486595559865,0.0363864876329898,-0.2145616190910339
1721665066268533200,52.400533203125,0.0375630571316927,0.0034201837070286,-0.166524441152811
1721665066278577400,52.410577392578126,0.0280018864516168,-0.0229853003986179,-0.0004360533297061
1721665066288621300,52.42062133789062,0.0217252173349261,-0.0134868196912109,0.0460042108058929
1721665066298665200,52.430665283203126,0.0154897570114582,0.0047150458231568,-0.0142097271382808
1721665066308709400,52.44070947265625,0.0074491469621658,0.0329641119688749,-0.0470791465610265
1721665066318753300,52.450753173828126,0.0029655718073248,0.0499807132214307,-0.03390577673316
1721665066328796400,52.46079638671875,0.001358940328285,0.061765259039402,-0.037848376879096
1721665066338840300,52.47084033203125,-0.000876490573585,0.0791030550703406,-0.0348275677531957
1721665066348884200,52.48088427734375,-0.0019048837732523,0.0962972048468887,-0.0139741648167371
1721665066358928400,52.49092846679687,-0.0001024374611675,0.0756935388877987,0.0045166006416082
1721665066368972300,52.50097216796875,0.0060904258295893,0.054843204691261,0.0171387663275003
1721665066379016400,52.51101635742187,-0.0021207184810191,0.0355886152535676,0.0084708912253379
1721665066389060400,52.52106030273438,0.0054480362728238,0.0155170103445649,0.0147305361419916
1721665066399099000,52.53109887695312,0.0004328384593129,0.0061607145868241,0.0019984803408384
1721665066409143000,52.54114306640625,0.0017470628630369,-0.0090549747236073,-0.0307201324343681
1721665066419187000,52.55118701171875,-0.0042663522075861,-0.0285211610853672,-0.0259480957269668
1721665066429230800,52.56123095703125,-0.000296352598071,-0.0426642527282238,-0.0104161800742149
1721665066439274800,52.57127465820312,0.0048790772784501,-0.0458817534700036,-0.003209609696269
1721665066449319000,52.58131884765625,0.0074929130386561,-0.0650678077161312,-0.0163034845471382
1721665066459361800,52.59136181640625,0.0004578998353332,-0.0653936786696314,-0.0152186119198799
1721665066469406000,52.601406005859374,-0.0116284784734249,-0.0731676736719906,-0.0358569108009338
1721665066479450000,52.6114501953125,-0.0100967388615012,-0.0614648147881031,-0.0353822790265083
1721665066489493800,52.62149365234375,-0.0197970988165587,-0.0613458645835518,-0.0334983649760484
1721665066499538000,52.63153784179688,-0.0219704242676496,-0.0461639314122498,-0.0507300702840089
1721665066509581800,52.641581787109374,-0.0059733753211796,-0.0258840905800461,-0.0533913984477519
1721665066519626000,52.6516259765625,0.0008882540766149,-0.0198344351522624,-0.0602864186584949
1721665066529668900,52.6616689453125,-0.0010702595800161,0.0030894904479384,-0.0339659824877977
1721665066539713000,52.671713134765625,-0.0028982056595385,0.0116569739155471,-0.02609130358994
1721665066549756700,52.68175659179688,-0.0016194909606128,0.0257977274708449,-0.0323047712773084
1721665066559800800,52.69180078125,-0.0067849839650094,0.0338533158935606,-0.0377227046728134
1721665066569845000,52.70184497070313,-0.007811404403299,0.043243806181848,-0.0435509724348783
1721665066579889000,52.71188891601562,-0.0138041420120745,0.0682801938913762,-0.0461813209384679
1721665066589932000,52.72193212890625,-0.0160774207063019,0.0691990623019635,-0.0285702609241008
1721665066599976000,52.73197583007813,-0.0138772803135216,0.0660324149645864,-0.0258691852718591
1721665066610019800,52.742019775390624,-0.010163228226453,0.0585042114168405,-0.0200496853381395
1721665066620063700,52.75206372070313,-0.0112760117739439,0.051457215514779,-0.0099304423838853
1721665066630108000,52.76210791015625,-0.0045680385679006,0.030347207468748,-0.0278618203938007
1721665066640152000,52.77215209960937,-0.0115253834251314,0.0155330846965312,-0.0454816482365131
1721665066650195700,52.78219580078125,-0.0127534639153629,0.0001370703831315,-0.0455979680925607
1721665066660239000,52.79223901367188,-0.0317769480109214,-0.0177883162774145,-0.0205441908568143
1721665066670282800,52.80228271484375,-0.0356422451369464,-0.0215833246462047,0.0048404257684946
1721665066680327000,52.81232690429688,-0.034161212798953,-0.0153190035544335,-0.0219973122745752
1721665066690370800,52.82237084960938,-0.0301553381584584,-0.0126142746403813,-0.0133101479500532
1721665066700415000,52.8324150390625,-0.0112640290752053,-0.0079670333564281,0.0147194302260875
1721665066710459000,52.842458984375,0.0032724457994103,-0.0034667993277311,0.0086953476309776
1721665066720502000,52.852501953125,0.0131490391042083,0.0026313714168965,-0.0231815536230802
1721665066730546000,52.8625458984375,0.0118418289631605,-0.0021500176407396,-0.0418868386149406
1721665066740589800,52.87258984375,-0.0065687839310616,0.0036832185573875,-0.0622527502954006
1721665066750634000,52.882634033203125,-0.0152392893817275,0.0008718143984675,-0.1009802480965852
1721665066760678000,52.89267797851563,-0.0168305040959268,0.0040839083127677,-0.1697977637350559
1721665066770721800,52.9027216796875,-0.0124129068493843,-0.0078974752515554,-0.114024438586831
1721665066780765700,52.912765625,0.005475143475458,-0.0342050519406795,0.1692050585389137
1721665066790808800,52.92280883789063,0.0464047544308006,-0.0552650833651423,0.1826052228599786
1721665066800852700,52.93285278320312,0.0783259332180023,-0.0448728686884045,-0.0327601138293743
1721665066810897000,52.94289697265625,0.0567938273023813,-0.0328555370278656,-0.1424777951329946
1721665066820941000,52.952941162109376,0.0027902883056551,-0.0309463424056768,-0.2035445505142211
1721665066830984700,52.96298461914063,-0.0157209354188293,-0.0539804503820836,-0.2091524535238742
1721665066841028900,52.97302880859375,-0.0255348387509584,-0.049104661039263,-0.1253612406373024
1721665066851072800,52.98307275390625,-0.0381849884223192,-0.01515767551288,-0.0186772279411554
1721665066861116000,52.99311596679688,-0.0185791743941605,0.0074868486240506,0.0417693497151136
1721665066871159800,53.003159912109375,0.0121097591843456,0.0509380139462649,0.0510556489765644
1721665066881204000,53.01320385742188,0.0235080090984702,0.0910772782415151,0.0623380904912948
1721665066891247900,53.023247802734375,0.0146034756962209,0.1186208264663815,0.0498006804794073
1721665066901291800,53.03329174804688,-0.0053428953979164,0.1457185306198894,0.0153641578704118
1721665066911336000,53.0433359375,-0.0279292596068233,0.161674516903609,-0.0321866978555917
1721665066921378800,53.05337890625,-0.0291255567193031,0.1606932507812976,-0.061589902472496
1721665066931423000,53.06342309570312,-0.023179069405049,0.115648094265908,-0.0450923566579818
1721665066941467000,53.073466796875,-0.0208993609700351,0.0643288259170949,0.0042383682221174
1721665066951510800,53.0835107421875,-0.0174141492027789,0.0214151284724473,0.0317372005224227
1721665066961554700,53.0935546875,-0.0154565123289823,-0.0324808584965765,0.0348725759387016
1721665066971598800,53.10359887695312,0.0029246552750468,-0.0542018380478024,-0.0002642038941383
1721665066981643000,53.11364306640625,-0.0062748424857854,-0.0763302293561399,-0.0267436300188303
1721665066991687000,53.12368701171875,-0.003061287266761,-0.0874254777356982,-0.0385427888840436
1721665067001730000,53.13372998046875,0.0113420627474784,-0.0994827030152082,-0.0361345586985349
1721665067011774000,53.14377392578125,0.0146476801641285,-0.1006805344976484,-0.018579028263688
1721665067021817900,53.15381787109375,0.0120288759678602,-0.0888807911105453,-0.0164379245817661
1721665067031861800,53.16386181640625,0.0053870268005877,-0.0692353026591241,-0.0125245505303144
1721665067041906000,53.17390600585937,-0.0035708442240953,-0.0537578936725854,-0.0109007487207651
1721665067051950000,53.1839501953125,-0.0173022863261401,-0.0239827870033681,0.0070873279124498
1721665067061993700,53.19399365234375,-0.0200563342746347,-0.000991202994436,0.0053448681592941
1721665067072036900,53.20403686523437,-0.0244173790283501,0.0307958280190825,-0.0215022222340106
1721665067082080800,53.21408081054688,-0.0174587920621037,0.0450074548535048,-0.055416766795516
1721665067092125000,53.224125,-0.0337186566632241,0.0779695209957659,0.0793026692956685
1721665067102168800,53.2341689453125,-0.0418084396164864,0.0942700829334557,0.0739122084289789
1721665067112213000,53.244212890625,-0.0079428487632423,0.0598687777683138,-0.0791296508163213
1721665067122257000,53.2542568359375,0.0283623172618448,0.0230779471181333,-0.2345008297920227
1721665067132300800,53.26430078125,0.0400765743225812,-0.0108545714914798,-0.1577314783662557
1721665067142344000,53.27434399414062,0.0240975724894553,-0.0331926600277423,-0.0021358429849147
1721665067152387800,53.284387939453126,0.0083426617357879,-0.0200451552934944,0.0140033909112215
1721665067162432000,53.29443188476562,-0.0075570643160492,0.0030373218692839,-0.0332014278560876
1721665067172476000,53.304475830078125,-0.0048115650001913,0.0229826700501143,-0.0514396798580884
1721665067182519800,53.31451977539062,-0.0042995238248258,0.0402644981101155,-0.0386678765684366
1721665067192563700,53.324563720703125,0.0063713616628199,0.0662136167503893,-0.0181190095365047
1721665067202607900,53.33460791015625,-0.0020160890627652,0.0729006932988762,-0.0274450562864542
1721665067212652000,53.34465209960938,0.0013587211325764,0.07681479800269,-0.0217395381212234
1721665067222695000,53.35469482421875,-0.0034275632958859,0.0588615004219114,-0.0116664723962545
1721665067232739000,53.36473901367187,-0.0065771133679896,0.042949207149446,0.010811316871643
1721665067242782700,53.37478271484375,0.0003567775484174,0.0330855463914573,0.0193318924576044
1721665067252827000,53.38482690429687,0.0069777300581336,0.0299209448806941,0.0173532858610153
1721665067262870800,53.394870849609376,0.0058731298170983,0.0061379182331264,-0.0100929394692182
1721665067272915000,53.4049150390625,0.0169398827545344,-0.0072328738629817,-0.0442184964329004
1721665067282959000,53.414958984375,0.0181407099116593,-0.0192075354255735,-0.0505085364878177
1721665067293002000,53.425001953125,0.0174188253778964,-0.0400365345731377,-0.0394423680722713
1721665067303046000,53.4350458984375,0.0105653062213212,-0.0609350918255746,-0.0348380891472101
1721665067313089800,53.44508984375,0.0025808102734386,-0.0567870322354137,-0.0432242246985435
1721665067323134000,53.45513403320312,-0.0168619952127337,-0.0522590334169566,-0.0443394924640655
1721665067333177900,53.465177734375,-0.0182291919127106,-0.0480459457665681,-0.0497200164586305
1721665067343222000,53.47522192382812,-0.0185747904799878,-0.0547672168456017,-0.0484866752713918
1721665067353266000,53.48526586914063,-0.0182603907685726,-0.0474339513480663,-0.0481458990097045
1721665067363309800,53.49530981445312,-0.0154908529900014,-0.0373230378307402,-0.0403267496913671
1721665067373352700,53.50535278320312,-0.0070718380823731,-0.0374872884817421,-0.0351964010655879
1721665067383396900,53.51539697265625,-0.0081716890830546,-0.0120884972006082,-0.0408089802503585
1721665067393441000,53.52544091796875,0.0006817717190831,-0.0092443598158657,-0.0502104303240776
1721665067403485700,53.53548559570312,0.0081474314246326,0.0066594578891992,-0.0415793801009655
1721665067413529600,53.545529541015625,0.0022729133680462,0.0214843943163752,-0.0474526560485362
1721665067423573800,53.55557373046875,-0.0108585900794714,0.0329563670538365,-0.0393652111828327
1721665067433618000,53.56561791992188,-0.0139659084450453,0.0509225241161882,-0.0265828864991664
1721665067443661600,53.57566162109375,-0.0140327631361782,0.0522302457138895,-0.020524317112565
1721665067453705000,53.585705078125,-0.0158110248550772,0.0580802869163453,-0.0186374804526567
1721665067463748600,53.59574853515625,-0.0128693453799933,0.0629430706471204,-0.012599953854084
1721665067473792800,53.60579272460937,-0.0155699095755815,0.0461265220113098,-0.0149859722077846
1721665067483836700,53.61583666992188,-0.0090891692541539,0.0360977338194847,-0.0386696301341056
1721665067493880800,53.625880859375,-0.0098451752532273,0.0301017082750797,-0.039707741010189
1721665067503924700,53.6359248046875,-0.0142538585409522,0.0025086218200623,-0.0218716400682926
1721665067513968600,53.64596875,-0.0141360773801803,-0.0112476624622941,-0.0201063839614391
1721665067524012800,53.6560126953125,-0.0037087183248251,-0.0161401106789708,-0.0332265622973442
1721665067534055700,53.6660556640625,0.0024888211410492,-0.0173199681133031,-0.0520072506129741
1721665067544099800,53.67609985351562,-0.0099622988268733,-0.028608108716458,-0.0580699116528034
1721665067554143700,53.68614379882813,-0.008090367475152,-0.0314019772186875,-0.0354869084447622
1721665067564187600,53.69618774414062,-0.0157187434617429,-0.0187613990932703,-0.0052151042997837
1721665067574231600,53.7062314453125,-0.0146828976079821,-0.0129315238960087,-0.0165612587004899
1721665067584275700,53.71627563476562,-0.0101473730701953,-0.0078612348943948,-0.0259574480772018
1721665067594320000,53.72631982421875,0.0011130758084356,0.0096940032795071,-0.029444705671072
1721665067604363800,53.73636376953125,0.0060155339624732,0.0158554485186934,-0.041956981241703
1721665067614407000,53.746406982421874,-0.0016880992174148,0.0214123519934713,-0.059077627390623
1721665067624450600,53.756450439453126,-0.0085756667740643,0.0303355170309543,-0.0705406861692667
1721665067634494700,53.76649462890625,-0.0222262256596237,0.0330390769012272,-0.0591477700173854
1721665067644538600,53.77653857421875,-0.0191877347465604,0.0227590904273092,-0.1209141981005668
1721665067654582800,53.78658276367187,-0.0157050071973353,0.0130041507408022,-0.1497194368243217
1721665067664626700,53.79662670898438,-0.0160522131998091,-0.0069596098795533,-0.0269394448518753
1721665067674670600,53.80667065429687,0.0210307322647422,-0.0436370432831347,0.2014309193611144
1721665067684714800,53.81671484375,0.0799287653047591,-0.0436979796901345,0.0737824445694684
1721665067694757600,53.826757568359376,0.0963704892788082,-0.054277241371572,-0.0723813455998897
1721665067704801800,53.8368017578125,0.05599208246544,-0.0390736808903515,-0.1442939046442508
1721665067714845700,53.846845703125,0.0089599899165332,-0.0607606120415031,-0.1991366709440946
1721665067724889900,53.85688989257813,-0.0228602857794612,-0.0626322511322796,-0.1756365528911352
1721665067734933500,53.86693359375,-0.0481045440860092,-0.0514123534597456,-0.0809141961455345
1721665067744977700,53.87697778320312,-0.0440907053347676,-0.0075187050670385,0.0141898533940315
1721665067755021800,53.88702172851563,-0.0022572774074971,0.0338718744635581,0.0637263299793005
1721665067765065700,53.89706567382812,0.0312169029753655,0.0746530899241566,0.0634749855667352
1721665067775110000,53.90710986328125,0.0236620306164026,0.1147287874639034,0.0298123699396848
1721665067785153500,53.91715356445312,0.0057622167885303,0.138351655113697,0.0188712892085313
1721665067795196700,53.92719677734375,-0.0081055650442838,0.1665928302139043,-0.0173281514197587
1721665067805240600,53.937240478515626,-0.0260430074688047,0.1637012004256248,-0.0572837297111749
1721665067815284700,53.94728466796875,-0.0205838652800768,0.144852999831736,-0.056718497043848
1721665067825329000,53.95732885742188,-0.0200697052128612,0.091693802704662,-0.0292664264947175
1721665067835372800,53.96737280273437,-0.0168731011286377,0.0414843952938914,-0.0066869304180145
1721665067845416700,53.97741674804688,-0.0168448979474604,-0.0122271750189363,0.0022235212683677
1721665067855460600,53.987460693359374,-0.0259535025544464,-0.0570012595079839,-0.0081318685293197
1721665067865504800,53.9975048828125,-0.0300445712603628,-0.0835150262936949,-0.007651976057887
1721665067875548700,54.00754858398437,-0.0210280288510024,-0.1004394192181527,-0.0250660521954298
1721665067885591800,54.017591796875,-0.0093063922014087,-0.1147109595462679,-0.0293757320880889
1721665067895635700,54.0276357421875,-0.0032185236550867,-0.1223623510822653,-0.0491033458650112
1721665067905679600,54.0376796875,0.0038572599500417,-0.1041618007421493,-0.0572509964853525
1721665067915723800,54.04772387695313,0.0100707276374101,-0.0869197201706469,-0.0492027145862579
1721665067925767700,54.057767578125,-0.001740486991778,-0.0663714376606047,-0.0196405200153589
1721665067935811800,54.06781176757813,-0.0088470310613512,-0.0348205534905195,-0.0007592939347028
1721665067945855700,54.077855712890624,-0.0111098614268004,0.0065010524570941,-0.0066121116161346
1721665067955899600,54.08789965820313,-0.0067010320086032,0.0301090147987008,-0.011710311537981
1721665067965943800,54.09794384765625,0.0031314298935234,0.0524023874104023,-0.0612514642983674
1721665067975986700,54.10798657226562,0.0016068506747484,0.0710667558699846,-0.0693237115949392
1721665067986030800,54.11803076171875,-0.0277335178390145,0.0911699249610304,0.0689993019461631
1721665067996074800,54.12807470703125,-0.0315854440268129,0.0822584503613412,0.0082148706376552
1721665068006118700,54.13811865234375,0.0026444500941783,0.029986411332339,-0.1442249310612678
1721665068016162600,54.14816259765625,0.026442016723752,-0.0158862820483744,-0.1468143630325794
1721665068026206700,54.15820678710938,0.0154978672526776,-0.0315739727847278,-0.0188274500668048
1721665068036251000,54.1682509765625,0.0059646074928343,-0.0395322383128106,-0.009793079739809
1721665068046294800,54.17829467773438,-0.005796776645258,-0.0175116912931203,-0.0678308426886796
1721665068056338700,54.18833862304688,-0.0045653351541608,0.020171850413084,-0.0774129100263118
1721665068066382600,54.19838256835938,0.0029206366870552,0.0350290816746652,-0.0628957243740558
1721665068076425700,54.20842578125,0.0042076808229088,0.0623641017153859,-0.026462474989891
1721665068086469600,54.2184697265625,0.0014284984331578,0.079775547504425,-0.023282675909996
1721665068096513800,54.228513671875,0.0118076344326138,0.0990457729026675,-0.0337917949646711
1721665068106557700,54.2385576171875,0.0192521782848984,0.0942570773214101,-0.0318278014153242
1721665068116601600,54.2486015625,0.015403028576076,0.0790250213980674,-0.0053898763447999
1721665068126645800,54.258645751953125,0.0167270437214523,0.0583526741169393,-0.0029091654449701
1721665068136689700,54.26868969726563,0.0094930008146911,0.0328935309506952,0.0020481647014617
1721665068146733800,54.27873388671875,0.0052598202243447,0.0122650228112936,-0.0032259763091802
1721665068156777700,54.28877783203125,0.007974266814813,-0.0065302785515785,-0.0393114351689815
1721665068166821600,54.298821533203125,0.0055704205434769,-0.0296805602535605,-0.0581546673268079
1721665068176864500,54.30886450195312,0.0058957800403237,-0.041762919974327,-0.0546808537364006
1721665068186908700,54.31890869140625,0.0077859777010977,-0.0540256046980619,-0.0453442855924367
1721665068196952800,54.328952880859376,0.001974076551944,-0.0723019967533648,-0.0526648377388715
1721665068206996700,54.33899682617187,-0.0067477206945419,-0.0806537916436791,-0.0631985067129135
1721665068217041000,54.349041015625,-0.0139824211884289,-0.0921532369099557,-0.0553974775731563
1721665068227084500,54.35908447265625,-0.0173527013391256,-0.0708436146385967,-0.054224926662445
1721665068237128700,54.369128662109375,-0.0173034553699195,-0.0519768554747104,-0.0552308888345956
1721665068247172900,54.3791728515625,-0.010227671764791,-0.047505263018608,-0.0570996053159236
1721665068257216800,54.389216796875,-0.0034835312668234,-0.0295516731768846,-0.0429179352283477
1721665068267260700,54.3992607421875,-0.0037805414520204,0.0033852585241198,-0.0312958864957094
1721665068277304600,54.4093046875,-0.0017440671883523,0.0138880939684808,-0.0222165079832077
1721665068287347700,54.41934765625,0.0079040511228144,0.040532939787954,-0.0244862064808607
1721665068297391600,54.4293916015625,0.0013774258330464,0.0494762708306312,-0.0303209039837121
1721665068307435800,54.439435791015626,-0.0063699003580957,0.0467032989859581,-0.0322574250042438
1721665068317479700,54.44947973632812,-0.0076681234750896,0.0493693033248186,-0.0413087464660406
1721665068327523600,54.45952368164063,-0.0147349200561642,0.0563639845177531,-0.0473667313307523
1721665068337567700,54.46956762695312,-0.0213532422173768,0.0534542345508933,-0.0359212082087993
1721665068347611600,54.479611572265625,-0.0141050246547907,0.0507275860659778,-0.0395499200999736
1721665068357655800,54.48965576171875,-0.0196622203905135,0.0497372598543763,-0.0469558124423027
1721665068367699700,54.49969970703125,-0.0289496886957436,0.0274362884581089,-0.0269803613841533
1721665068377743600,54.50974365234375,-0.0198448104158043,0.0204677646197378,-0.0221960497170686
1721665068387787800,54.51978784179688,-0.0168137721568346,0.0085126845404505,-0.0253431155711412
1721665068397831700,54.52983178710937,-0.0091019556704908,0.008479220662266,-0.0340296953737735
1721665068407877000,54.539877197265625,-0.0084567896347492,-0.0019546411991119,-0.0271691619545221
1721665068417921000,54.54992114257813,-0.0086516546197235,-0.0098306352712213,-0.0393383231759071
1721665068427965200,54.55996508789063,0.0043173517424613,-0.0110240828394889,-0.0321668241113424
1721665068438009000,54.57000903320313,0.0022490941010415,-0.0151854403026401,-0.0341682270616292
1721665068448053200,54.58005322265625,0.0056583910878747,-0.0139198042809963,-0.0610328531116247
1721665068458097200,54.59009716796875,0.0071404463391751,-0.0110110772274434,-0.0849666864067316
1721665068468141000,54.60014111328125,0.0065426996417343,-0.0183089791506528,-0.1084264724493026
1721665068478185200,54.61018530273437,0.0045646045017987,-0.0194281924389302,-0.0760164872318506
1721665068488229000,54.62022900390625,-0.0077856123749166,-0.0184187231354415,-0.0414542924165725
1721665068498273000,54.63027294921875,0.0089411390855908,-0.0112096685394644,-0.0393301398694515
1721665068508317200,54.64031713867188,0.0085160455413162,-0.0033666999541223,-0.0220978500396013
1721665068518361000,54.65036108398437,0.0137253046222031,0.0079727324448525,-0.036753567379713
1721665068528404200,54.660404296875,0.0192557584814727,0.0135296359196305,-0.0514326655954122
1721665068538448100,54.6704482421875,0.0072512132372707,0.0334101021707057,-0.0747317081183195
1721665068548492300,54.6804921875,-0.0123375765908509,0.039339346089214,-0.0829915869414806
1721665068558536000,54.690535888671874,-0.0128253601077944,0.0383485814861953,-0.0527303041905164
1721665068568580000,54.700580078125,-0.0164941117484122,0.0344137262552976,-0.1089443588435649
1721665068578624300,54.710624267578126,-0.0179717100203037,0.0247713070325553,-0.1063245317339897
1721665068588668200,54.72066821289062,-0.011098609380424,-0.000162204824388,-0.0116530283927917
1721665068598712300,54.73071240234375,0.027117504832521,-0.0374723831735551,0.1932937901347875
1721665068608756000,54.740755859375,0.0756545220516622,-0.0434556953668594,0.0963911667406559
1721665068618800000,54.750800048828125,0.0739591893758624,-0.046786447224766,-0.045459436404705
1721665068628844000,54.76084399414062,0.028558205160126,-0.0345695013388991,-0.1009603743523359
1721665068638888200,54.77088818359375,-0.0052012949701398,-0.0303574366018176,-0.177559629908204
1721665068648932000,54.78093212890625,-0.0274899183414876,-0.0606011836960911,-0.1870072572112083
1721665068658975200,54.79097534179687,-0.0482485556665807,-0.0523261073037982,-0.0804085847109556
1721665068669019100,54.80101904296875,-0.0459031615842133,-0.0197067171193659,0.0277507612347602
1721665068679063000,54.81106298828125,-0.0135918875008821,0.0174649295419454,0.0617202508538961
1721665068689107200,54.821107177734376,0.030631723498553,0.068365387956798,0.0484568646550178
1721665068699151000,54.83115112304687,0.0444614383433014,0.1017255135059356,0.0055891983091831
1721665068709195300,54.8411953125,0.0206831609360873,0.134657915162295,-0.0058610009878873
1721665068719239200,54.8512392578125,-0.016426818665862,0.1517475816510617,-0.0199970783680677
1721665068729283000,54.861282958984376,-0.036300928241387,0.1569702847354114,-0.0268687177032232
1721665068739327200,54.8713271484375,-0.0335706995598971,0.1360562376528978,-0.0299625920653343
1721665068749371100,54.88137109375,-0.0369793389596045,0.0783054749518632,-0.0214355867385864
1721665068759415000,54.8914150390625,-0.0246736188117414,0.0277126211814582,-0.0095464115023612
1721665068769459200,54.90145922851563,-0.0345591991405934,-0.0276060920670628,-0.0289911166846752
1721665068779503000,54.91150317382812,-0.0415003235153853,-0.0710869218751788,-0.0491191279560327
1721665068789547300,54.92154736328125,-0.0526630841732025,-0.1023614733219146,-0.0598977116018533
1721665068799590100,54.93159008789063,-0.0406104620035737,-0.1249210956543683,-0.053051791229844
1721665068809634300,54.94163427734375,-0.0223560625843703,-0.1334955933846533,-0.0447907433629035
1721665068819678000,54.951677978515626,0.0006155015498399,-0.135066495963186,-0.0513332968741655
1721665068829722000,54.96172216796875,0.0212085730496793,-0.1072879699386656,-0.0519318472892045
1721665068839766000,54.97176611328125,0.0197430305417627,-0.0823934749178588,-0.0495218635380268
1721665068849810200,54.98181005859375,0.0143004741616547,-0.0319480667941272,-0.0475584545105695
1721665068859854300,54.99185424804688,0.0193226131726056,0.001654196947813,-0.0321422741919755
1721665068869898000,55.00189794921875,0.0072154843367636,0.0270277076572179,-0.0041594577670097
1721665068879942100,55.01194213867188,0.0036273967169225,0.0708760556034743,0.0241390004783868
1721665068889986000,55.02198608398437,0.0053612347722053,0.1019714510910212,-0.0137374334514141
1721665068900030200,55.0320302734375,0.0084666534416377,0.1058209661260247,-0.0642734424680471
1721665068910074000,55.04207421875,-0.010329232443124,0.1190393441393971,0.068475570333004
1721665068920118000,55.05211791992188,-0.0211375536400824,0.1007071302436292,0.0127612818956375
1721665068930162200,55.062162109375,0.0065666650392115,0.0448860204309225,-0.1198076981633901
1721665068940206000,55.0722060546875,0.0356892991490662,-0.012183043616265,-0.1156488249182701
1721665068950249200,55.08224926757813,0.0237490513127297,-0.030336101552844,-0.0233960731565952
1721665068960293000,55.092293212890624,0.0011438362728804,-0.0545551815301179,-0.0207727389156818
1721665068970337300,55.10233715820313,-0.0036269583255052,-0.0463454254589974,-0.0839461111873388
1721665068980381200,55.11238110351562,0.0021505290973931,-0.012735124541074,-0.0841466021955013
1721665068990425000,55.12242504882813,0.004122121431306,0.0115799631565809,-0.0569154809206724
1721665069000469200,55.13246923828125,0.0021762480605393,0.0412289592280983,-0.0207464354306459
1721665069010513200,55.14251318359375,0.0046913726866245,0.0664576546393334,-0.0225841722518205
1721665069020557000,55.15255712890625,0.0141902917854487,0.0811298847228288,-0.0353460386693477
1721665069030601000,55.16260107421875,0.0239425280582159,0.0833057674571871,-0.0389385102033615
1721665069040645000,55.17264501953125,0.0253238263487815,0.0614525398284196,-0.0146586399495601
1721665069050689300,55.18268920898438,0.0230986245799809,0.0269238088913261,-0.000393383231759
1721665069060733200,55.19273315429688,0.0130819652173668,0.0164048990949988,-0.0220779762953519
1721665069070777000,55.20277709960938,0.007921952105686,-0.0052371700011193,-0.0206096573084592
1721665069080821000,55.212821044921874,-0.0067515200868248,-0.025610242074728,-0.0237841956913471
1721665069090865200,55.222865234375,-0.0139344173282384,-0.0329899770624935,-0.0542874705046415
1721665069100909300,55.232909423828126,-0.0105388566058129,-0.0361057709954679,-0.0458376220673322
1721665069110953200,55.242953125,-0.0098896719820797,-0.051322044827789,-0.0305488675206899
1721665069120996400,55.25299633789062,-0.0101684889234602,-0.055998658336699,-0.0353676659792661
1721665069131040000,55.2630400390625,-0.0100756230082362,-0.0578559766411781,-0.0463876571655273
1721665069141084200,55.27308422851563,-0.005938157877326,-0.0569552284091711,-0.0509749849557876
1721665069151128000,55.283128173828125,-0.013087591240555,-0.0488220447055995,-0.0566390020668506
1721665069161172200,55.29317211914063,-0.0176319566719234,-0.0460484883390367,-0.0455728336513042
1721665069171216100,55.303216064453125,-0.0137222358822822,-0.0379297715522348,-0.0410538949221372
1721665069181260000,55.31326000976563,-0.0134510907907038,-0.0181111184909939,-0.0423778370022773
1721665069191304200,55.32330419921875,-0.0005580722741782,0.0037735271893441,-0.037426936596632
1721665069201348000,55.33334814453125,-0.0080061232578009,0.0164241883173584,-0.0272539176285266
1721665069211392300,55.343392333984376,0.0083956340320408,0.0405719566240906,-0.0264759189933538
1721665069221436000,55.35343579101563,0.0061116147480905,0.0500499790653586,-0.0322743761390447
1721665069231480000,55.36347998046875,0.0078000792916864,0.0524891889110207,-0.0446077880114316
1721665069241524200,55.37352416992187,0.0054671062994748,0.0556581743359565,-0.0432668947964906
1721665069251568000,55.383568115234375,-2.08966575562e-05,0.0560427897393703,-0.0374058938086032
1721665069261612300,55.3936123046875,-0.0077265025988221,0.0632046441927552,-0.0374672686070203
1721665069271656000,55.403656005859375,-0.0092789927378296,0.0608810235507786,-0.0279705414652824
1721665069281700000,55.4137001953125,-0.0190323980543762,0.0566211741492152,-0.0250695593267679
1721665069291744300,55.423744140625,-0.0121230570573359,0.0509973429180681,-0.032547932383418
1721665069301788200,55.4337880859375,-0.0068194707565009,0.0241755330964922,-0.0417921460688114
1721665069311831300,55.44383129882812,-0.0106079763192683,0.0275922096721828,-0.059859133157134
1721665069321875200,55.45387524414063,-0.0113591600127518,0.0059974868491292,-0.0592196662098169
1721665069331919000,55.46391918945312,-0.0034011136803776,-0.0094065646402537,-0.0569622426718473
1721665069341963000,55.473962890625,-0.0038123978950083,-0.0280903684526681,-0.0414542924165725
1721665069352007200,55.48400708007812,-0.008867050936073,-0.0387217987127602,-0.043159927290678
1721665069362051300,55.49405126953125,-0.0031654052283614,-0.0451391184091568,-0.0375952789008617
1721665069372095200,55.50409521484375,0.0025844635352492,-0.0383097107805311,-0.0513227754801511
1721665069382139100,55.51413916015625,0.0145323101561516,-0.0379264105513691,-0.0397550872832536
1721665069392183000,55.52418310546875,0.0014344167172908,-0.0328527605488896,-0.0275946938902139
1721665069402227200,55.53422729492188,0.0010215981326997,-0.0336107393093407,-0.0311889189898967
1721665069412271400,55.54427124023437,0.0043283115278929,-0.0191327166236937,-0.0306172565817832
1721665069422315300,55.55431518554688,0.0075234543073922,-0.020922522649914,-0.0593470919817686
1721665069432359200,55.56435913085937,0.0177102095399051,-0.0143278005599975,-0.0778536395311355
1721665069442403300,55.5744033203125,0.0284821442492306,-0.0105225630581378,-0.0584480973154306
1721665069452447200,55.584447265625,0.0329870544530451,0.0003128653414547,-0.0827864197582006
1721665069462491400,55.59449145507813,0.0350410643734037,-0.0096288290888071,-0.0788759683161973
1721665069472535300,55.604535400390624,0.0256804577667266,0.0018874211817979,-0.0831464852422475
1721665069482579200,55.6145791015625,0.0076344404011964,0.0065402154237031,-0.0706207656681537
1721665069492623400,55.62462329101562,-0.0054372226178646,0.009828443314135,-0.0350327349364757
1721665069502667300,55.63466723632813,-0.0058936611484736,0.016909926007688,-0.0112298345446586
1721665069512711200,55.64471118164062,-0.002279416174069,0.0232927589125931,0.0228653272807598
1721665069522755000,55.65475512695313,-0.0002875117044895,0.0255415607526898,0.0453647438585758
1721665069532799200,55.66479931640625,0.0137514619767665,0.0303719035185873,0.013325345519185
1721665069542842000,55.67484204101562,0.0027490795124322,0.0394015976704657,-0.0413093309879303
1721665069552886300,55.68488623046875,-0.0067957976199686,0.0506825778804719,-0.0658317778259515
1721665069562930400,55.694930419921874,-0.0318583426840603,0.0514075311541557,-0.0798193866461515
1721665069572974000,55.70497412109375,-0.0398898195788264,0.0321229849696159,-0.1070090068668127
1721665069583018200,55.71501831054688,-0.0267446529321372,0.0236994400173425,-0.1462011995702981
1721665069593062100,55.72506225585938,-0.0233107329607009,0.0013771335721015,-0.0741781658887863
1721665069603106300,55.735106201171874,-0.0050067222461104,-0.0288141526825726,0.0506377158254384
1721665069613150500,55.745150390625,0.0443934876736253,-0.0456561280205845,0.188524091514945
1721665069623194000,55.75519409179688,0.0736158558309078,-0.052675066871941,0.0494108043789863
1721665069633238300,55.76523828125,0.0664783321011811,-0.0698332685522735,-0.1053957264512777
1721665069643282200,55.7752822265625,0.0196629510428756,-0.0670560589239001,-0.1861538552522659
1721665069653326300,55.78532641601562,-0.0086496818583458,-0.0742412942528724,-0.1919797849267721
1721665069663370500,55.79537060546875,-0.0313790347345173,-0.0736753309331834,-0.1200567044883966
1721665069673414100,55.8054140625,-0.0358339683167636,-0.0409232542797923,-0.0066208794444799
1721665069683458300,55.815458251953125,-0.0111253512568771,-0.0109995329201221,0.041106501892209
1721665069693502200,55.82550219726563,0.0070899582609534,0.0342383696883916,0.0308890592604875
1721665069703546400,55.83554638671875,0.0154000329013913,0.0604036152973771,0.0131032272011041
1721665069713590300,55.84559033203125,-0.0088899934202432,0.1049722403421997,-0.0182569567024707
1721665069723634200,55.85563427734375,-0.0341410467937588,0.1292616090767085,-0.0173135383725166
1721665069733678300,55.86567822265625,-0.0504235616181045,0.156504713050276,-0.0230693254202604
1721665069743722200,55.87572216796875,-0.0544108046233654,0.1539417306944727,-0.0539297431081533
1721665069753766400,55.88576635742187,-0.0356811889078468,0.1401182263948023,-0.0656868163973093
1721665069763810000,55.89581005859375,-0.0112148561712354,0.0930441944003105,-0.0560264231264591
1721665069773854200,55.90585424804687,-0.0062322454530745,0.0317864464916288,-0.0332142873376607
1721665069783898400,55.9158984375,-0.0101224578246474,-0.0047353579588234,-0.0280740018397569
1721665069793942300,55.9259423828125,-0.0100906744468957,-0.0405050288677215,-0.0393038363844156
1721665069803985400,55.9359853515625,-0.0081530574478209,-0.0647822687730193,-0.0512964719951152
1721665069814029300,55.946029296875,-0.0125632020402699,-0.0882854555658996,-0.0436216995835304
1721665069824073200,55.9560732421875,-0.0027696108438074,-0.0939516646340489,-0.0415028077334165
1721665069834117000,55.9661171875,0.0098677524112164,-0.0882522839486598,-0.0364566302597522
1721665069844161300,55.97616137695312,0.0177968649100512,-0.0819691120259463,-0.0212619837373495
1721665069854205400,55.986205322265626,0.0217366885770112,-0.0763467420995235,-0.0056698623299598
1721665069864249300,55.99624926757812,0.0163726042605936,-0.054282794329524,0.0049321957051753
1721665069874293200,56.00629321289063,0.0176817140977829,-0.0298993175707757,0.0301695128142833
1721665069884337200,56.01633715820312,0.0099731124818325,-0.0089931615337729,0.0381885686188936
1721665069894381300,56.02638134765625,0.0169322109047323,0.0194625330999493,0.0284352363675832
1721665069904425200,56.03642529296875,0.0090188074316829,0.0491900012351572,-0.035903088030219
1721665069914469000,56.04646923828125,-0.0013495879780501,0.0686409900277853,0.0653133069097995
1721665069924513300,56.05651318359375,-0.0251395558230578,0.0883526755832135,0.0660679246693849
1721665069934557200,56.06655712890625,-0.0144641402907669,0.0704904172867536,-0.11568623431921
1721665069944601300,56.07660131835937,0.0149023855775594,0.0437977868027985,-0.1657750840902328
1721665069954645200,56.08664526367188,0.0225906750578433,0.0154518361538648,-0.0738350515395402
1721665069964689200,56.09668920898437,0.019225363343209,-0.0170706695273518,0.015623101067543
1721665069974733300,56.1067333984375,0.0272333132319152,-0.0262169757962226,-0.0237286661118268
1721665069984777200,56.11677709960937,0.0289759921807795,-0.0266910230487585,-0.0979997709810733
1721665069994821400,56.1268212890625,0.0225790576852858,-0.0008934417083859,-0.1080260749548673
1721665070004865300,56.136865234375,0.0101559947680681,0.0242155728459358,-0.0560404516518115
1721665070014909200,56.1469091796875,-0.0031952158447355,0.033100013308227,-0.0349438876092433
1721665070024953300,56.15695336914062,-0.0064111822165548,0.042156595467031,-0.043307226806879
1721665070034997200,56.16699731445313,0.0009533552020788,0.0635465894982218,-0.0492483072936534
1721665070045041400,56.17704150390625,-0.0042519583560526,0.0773528504021465,-0.0367459685951471
1721665070055085000,56.1870849609375,-0.0025648820519447,0.075925155686587,-0.0358569108009338
1721665070065128400,56.19712841796875,0.0021464374441653,0.0542028609611094,-0.0274736978590488
1721665070075173000,56.207173095703126,0.0039049715492874,0.0438030474998056,-0.0074614219218492
1721665070085216300,56.21721630859375,0.004698825340718,0.0335892581298947,-0.0184364049226045
1721665070095260200,56.22726025390625,0.0019683774635195,0.0250827110692858,-0.0206885677635669
1721665070105304300,56.23730419921875,0.0043438744232058,0.0055279696412384,-0.0316892697274684
1721665070115348200,56.24734814453125,0.0049941550254821,-0.0169860599838197,-0.0153501293450593
1721665070125392100,56.25739208984375,0.0030216859087347,-0.0261610078252851,0.0025590368330478
1721665070135436300,56.26743627929688,0.0068141369942575,-0.0413761126138269,-0.0105693248093128
1721665070145480200,56.27748022460938,0.0110997053589671,-0.0471133410915732,-0.0249222598105669
1721665070155524400,56.2875244140625,-0.0042238282401114,-0.0529747804708778,-0.0268815771847963
1721665070165568300,56.297568359375,-0.0151754303652793,-0.05012669756338,-0.0248164613485336
1721665070175612200,56.30761206054687,-0.0156561996195465,-0.0443693030804395,-0.029474516287446
1721665070185656300,56.31765625,-0.0123868956252932,-0.0466746574133634,-0.0321101254880428
1721665070195700200,56.3277001953125,-0.0160427147191017,-0.0377710738591849,-0.0291997909992933
1721665070205744400,56.33774438476563,0.0026410160280764,-0.022059271594882,-0.0363379723161459
1721665070215788300,56.34778833007813,-0.0005625292535871,-0.0012101064421236,-0.0440150828152894
1721665070225832200,56.35783227539063,0.0046567397646605,-0.0033401042081415,-0.0469061280816793
1721665070235876400,56.36787646484375,0.0105587303500622,0.0133984107553958,-0.0440589219570159
1721665070245920300,56.37792016601563,0.0029824498768895,0.0291251183278858,-0.0314642287999391
1721665070255964200,56.38796411132813,-0.0057581251353025,0.0261786896124482,-0.0155687405318021
1721665070266008300,56.39800830078125,-0.0082826021116226,0.0322698460943996,-0.0194411980509758
1721665070276052200,56.40805224609375,0.000278670810908,0.0399430110707879,-0.0313718743413686
1721665070286096400,56.41809643554687,-0.0034157997928559,0.0438292048543691,-0.0365910702943801
1721665070296140300,56.428140380859375,-0.0024247429288923,0.0388540467903018,-0.0492851321727037
1721665070306184200,56.43818408203125,-0.0101177816495299,0.038891894582659,-0.0447433970898389
1721665070316228000,56.44822802734375,-0.0022205255936831,0.0350002939715981,-0.0350870954722166
1721665070326272300,56.45827221679688,-0.0097816815629601,0.0234777600906789,-0.0286006560623645
1721665070336316400,56.46831640625,-0.0129517629664391,0.0108212537437677,-0.0340700273841619
1721665070346360300,56.4783603515625,-0.0135193337213248,0.0068524962432682,-0.0304202727049589
1721665070356403500,56.48840356445312,-0.0147079589840024,-0.0083840897247195,-0.0267798703759908
1721665070366447000,56.49844702148437,-0.0011379179887473,-0.0052270869985222,-0.0074818801879882
1721665070376491300,56.5084912109375,-0.0059577393606305,-0.0123439332664012,-0.022049919244647
1721665070386535200,56.51853515625,0.0033254911608994,-0.0158541333444416,-0.0264817642122507
1721665070396579300,56.52857934570312,0.0051055064454674,-0.0213330031469464,-0.0299123231828212
1721665070406626800,56.53862670898437,0.0081088529799133,-0.0233769300647079,-0.0233224233984947
1721665070416670700,56.54867065429688,0.0166872962329536,-0.0138252578653395,-0.0111865799248218
1721665070426715000,56.55871484375,0.0174757431969046,-0.0095791447281837,-0.0241617968320846
1721665070436758800,56.5687587890625,0.0331133111812174,-0.0022564006246626,-0.0269283389359712
1721665070446803000,56.578802978515625,0.0351651291444897,0.0019360826291143,-0.051835985699296
1721665070456846800,56.58884692382812,0.0312377996329218,0.0135877958476543,-0.036928923946619
1721665070466890800,56.59889086914063,0.0360604705490171,0.0211874571964144,-0.049957916867733
1721665070476935000,56.60893481445312,0.0306380071088671,0.0125090607002377,-0.0602373188197612
1721665070486978800,56.618978759765625,0.011514496704936,0.0199485630512237,-0.054116790112853
1721665070497023000,56.62902294921875,0.0004780658405274,0.0266197113782167,-0.0139899469077587
1721665070507066600,56.63906665039063,-0.0062447396084666,0.0352403863377869,-0.0045516719549894
1721665070517110800,56.64911083984375,-0.0081705200392752,0.0338313963226973,-0.0114981300920248
1721665070527155000,56.65915502929688,0.0092076810672879,0.0276018542833626,-0.0026472996383905
1721665070537198800,56.66919873046875,0.0162920863702893,0.0290225347362458,-0.0161661219030618
1721665070547242800,56.67924267578125,0.0057478229369968,0.0230460906751453,-0.0408884752273559
1721665070557286700,56.68928662109375,-0.0061647331748157,0.0211804429337382,-0.0444680872797966
1721665070567330800,56.69933081054688,-0.0165958185572177,0.0160559395268559,-0.0384410820752382
1721665070577375000,56.709375,-0.0246471691962331,0.001789367634803,-0.1065501571834087
1721665070587419000,56.7194189453125,-0.0305125540982931,0.0049801265001296,-0.0836503431111574
1721665070597462800,56.729462890625,-0.0253009569298475,-0.0182462891779839,-0.0290220963448286
1721665070607506700,56.73950659179688,0.0054195408307015,-0.0421380368970334,0.1003811131596565
1721665070617550800,56.74955078125,0.0497405477900058,-0.0461582323238253,0.1680056196212768
1721665070627595000,56.75959497070313,0.0813516377147287,-0.0661173167690634,0.0182803375780582
1721665070637639000,56.76963891601562,0.0491836445596069,-0.0700358053870499,-0.1271568918824195
1721665070647682000,56.77968212890625,0.0081667937122285,-0.0762216544151306,-0.2122311303168535
1721665070657725700,56.7897255859375,-0.0189875359993428,-0.0701549017220735,-0.1679115115970373
1721665070667769900,56.79976977539062,-0.0260834125444293,-0.0621849457561969,-0.0473836824655532
1721665070677813800,56.809813720703126,-0.0179013481978327,-0.0308944660879671,0.0411924266099929
1721665070687858000,56.81985791015625,0.0195028651103377,0.0206935361996293,0.0321580562829971
1721665070697901800,56.82990185546875,0.046952451441437,0.0521061809428036,0.00397241076231
1721665070707945700,56.83994580078125,0.0301167597137391,0.0837860983200371,-0.0134288058936595
1721665070717990000,56.84998999023438,-0.0013423545196652,0.1300733638510108,-0.0077764792203903
1721665070728033800,56.86003369140625,-0.0311282748438417,0.1657759608730673,-0.01191723228693
1721665070738078000,56.87007788085938,-0.0386135160326957,0.1894924981556832,-0.0371311685204505
1721665070748121900,56.88012182617187,-0.0323043328858912,0.1768354072868823,-0.0701642540723085
1721665070758165800,56.89016577148438,-0.0105388566058129,0.1445055015683174,-0.0801782830864191
1721665070768210000,56.9002099609375,0.0052137160602957,0.0814218534067273,-0.0725502724260091
1721665070778253800,56.91025390625,-0.0041191257566213,0.0187687056168913,-0.043111411973834
1721665070788298000,56.92029809570312,-0.0082776336755603,-0.0389224358513951,-0.0312064546465873
1721665070798341600,56.930341552734376,-0.010278963560611,-0.0675024875171482,-0.0301420402854681
1721665070808385800,56.9403857421875,-0.0165996910147368,-0.0953640156500041,-0.0311129311442375
1721665070818430000,56.95042993164063,-0.0115231184028089,-0.1061095738090574,-0.0208604171991348
1721665070828473900,56.96047387695312,-0.002062120161578,-0.1215979425810277,-0.0140086516082286
1721665070838518000,56.97051806640625,0.0117482323955744,-0.1195301963962614,-0.0053004444956779
1721665070848561700,56.98056176757812,0.0148320237550884,-0.1081846265174448,-0.0106926589280366
1721665070858605800,56.99060571289063,0.0096400811351835,-0.0893424172729253,-0.0290495688736438
1721665070868650000,57.00064990234375,0.0143437287814915,-0.0630709348104894,-0.0116483522176742
1721665070878694000,57.01069384765625,0.0043745618224143,-0.0322189926899969,0.0075374097675085
1721665070888737800,57.02073779296875,0.0023894524198025,0.0024248890593647,0.0355734176844358
1721665070898781700,57.03078173828125,-0.0027675650171935,0.0468694493331015,0.0014016834914684
1721665070908825900,57.040825927734375,0.0085366499379277,0.0655326487489044,0.0222293674647808
1721665070918869800,57.05086987304688,-0.0089462536521255,0.0860410376399755,0.1196165595054626
1721665070928913000,57.06091284179688,-0.020446356505528,0.1044444170758128,0.0307867679297924
1721665070938956800,57.070956787109374,0.0089143241439014,0.0722222095154225,-0.1260287646353244
1721665070949001000,57.0810009765625,0.0273202608630061,0.0398323903031647,-0.1778518908530473
1721665070959044900,57.091044921875,0.0246704770065844,0.0062704585716128,-0.0498930349379777
1721665070969088800,57.1010888671875,0.0169135062042623,-0.0197001412481069,0.0444762705862522
1721665070979133000,57.1111328125,0.0238422825541347,-0.0194729083634912,-0.0239005155473947
1721665070989176800,57.1211767578125,0.0348393312562257,-0.0143641870476305,-0.0944236660599708
1721665070999220700,57.131220703125,0.0193313810009509,0.0047851884499192,-0.0986830770701169
1721665071009265000,57.14126489257813,0.0093774116110056,0.0268897604912519,-0.0541273115068674
1721665071019308800,57.15130883789063,0.0070429773140698,0.041220191399753,-0.0424812973767518
1721665071029353000,57.16135302734375,0.0126592097606509,0.0576226062767207,-0.045330841588974
1721665071039396900,57.17139697265625,0.0088638360656797,0.0855557383410632,-0.0415472313970327
1721665071049440800,57.18144067382813,0.0145826521039009,0.0666540539942681,-0.0324684374064207
1721665071059485000,57.19148486328125,0.0140379507679492,0.0648030193001031,-0.0416050990641117
1721665071069528800,57.20152880859375,0.0072068626388907,0.0497248387642204,-0.048159927535057
1721665071079573000,57.21157299804688,-0.0019587328523397,0.0307047887347638,-0.0330652342557907
1721665071089617000,57.22161694335937,-0.0038694618444889,0.0188186822384595,-0.0291933612585067
1721665071099660800,57.23166088867188,-0.0029770430494099,-0.0014582359842956,-0.030209260302782
1721665071109704700,57.24170458984375,0.0028510055169463,-0.0179082893952727,-0.0325982012659311
1721665071119748900,57.25174877929688,0.0042648909028619,-0.0234871124409139,-0.0257096107959747
1721665071129793000,57.26179296875,0.0227563139483332,-0.0403647436141967,-0.011555413237214
1721665071139836700,57.27183666992188,0.0167965287610888,-0.0408856987483799,-0.0113864864110946
1721665071149880800,57.281880859375,0.0062921589467674,-0.0454474537059664,-0.0162327573984861
1721665071159924700,57.2919248046875,-0.0025409166544675,-0.0547413517519831,-0.0261614462167024
1721665071169969000,57.30196899414062,-0.0127810825746506,-0.0565115762948989,-0.0304109203547239
1721665071180013000,57.312012939453126,-0.0148769588753581,-0.0410294911332428,-0.047475452402234
1721665071190056700,57.322056640625,-0.0240912888791412,-0.0344948286674916,-0.0420195250838994
1721665071200100900,57.332100830078126,-0.0095019878387451,-0.026204262445122,-0.0581792172461748
1721665071210144800,57.34214477539062,0.0048913522381335,-0.0043352527253329,-0.0594721796661615
1721665071220188000,57.35218798828125,-0.0015159575209021,0.0022933716341853,-0.0556745409488677
1721665071230231800,57.362231689453125,-0.0072189184028655,0.0137483932368457,-0.0385650007158517
1721665071240276000,57.37227587890625,0.0014028525352478,0.0254664496898651,-0.0219008661627769
1721665071250320000,57.38231982421875,-0.0044422932963818,0.025048808799684,-0.0206295310527086
1721665071260363800,57.39236376953125,-0.0101516839191317,0.0363182447023689,-0.0304068287014961
1721665071270408000,57.40240795898438,-0.0133417851973325,0.0462326127342879,-0.0258230080425739
1721665071280451800,57.41245190429687,-0.0113020229980349,0.0472603483468294,-0.0366617974430322
1721665071290496000,57.42249609375,-0.0253741682965308,0.0382527198962867,-0.0324164149582386
1721665071300539600,57.43253955078125,-0.0213970082938671,0.0398937651015818,-0.0332844299644231
1721665071310583800,57.442583740234376,-0.0194871560845524,0.0327544147409498,-0.0202086752921342
1721665071320628000,57.4526279296875,-0.0186030667264014,0.0167944829344749,-0.0203308403670787
1721665071330671900,57.462671875,-0.0251552648488432,0.0071304364018142,-0.025856325790286
1721665071340715800,57.4727158203125,-0.0246009919669479,0.0153941146172583,-0.0107446813762187
1721665071350759700,57.482759765625,-0.0147023329608142,0.0033618776485323,-0.0172281981766223
1721665071360803800,57.49280395507813,-0.0091972327385097,-0.0091655954912304,-0.0144470430254936
1721665071370848000,57.50284790039063,-0.0104533702794462,-0.0089548753499984,-0.0195972653955221
1721665071380892000,57.51289184570312,0.0001698766741901,-0.0106570030927658,-0.0467488916933536
1721665071390935800,57.52293579101563,0.0220459737218916,-0.0140634505353868,-0.0557996286332607
1721665071400979700,57.53297973632812,0.0270004543241113,-0.0176481771543622,-0.0510667548924684
1721665071411016700,57.5430166015625,0.0287597921468317,-0.0146055945880711,-0.0705249040782451
1721665071421060600,57.553060546875,0.0191522250417619,-0.0117864455141127,-0.0749719466149806
1721665071431104800,57.56310473632813,0.0121750064402818,-0.0035310967355966,-0.0431482368528842
1721665071441148400,57.5731484375,0.0058236646521836,0.0128203186064958,-0.0162730894088745
1721665071451192600,57.58319262695313,0.0075113254781812,0.0257319687582552,-0.0194815300613641
1721665071461236500,57.59323657226562,0.0085002634502947,0.0333114641018211,-0.033474984100461
1721665071471280600,57.60328076171875,0.008888532115519,0.0355503290697932,-0.0398883582741022
1721665071481324800,57.61332470703125,0.018788360165432,0.0360090326227247,-0.051709144449234
1721665071491368400,57.62336840820313,0.0153734371554106,0.0208560332849621,-0.0654413172036409
1721665071501412600,57.63341259765625,0.0059577393606305,0.0064010992139577,-0.0589963788479566
1721665071511456500,57.64345654296875,-0.0125653939973562,0.0103045363932847,-0.0265647663205862
1721665071521499600,57.65349975585937,-0.0187505854383111,0.0117523971140384,-0.0985287632912397
1721665071531543600,57.66354345703125,-0.0192699331372976,0.0156496968135237,-0.1030418568015098
1721665071541587700,57.67358764648438,-0.0188644941415637,-0.0047319969579577,-0.0829512549310922
1721665071551631600,57.68363159179688,0.0181159407965838,-0.0300375569976866,0.1192027180075645
1721665071561675500,57.69367553710938,0.0609495587423443,-0.0337254517301917,0.1393272221475839
1721665071571719700,57.7037197265625,0.0892517433147877,-0.0377096990607678,-0.025220365974307
1721665071581763600,57.713763671875,0.0600255757652223,-0.0528353720001876,-0.1532271526843309
1721665071591807500,57.72380737304688,0.0133624626591801,-0.0694081750079989,-0.2145622036129236
1721665071601851600,57.7338515625,-0.0297219151772558,-0.0734897452332079,-0.1268172846645116
1721665071611895600,57.7438955078125,-0.0412459103628993,-0.0579635286688804,-0.0016477672070264
1721665071621939700,57.75393969726562,-0.033154081583023,-0.0300545081324875,0.0541518614262342
1721665071631983600,57.763983642578125,-0.0017532003428786,0.0054427755758166,0.0455067826777696
1721665071642027500,57.77402758789062,0.0320460472758859,0.0504461387760937,0.0226437934845685
1721665071652071400,57.784071533203125,0.0239867325261235,0.0898002440430223,0.0007604629784822
1721665071662115600,57.79411547851562,-0.0022142419833689,0.1131662143222987,0.0047720367074012
1721665071672159700,57.80415966796875,-0.0381830156609416,0.1487372939191758,-0.0025520225703716
1721665071682203600,57.81420361328125,-0.0467585363045334,0.1637123063415289,-0.0395423213154077
1721665071692247600,57.82424755859375,-0.0328209771711379,0.1534175606898963,-0.0589116231739521
1721665071702291500,57.83429150390625,-0.0207749308727681,0.1167084169737994,-0.0796732561737298
1721665071712335600,57.844335693359376,-0.0159595664802938,0.0636319296941161,-0.0566354949355125
1721665071722379800,57.8543798828125,-0.0100281306046992,0.0032829671934247,-0.0368196183532476
1721665071732423400,57.86442333984375,-0.0109323129028081,-0.0436873121656477,-0.0336550168424844
1721665071742467600,57.87446752929687,-0.0174424254491925,-0.0767173289775848,-0.0404576825946569
1721665071752511500,57.884511474609376,-0.0246604670692235,-0.0989779683634638,-0.0471615641474723
1721665071762555600,57.8945556640625,-0.028508301603794,-0.1184364098101854,-0.0412479561895132
1721665071772599800,57.90459985351563,-0.0091847385831177,-0.1236610125906765,-0.0324795433223247
1721665071782643500,57.9146435546875,-0.0112977852143347,-0.1274757485732436,-0.0384568641662597
1721665071792687600,57.9246875,-0.0041680794648826,-0.1158504849702119,-0.0447737922281026
1721665071802731500,57.9347314453125,0.0032894699994474,-0.0968006243243813,-0.0531745408266782
1721665071812775700,57.94477563476563,-0.0025484423737972,-0.0515573148883879,-0.0476081388711929
1721665071822819600,57.95481958007812,-0.0040913609668612,-0.0107490652903914,-0.019252397480607
1721665071832863500,57.96486352539063,-0.0109931031793355,0.0263825416214764,0.0065957450032234
1721665071842907600,57.97490771484375,-0.005559022366628,0.0655051762200892,-0.0301420402854681
1721665071852951600,57.98495166015625,0.0072509209763258,0.0909985139168798,0.0215986683458089
1721665071862995700,57.99499560546875,-0.0199020204957574,0.1104356203146278,0.1324105746269226
1721665071873038600,58.00503857421875,-0.0093899057663977,0.1042811893381178,0.0217845463067293
1721665071883082800,58.01508276367188,0.0309090791352093,0.0762608173817396,-0.1289063658982515
1721665071893126400,58.02512646484375,0.0387662223763763,0.0335743528217077,-0.1684849275708198
1721665071903170600,58.03517065429688,0.0274218215413391,-0.0042462592676281,-0.0283387902557849
1721665071913214700,58.04521459960937,0.0339253582164645,-0.0217561969950795,0.0443207877635955
1721665071923258600,58.05525854492188,0.0452625255931168,-0.0201741885006427,-0.003287935629487
1721665071933302500,58.06530249023437,0.033277123440802,-0.0097736443869769,-0.0667342796236276
1721665071943346400,58.07534643554688,0.017236746809259,0.0177276721313595,-0.049666824966669
1721665071953390600,58.085390625,0.0125438397526741,0.0424378966264426,-0.0303039528489112
1721665071963434800,58.09543481445313,0.0055742930009961,0.0601632306702435,-0.031598668834567
1721665071973478700,58.10547875976562,-0.0001488338861614,0.0704329880110919,-0.0405079514771699
1721665071983522600,58.1155224609375,0.0025659780304878,0.0710465898647904,-0.0427753118872642
1721665071993566500,58.12556640625,0.0081400518357753,0.0610376754172146,-0.0430792632699012
1721665072003610600,58.13561059570313,0.0145035224530845,0.0394311160258948,-0.0456038133114576
1721665072013654800,58.14565478515625,0.0113666126668453,0.0102196345888078,-0.0561959344744682
1721665072023698700,58.15569873046875,-0.0011485124479979,-0.0044165012679994,-0.0483680173277854
1721665072033742600,58.16574267578125,0.0011737199544906,-0.0152257723130285,-0.0631336247831583
1721665072043786500,58.17578637695313,-0.0058680152505636,-0.0172751060582697,-0.0716875181168317
1721665072053830700,58.18583056640625,-0.0066802084162831,-0.0263192671269178,-0.0630260727554559
1721665072063874600,58.19587451171875,0.0041575580708682,-0.0389468396402895,-0.0460498035132884
1721665072073918500,58.20591845703125,0.0058894964300096,-0.042779403540492,-0.039032618227601
1721665072083962600,58.21596264648438,0.0054372226178646,-0.0541921934366226,-0.0384819986075162
1721665072094006500,58.22600659179688,0.0006206161163747,-0.0522391596727073,-0.047708676636219
1721665072104050700,58.23605078125,-0.0260897692199796,-0.052890609318763,-0.0411111780673265
1721665072114094600,58.246094482421874,-0.0328009572964161,-0.0503388790093362,-0.0402040000945329
1721665072124138500,58.25613842773438,-0.027715689921379,-0.0490364181086421,-0.0476145686119794
1721665072134182700,58.2661826171875,-0.0136273241404443,-0.0401852953940629,-0.0499316133826971
1721665072144226600,58.2762265625,-0.0071123892884701,-0.0300301043435931,-0.0479337175637483
1721665072154270700,58.286270751953126,0.0028265286628156,-0.0104797468297183,-0.0361918418437242
1721665072164314600,58.29631469726562,0.0083396660611033,2.61573545634e-05,-0.0243441676616668
1721665072174358500,58.306358642578125,0.008557911921665,0.0209996795393526,-0.01695288836658
1721665072184402700,58.31640258789062,0.0061890638984739,0.037341011878848,-0.0092424601197242
1721665072194446600,58.326446533203125,0.0052997138433158,0.050869771015644,-0.0189729960173368
1721665072204490800,58.33649072265625,0.0051058717716485,0.0508687481023371,-0.0307505275726318
1721665072214534400,58.346534423828125,-0.0068223203007131,0.0629541765630245,-0.0266711493045091
1721665072224578600,58.35657861328125,-0.0110526513468474,0.0714719756700098,-0.0190296946406364
1721665072234622500,58.36662255859375,-0.0109393271654844,0.06726604841277,-0.0157440970987081
1721665072244666600,58.37666650390625,-0.0148017016820609,0.0652494478933513,-0.0193202020198106
1721665072254710800,58.386710693359376,-0.0173174108300358,0.045926615525037,-0.017383680999279
1721665072264754400,58.39675439453125,-0.0155379070021212,0.0293346694253385,-0.0264794261246919
1721665072274798600,58.406798583984376,-0.0242016904510557,0.0222751063026487,-0.0351133989572525
1721665072284842500,58.41684252929687,-0.0126650549795478,-0.0137796651579439,-0.0423024336785078
1721665072294886700,58.42688671875,-0.0121729606136679,-0.0064244800895452,-0.0327823256611824
1721665072304929500,58.436929443359375,-0.0083108783580362,-0.0280684488818049,-0.0509884289592504
1721665072314973700,58.4469736328125,-0.0001808364596217,-0.0319572730138897,-0.0658843847960233
1721665072325017600,58.457017578125,0.003672989424318,-0.0170529877401888,-0.0494195722073316
1721665072335061500,58.4670615234375,-0.0031092911269515,-0.0115897538982331,-0.0448895275622606
1721665072345105700,58.47710571289063,0.0034773937869817,-0.0039041678316891,-0.0532207180559635
1721665072355149600,58.48714965820312,0.0146153853297233,0.0032828210629522,-0.0474883118838071
1721665072365193700,58.49719384765625,0.0297598360348492,0.0049599604949355,-0.0483972434222698
1721665072375237600,58.50723754882812,0.0264880478225648,0.0071004796549677,-0.0488870727658271
1721665072385281500,58.51728149414063,0.0253654735334217,-0.0039485914953053,-0.0758265176177024
1721665072395325700,58.52732568359375,0.015020751260221,-0.0169411979287862,-0.0687041183918714
1721665072405369600,58.53736962890625,-0.0104285280991345,-0.0214803026631474,-0.026442016723752
1721665072415413500,58.54741357421875,-0.0249646376475691,-0.0144338912829756,-0.1017249289840459
1721665072425457700,58.55745776367188,-0.0217825004801154,-0.0107591482929885,-0.1288648648440837
1721665072435501600,58.56750146484375,-0.0107714232526719,-0.014613193372637,-0.0839759218037128
1721665072445545700,58.57754565429688,0.0294194981645792,-0.026065292365849,0.1420849964231252
1721665072455589600,58.58758959960937,0.0808086168792098,-0.0197914727933704,0.1460439631819725
1721665072465633500,58.59763354492188,0.0905055427681654,-0.0185148769862949,-0.0286129310220479
1721665072475677700,58.607677734375,0.0714393155094236,-0.0281736628219485,-0.1578022055149078
1721665072485721600,58.6177216796875,0.012603095659241,-0.0264810335598886,-0.219485046967864
1721665072495765800,58.627765869140624,-0.0167965287610888,-0.0472920586593449,-0.1287029522806406
1721665072505809700,58.6378095703125,-0.0375617419574409,-0.0322666312240064,-0.0098866032421588
1721665072515853600,58.647853515625,-0.0296960500836372,-0.0147340432733297,0.0515752889364957
1721665072525897700,58.65789770507813,-0.0018995500110089,0.027613106329739,0.0383165789127349
1721665072535941600,58.667941650390624,0.0264654706645756,0.05945639757514,0.0238362181395292
1721665072545985800,58.67798583984375,0.0223156575087457,0.1011979825004935,0.0134597855538129
1721665072556029400,58.68802954101562,-0.0122066436875611,0.1286468381792306,0.0040945758372545
1721665072566073600,58.69807348632813,-0.0357169178083539,0.1485479088269174,0.0046498716324567
1721665072576117500,58.70811743164062,-0.0463101349499076,0.159442958459258,-0.0220855750799179
1721665072586161700,58.71816162109375,-0.0311078165777027,0.1583909651882946,-0.0650181233555078
1721665072596205800,58.72820581054688,-0.0073128072313964,0.1199932838633656,-0.0686257924586534
1721665072606249500,58.73824951171875,-0.0031968963451683,0.0699593791499733,-0.0528466240465641
1721665072616293600,58.74829370117188,-0.0064041679538786,0.0016495207726955,-0.0217377845555543
1721665072626337500,58.75833764648438,-0.0087293960310518,-0.0456374233201146,-0.0187567229181528
1721665072636381700,58.76838159179688,-0.0095227383658289,-0.0765397804535925,-0.0401987393975257
1721665072646425600,58.77842553710938,-0.0229561473693698,-0.1002212464228272,-0.0410708460569381
1721665072656469500,58.788469482421874,-0.0125563339080661,-0.118267482984066,-0.0350105231046676
1721665072666513700,58.798513671875,-0.0095754914663732,-0.1419587396949529,-0.0310433730393648
1721665072676557600,58.8085576171875,-0.0155164988879114,-0.1444087631955742,-0.0259475112050771
1721665072686601700,58.81860180664062,-0.0026028029095381,-0.1281517481386661,-0.0455816014796495
1721665072696645600,58.828645751953125,-0.0088030457891523,-0.1046390628650784,-0.0526139843344688
1721665072706689500,58.838689453125,-0.0142923639204353,-0.0679443860657513,-0.0431949986040592
1721665072716733700,58.848733642578125,-0.0157682086266577,-0.0300244052551686,-0.0156751235157251
1721665072726777600,58.85877758789063,-0.0238351952262222,0.0014918459929525,0.0081242697447538
1721665072736821800,58.86882177734375,-0.0066780164591968,0.0400128614366054,-0.029349428603053
1721665072746865700,58.87886572265625,-0.0034657033491879,0.0798117878615856,0.0072223524689674
1721665072756909600,58.88890966796875,-0.0270836756281554,0.1041071479454636,0.0950426747411489
1721665072766953700,58.89895361328125,-0.0180853264626115,0.1056575922578573,0.0156610949903726
1721665072776996600,58.90899658203125,0.0218763893086463,0.0807135590068996,-0.1324532447248697
1721665072787040800,58.919040771484376,0.036807635654509,0.0311029942721128,-0.1766582971543073
1721665072797084700,58.92908471679687,0.0363739204123616,0.0060917410038411,-0.0348532867163419
1721665072807128600,58.939128662109376,0.0298145618967711,-0.0057275838665664,0.0565232667326927
1721665072817172500,58.94917236328125,0.0386197265777736,-0.0064871700622141,0.0022001403927803
1721665072827216600,58.959216552734375,0.0427858332812786,0.0097721830822527,-0.0568348168998956
1721665072837260800,58.9692607421875,0.0246188929498195,0.0308320683762431,-0.0472772994816303
1721665072847304700,58.9793046875,0.0170160167306661,0.0555161355167627,-0.0330301629424095
1721665072857348600,58.9893486328125,0.0039157121390104,0.0766211751267313,-0.016992051333189
1721665072867392500,58.999392578125,0.0023215748153626,0.0885381151527166,-0.0188438166797161
1721665072877436700,59.00943676757812,-0.0024891134019941,0.0902038564078509,-0.0200765733450651
1721665072887480800,59.01948071289063,0.0046130467534065,0.0793562991790473,-0.0175239662528038
1721665072897524500,59.0295244140625,0.0151622055575251,0.0543149430334568,-0.0280260710448026
1721665072907568600,59.039568603515626,0.0153320822317153,0.0200434017278254,-0.0333124870151281
1721665072917612500,59.04961254882812,0.0198819275557994,-0.0051074061416089,-0.0270335528761148
1721665072927656700,59.05965673828125,0.0148188720125704,-0.0211180452220141,-0.0469505517452955
1721665072937700900,59.06970092773437,0.0085656568367034,-0.0406644572131335,-0.0576268440604209
1721665072947744500,59.07974462890625,0.0083425886705517,-0.0471110030040144,-0.0465869791299104
1721665072957788700,59.08978857421875,0.0081716890830546,-0.0459234006546437,-0.0369523048222064
1721665072967832600,59.09983251953125,0.0130368109013885,-0.0610911591701209,-0.0436474185466766
1721665072977876700,59.10987670898437,-0.0002672726340591,-0.0596976589851081,-0.0501455483943223
1721665072987920600,59.11992065429688,-0.0158279759898781,-0.0695535748280584,-0.0465776267796754
1721665072997964500,59.12996459960937,-0.0306187909517437,-0.0651600160442292,-0.0485696773797273
1721665073008008700,59.1400087890625,-0.0286010213885456,-0.0664829352110624,-0.047102527436614
1721665073018052600,59.15005249023437,-0.0332100495539605,-0.0627665450364351,-0.0507891069948673
1721665073028096800,59.1600966796875,-0.0216307439845055,-0.0428239733345806,-0.0596598111927509
1721665073038140400,59.17014038085937,-0.0061181175541132,-0.0268247324310243,-0.0649666854292154
1721665073048184600,59.1801845703125,-0.0036346301753073,-0.0152551445379853,-0.0442442153960466
1721665073058228700,59.19022875976562,-0.0016795505847781,0.0077225570760667,-0.0287701674103736
1721665073068272600,59.20027270507813,-0.0040757250063121,0.0285560862682759,-0.0087912092208862
1721665073078316800,59.21031689453125,-0.0040145694036036,0.048768853213638,-0.0146498721212148
1721665073088360400,59.2203603515625,0.0080182520870119,0.0617984306566417,-0.0254383926391601
1721665073098404600,59.23040454101562,0.0027721681270748,0.0759219408161938,-0.0198708216398954
1721665073108448800,59.24044873046875,-0.0132953887723386,0.0753651837162673,-0.0207277307301759
1721665073118492700,59.25049267578125,-0.0101525607019662,0.0764975487470626,-0.0086631989270448
1721665073128536600,59.26053662109375,-0.0199087424974888,0.0715538087345659,-0.0108253453969955
1721665073138580500,59.27058056640625,-0.022539967783913,0.0566695433355867,-0.0096714991867542
1721665073148624600,59.28062475585938,-0.0218720053944736,0.0511500492617487,-0.0115425537556409
1721665073158668500,59.29066845703125,-0.0203596280701458,0.0278309868641197,-0.0153963065743446
1721665073168712700,59.30071264648438,-0.0190949418965727,0.0054256783105432,-0.0140776251912116
1721665073178756600,59.31075659179688,-0.0252886089049279,0.0005305997453629,-0.0226554839223623
1721665073188800500,59.32080053710938,-0.0144919781457632,-0.0111992932759225,-0.0479506686985492
1721665073198844700,59.3308447265625,-0.0150764269702136,-0.0131926590502262,-0.0287947173297405
1721665073208888600,59.340888671875,-0.0133041566006839,-0.0126801794834434,-0.0129237789809703
1721665073218932700,59.3509326171875,-0.0030651597242802,0.0013971534468233,-0.035021044498682
1721665073228976600,59.3609765625,0.0122013099253177,0.0071229837477207,-0.0500736522018909
1721665073239020500,59.3710205078125,0.0212846339605748,0.0060647068664431,-0.0614390958249568
1721665073249064700,59.38106469726562,0.0355471141993999,-0.0153955759219825,-0.0518704724907875
1721665073259108600,59.391108642578125,0.021765403214842,-0.0221758837118744,-0.0859118583023548
1721665073269152800,59.40115283203125,0.0228441383622586,-0.0245198164895176,-0.0779237821578979
1721665073279196700,59.41119677734375,0.0016532470997422,-0.0343329161040484,-0.0364344184279441
1721665073289239600,59.42123950195312,-0.0143495009351521,-0.0377786726437509,-0.0941086087614297
1721665073299283700,59.43128369140625,-0.0080414137668907,-0.0260705530628561,-0.1320984399378299
1721665073309327600,59.44132763671875,-0.0066476213209331,-0.0220855750799179,-0.100395141685009
1721665073319371800,59.45137182617187,0.0236347772832959,-0.0453331796765327,0.0846779325932264
1721665073329415700,59.461415771484376,0.0858249837365001,-0.0338046544462442,0.117926122200489
1721665073339459600,59.47145947265625,0.1011209717415273,-0.0313601839035749,-0.0222726220846176
1721665073349503500,59.48150341796875,0.0667221507944166,-0.0238547767095267,-0.1497609378784895
1721665073359547600,59.49154760742187,0.016163418489322,-0.0343495749779045,-0.2159650561481714
1721665073369591800,59.501591796875,-0.0058332361981272,-0.0421250312849879,-0.1472510008841752
1721665073379635500,59.51163549804688,-0.0178348588328808,-0.0402042923554778,-0.0145937580198049
1721665073389679600,59.5216796875,-0.0228878313735127,-0.0078789166815578,0.0679968469053506
1721665073399723500,59.5317236328125,0.008229702880606,0.0283249078609049,0.0502577765971422
1721665073409768400,59.5417685546875,0.031122137364,0.0690118691667914,0.0132931968152523
1721665073419812400,59.551812255859375,0.0259122937612235,0.1012330538138747,0.0151700966030359
1721665073429856300,59.56185620117188,-0.0064558250758796,0.1337017834812402,0.0268920985788106
1721665073439900400,59.571900390625,-0.046230566907674,0.1592436364948749,0.0135685066252946
1721665073449944300,59.5819443359375,-0.057617857036367,0.1765612665206193,-0.0051402854979038
1721665073459988500,59.59198852539063,-0.0370824340078979,0.1724374645888805,-0.0349953255355358
1721665073470032400,59.60203247070312,-0.0176789376188069,0.1375876850038767,-0.0568248800277709
1721665073480076300,59.612076171875,-0.0113340255714952,0.0797656106323003,-0.0427969391971826
1721665073490120400,59.62212036132812,-0.010327844203636,0.0187291042588651,-0.0153314246445894
1721665073500164400,59.63216430664063,-0.0077148121610283,-0.0471110030040144,-0.0100415015429258
1721665073510208300,59.64220825195312,-0.0157800451949238,-0.0786319304272532,-0.0264946236938238
1721665073520252200,59.652252197265625,-0.0155242438029497,-0.1049722403421997,-0.0377086761474609
1721665073530296300,59.66229638671875,-0.0189238961786031,-0.1269715984433889,-0.0467968224883079
1721665073540340500,59.67234057617188,-0.0067705170482397,-0.1529527196571231,-0.0367108972817659
1721665073550384400,59.68238427734375,-0.0014482991121709,-0.1557243763275444,-0.0358896440267562
1721665073560428300,59.69242822265625,0.0009400573290884,-0.1462814251996576,-0.0321422741919755
1721665073570472200,59.70247216796875,0.0025481501128524,-0.1247866556197404,-0.0402209512293338
1721665073580516400,59.71251635742188,-0.0109659229114651,-0.0830583685673773,-0.0351110608696937
1721665073590560500,59.722560546875,-0.0218948017481714,-0.0377137907139956,-0.0050432548642158
1721665073600604400,59.7326044921875,-0.0214483000896871,-0.001864917089045,0.0118938514113426
1721665073610648300,59.7426484375,-0.0156263159379363,0.0451496398031711,-0.0264484464645385
1721665073620692200,59.75269213867188,-0.0131618985857814,0.0766359343044459,-0.0170937581419944
1721665073630736400,59.762736328125,-0.0317075360365212,0.1021628820098936,0.0971481225878
1721665073640780500,59.77278051757813,-0.0234016991797834,0.1145570841588079,0.0312754282295703
1721665073650824200,59.78282421875,0.0049235009420663,0.0768061763048171,-0.1535012934505939
1721665073660868400,59.79286840820313,0.0330769977588206,0.0401734588257968,-0.1926256816148757
1721665073670912300,59.80291235351562,0.0260305133134126,0.0017994506374001,-0.0270218624383211
1721665073680956400,59.81295629882813,0.029958354281634,-0.0064209729582071,0.0582908609271049
1721665073691000300,59.82300024414062,0.0393889573846012,-0.0115638888046145,-0.0043640404284
1721665073701044200,59.833044189453126,0.040259821934998,0.0179778475001454,-0.0650181233555078
1721665073711088400,59.84308837890625,0.0308238850697875,0.0459451740950346,-0.0581926612496376
1721665073721131300,59.85313134765625,0.0187296887807548,0.0721387690156698,-0.0185199915528297
1721665073731175400,59.86317553710938,0.008615779588744,0.0860268629841506,-0.0054413142710924
1721665073741219300,59.87321923828125,0.0090858082532882,0.1024764780037105,-0.0105640641123056
1721665073751263500,59.88326342773438,0.0118438017245382,0.1078344979055225,-0.0137403560608625
1721665073761307100,59.89330712890625,0.0026933307372033,0.0949869990311563,-0.0055529579520225
1721665073771351300,59.90335131835938,0.0207492119096219,0.0602111614651977,-0.0160854578822851
1721665073781395500,59.9133955078125,0.0291057560402899,0.0333082492314279,-0.0255693255424499
1721665073791439400,59.923439453125,0.0252632552679628,0.002961480154097,-0.0342652576953172
1721665073801483500,59.9334833984375,0.0184781982377171,-0.018003712593764,-0.0482528665155172
1721665073811527200,59.943527099609376,0.0157955350250005,-0.0425391650438308,-0.0498112018734216
1721665073821571300,59.9535712890625,0.005796776645258,-0.0595636573418974,-0.0362654916018247
1721665073831615500,59.96361547851563,0.0077509794529527,-0.0687144936554133,-0.0254641116023063
1721665073841659400,59.97365942382813,0.0129324006788432,-0.0743071990959346,-0.031930677267909
1721665073851703300,59.98370336914063,-0.0014702917482703,-0.0793748577490448,-0.0384790759980678
1721665073861747200,59.99374731445312,-0.0063043608412146,-0.0854839882791042,-0.0305664031773805
1721665073871791400,60.00379125976563,-0.0189371940515935,-0.0810159029543399,-0.0359895972698926
1721665073881835300,60.01383520507813,-0.0303256532240659,-0.0801153008528053,-0.0378115520000457
1721665073891879400,60.02387939453125,-0.0270571529474109,-0.0728911948181688,-0.0422819754123687
1721665073901923300,60.03392333984375,-0.0259186504367738,-0.048573038380593,-0.041889761224389
1721665073911967200,60.04396728515625,-0.0107744189273566,-0.0303057064145803,-0.0447498268306255
1721665073922011400,60.054011474609375,-0.0052193420834839,-0.007613836004585,-0.0428331795543432
1721665073932055300,60.06405517578125,-0.0053810354512184,0.0038357787705957,-0.0330015213698148
1721665073942099500,60.074099365234375,-0.0092554657317698,0.0192428989998996,-0.0273293209522962
1721665073952143400,60.08414331054688,-0.0143280928209424,0.0382929057762026,-0.0122217681914567
1721665073962187300,60.094187255859374,-0.0096639004021883,0.059536477074027,-0.01952653824687
1721665073972231400,60.1042314453125,-0.0063416241116821,0.0678187138594687,-0.007827332624793
1721665073982275300,60.114275390625,-0.0128863695800304,0.0814408503681421,-0.0134685533821582
1721665073992319200,60.1243193359375,-0.0189807409323751,0.0847149036027491,-0.0171837745130062
1721665074002363400,60.13436328125,-0.0154688603539019,0.0694064214423298,-0.0211439103156328
1721665074012407300,60.1444072265625,-0.0160972944505512,0.0684857994660735,-0.0128483756572008
1721665074022451500,60.154451416015625,-0.0243230518084019,0.0522132945790886,-0.0057686465293169
1721665074032495400,60.16449536132812,-0.0198053551882505,0.0383699165351688,-0.0188987617373466
1721665074042539300,60.17453930664063,-0.012953808793053,0.0235448339775204,-0.01754968521595
1721665074052583400,60.18458349609375,-0.0245399824947118,0.0212349495999515,-0.0315156667262315
1721665074062627300,60.19462744140625,-0.0251490543037652,0.0008123392961919,-0.0275192905664443
1721665074072671500,60.20467138671875,-0.0249274474423378,-0.0053796472117304,-0.0074678516626358
1721665074082715400,60.21471533203125,-0.0204133310187608,0.0006646013885736,-0.0053355158090591
1721665074092759300,60.22475927734375,0.0057722267258912,0.0090736794240772,-0.0377548533767461
1721665074102803200,60.23480322265625,0.0155970898434519,0.0061326575361192,-0.0405254871338605
1721665074112847400,60.24484741210937,0.0218411718647927,-0.0028879765264689,-0.0363262818783521
1721665074122891500,60.2548916015625,0.0228429693184793,-0.0210341663308441,-0.0530997220247983
1721665074132934400,60.26493432617188,0.0230398801300674,-0.0218200560115277,-0.0723100339293479
1721665074142978300,60.27497827148437,0.0132914432495832,-0.0298676072582602,-0.0698421825110912
1721665074153022200,60.28502221679688,-0.0143268507119268,-0.0381331851698458,-0.0385416198402643
1721665074163066400,60.29506640625,-0.0146532331220805,-0.0318852306909859,-0.1135661734253168
1721665074173110300,60.3051103515625,-0.0133406161535531,-0.0239601367801427,-0.104691962096095
1721665074183154400,60.31515454101562,0.0016903642397373,-0.034745880819112,-0.0266390006005764
1721665074193198300,60.3251982421875,0.0472423742987215,-0.041708851699531,0.1449883166491985
1721665074203242200,60.3352421875,0.0943790962658822,-0.0216862004987895,0.062647302570939
1721665074213286400,60.345286376953126,0.1021220385428518,-0.0291786020807921,-0.0738297908425331
1721665074223330300,60.35533032226562,0.0536844631101936,-0.0346257615707814,-0.1998497876495122
1721665074233374500,60.36537451171875,0.0187098150365054,-0.0512564322456717,-0.2274883206814527
1721665074243418400,60.37541845703125,-0.0173768859323114,-0.0537403580158948,-0.0994394483953714
1721665074253462300,60.385462158203126,-0.0224726016361266,-0.0326414558857679,0.0249836346089839
1721665074263506400,60.39550634765625,-0.0103018329795449,-0.0112264735437929,0.0714344201385974
1721665074273550300,60.40555029296875,0.0251033154658973,0.0329851547569036,0.0484796610087156
1721665074283594500,60.415594482421874,0.0405697646670043,0.0690587770484387,0.0116454296082258
1721665074293638100,60.42563818359375,0.0204271403484046,0.115915659160912,0.0122848965555429
1721665074303682300,60.43568237304687,-0.0212182176608592,0.1462158126175403,0.0271691619545221
1721665074313726500,60.4457265625,-0.0544039364911615,0.1721216766379773,0.0301028773188591
1721665074323770400,60.45577026367187,-0.0469058358207345,0.1898505178131163,-0.0216711490601301
1721665074333814300,60.465814208984376,-0.0324191914372146,0.176735454043746,-0.0377361486762762
1721665074343858200,60.47585815429687,-0.0174153182465583,0.1392174781627953,-0.0396194782048463
1721665074353902300,60.48590234375,-0.001520779826492,0.0618866934619843,-0.0198719906836748
1721665074363946500,60.49594653320312,0.002971855417639,0.0145598557502031,-0.0092588267326354
1721665074373990400,60.50599047851563,-0.0045306291669607,-0.0406193028971552,-0.0126069681167602
1721665074384034300,60.51603442382813,-0.0149568191785365,-0.0856776111550629,-0.0428980614840984
1721665074394078200,60.526078125,-0.0121651426333934,-0.1099484213195741,-0.0403361020416021
1721665074404122400,60.53612231445312,-0.010710121519491,-0.1305766371980309,-0.0321831907242536
1721665074414169600,60.546169677734376,-0.0087595719736069,-0.1390653563410043,-0.0216331551373004
1721665074424213500,60.55621362304687,-0.0087319533143192,-0.1372128603421151,-0.0283902281820774
1721665074434257400,60.56625732421875,-0.001967866006866,-0.1291970194078981,-0.0457733246594667
1721665074444301300,60.57630126953125,-0.011417466071248,-0.0926348829470574,-0.0518196190863847
1721665074454345500,60.586345458984376,-0.0095019878387451,-0.0601186608761548,-0.0341442616641521
1721665074464389600,60.5963896484375,-0.0237285199813544,-0.0324018019109964,-0.011074351722002
1721665074474433500,60.60643359375,-0.0261101544208824,0.0062497080445289,-0.0134217916309833
1721665074484477400,60.6164775390625,-0.0146196231134235,0.0427276733532547,-0.0565641832649707
1721665074494521300,60.626521240234375,-0.022332389447838,0.07222688569054,0.0616781652778387
1721665074504564500,60.636564453125,-0.0458685286622494,0.0973632266432046,0.0992430490404367
1721665074514608400,60.6466083984375,-0.027385727314651,0.0741083155229687,-0.0567921468019485
1721665074524652500,60.65665258789063,0.0106905400361865,0.0458342610664665,-0.2020189483821391
1721665074534696700,60.66669677734375,0.026137407753989,0.0048262511126697,-0.1082481932729482
1721665074544740400,60.676740234375,0.0097229371130466,-0.0156076112374663,0.0396346757739782
1721665074554784500,60.68678442382812,0.0193631643787026,-0.0164481537148356,0.0405155502617359
1721665074564828400,60.69682836914063,0.0380745137851685,-0.0046716450728476,-0.0293535202562808
1721665074574872600,60.70687255859375,0.0347005073074251,0.0193465055048465,-0.0631365473926067
1721665074584916500,60.71691650390625,0.0186644415248185,0.0589845422796905,-0.0360410351961851
1721665074594960400,60.72696044921875,0.0169736388936638,0.0765016404002904,-0.010419687205553
1721665074605004500,60.73700463867188,0.0058607087269425,0.1116935114212334,-0.0064466919213533
1721665074615048400,60.74704833984375,0.0035469518918544,0.1210036299496889,0.0030845220118761
1721665074625092600,60.75709252929688,0.0027933570455759,0.1090332061707973,0.0038046529799699
1721665074635136300,60.76713623046875,0.0109595662359148,0.0985582816466689,0.0042272623062133
1721665074645180400,60.77718041992188,0.0153239719904959,0.0629801877871155,-0.0137958856403827
1721665074655224600,60.787224609375,0.0224926215108484,0.0291879544310271,-0.0194131410002708
1721665074665268500,60.7972685546875,0.0270990923929959,0.007473843012005,-0.028290274938941
1721665074675312600,60.807312744140624,0.0138417706087231,-0.0270531343594193,-0.0536626166045665
1721665074685356300,60.81735620117188,0.0196558637149631,-0.0364803033962845,-0.0486006570398807
1721665074695400400,60.827400390625,0.0137085726831108,-0.047560354206711,-0.0387777666836977
1721665074705444600,60.83744458007813,0.0160041362743824,-0.065523150268197,-0.0315606749117374
1721665074715488500,60.847488525390624,0.014683555195108,-0.0663163464725017,-0.038788288077712
1721665074725532400,60.85753247070313,0.0032115093924105,-0.0733709411591291,-0.0442933152347803
1721665074735576300,60.86757641601562,-0.0080411215059459,-0.082675652860105,-0.0419008671402931
1721665074745620500,60.87762036132813,-0.0186575003273785,-0.078750734501332,-0.0336655382364988
1721665074755664400,60.88766430664062,-0.0217510824285447,-0.069061991918832,-0.0522229391902685
1721665074765708500,60.89770849609375,-0.0125883364815264,-0.0627143764577806,-0.0470902524769306
1721665074775752400,60.90775244140625,-0.0071592241048812,-0.0467469919972121,-0.0570072508573532
1721665074785796400,60.91779638671875,-0.0069935852143913,-0.0335027488902211,-0.0538975944042205
1721665074795840500,60.927840576171874,-0.0072209642294794,-0.0157651398867368,-0.0429991837710142
1721665074805884400,60.93788452148438,-0.0098830230455845,0.004548749345541,-0.0243593652307987
1721665074815928600,60.94792846679688,-0.0031816987760365,0.0256742472216486,-0.0133475573509931
1721665074825972500,60.95797241210938,-0.0102888273674994,0.0437318819597363,-0.0107318218946456
1721665074836016400,60.968016357421874,-0.0016808657590299,0.051919864590466,-0.0085007018417119
1721665074846059500,60.9780595703125,-0.0100047497291117,0.0673150021210312,-0.0122457335889339
1721665074856103400,60.988103515625,-0.0180097039431333,0.081475483290106,-0.0093792382419109
1721665074866147600,60.998147705078125,-0.0166691029891371,0.0868469471953809,-0.0003963058412075
1721665074876191500,61.00819140625,-0.0218955324005335,0.0842503548309206,-0.0139899469077587
1721665074886235400,61.0182353515625,-0.0346475350111722,0.0729508160509169,-0.0059714756250381
1721665074896279600,61.02827954101563,-0.0313022431712597,0.0558219865955412,-0.0058329439371824
1721665074906323500,61.038323486328125,-0.0350563350077718,0.0372425199404358,-0.0166582893341779
1721665074916367600,61.04836767578125,-0.022145926965028,0.0268165491245686,-0.010173603489995
1721665074926411300,61.05841137695312,-0.0144407594151794,0.0088217504896223,-0.0251689280480146
1721665074936455400,61.06845532226563,-0.0153523213021457,-0.0082296298153698,-0.046466567620635
1721665074946499300,61.07849926757813,-0.0106773882936686,-0.0182180859968066,-0.0318237097620964
1721665074956543500,61.08854345703125,-0.00791223442927,-0.0149025317080318,-0.0038444004684686
1721665074966587600,61.098587646484376,-0.0094748806361109,-0.0055246086403727,-0.0177273798704147
1721665074976631300,61.10863134765625,0.0086845339760184,-0.0037083529986441,-0.0437403575271368
1721665074986675500,61.118675537109375,0.0105988431647419,-0.0144580028109252,-0.0483726935029029
1721665074996719400,61.12871923828125,0.0158970957033336,-0.0247293675869703,-0.0433195017665624
1721665075006763500,61.138763427734375,0.0270527690332382,-0.0275203134797513,-0.0568348168998956
1721665075016807700,61.1488076171875,0.0183028416708111,-0.0298356046847999,-0.0682493603616952
1721665075026851300,61.158851318359375,0.0006465542752295,-0.0384660703860223,-0.0465367102473974
1721665075036895500,61.1688955078125,-0.0080654522296041,-0.0346129020892083,-0.049040217500925
1721665075046939400,61.178939453125,-0.0131304805342108,-0.0239246270753443,-0.115324415269494
1721665075056983600,61.18898364257812,-0.0090999098438769,-0.0220430511124432,-0.1145236202806234
1721665075067027500,61.19902734375,0.006307283450663,-0.0336785438485443,-0.0015051438659429
1721665075077071400,61.2090712890625,0.0471955394823104,-0.0452617218755185,0.1436041688144207
1721665075087115500,61.219115478515626,0.0968256857004016,-0.0287878491975367,0.0463671988993883
1721665075097159400,61.22915942382812,0.0887789381712675,-0.0289788417249917,-0.0874737007915973
1721665075107203600,61.23920361328125,0.0435106404244899,-0.0401322500325739,-0.2236135250747203
1721665075117247500,61.24924755859375,-0.0061140989661216,-0.0498000959575176,-0.1927776573061942
1721665075127291400,61.25929150390625,-0.02881188766025,-0.0508529660113155,-0.0566132831037044
1721665075137335600,61.26933544921875,-0.0328493264827877,-0.0244843067847192,0.0617108985036611
1721665075147378400,61.27937841796875,-0.0099731124818325,0.0133165776908397,0.0901543181777
1721665075157422600,61.28942260742188,0.0311814663358032,0.0536469806440174,0.0434469275385141
1721665075167466500,61.29946655273437,0.0456019866805523,0.104186642922461,0.0158265146851539
1721665075177510400,61.30951049804688,0.0160360657826066,0.1323359019555151,0.0317915610581636
1721665075187554300,61.31955419921875,-0.0281605841446667,0.1632321216091513,0.0311415727168321
1721665075197598500,61.32959838867188,-0.048983738073334,0.1873176383346319,0.0195727154761552
1721665075207642600,61.339642578125,-0.0420855029921978,0.1893150957621633,-0.0272200153589248
1721665075217686500,61.3496865234375,-0.0155696173146367,0.1755376225613057,-0.0445487513005733
1721665075227730400,61.35973046875,-0.0026421850718557,0.1236162966661155,-0.0393874230146408
1721665075237774300,61.3697744140625,0.0091892686277627,0.0528958700157701,-0.0157066876977682
1721665075247818500,61.37981860351562,-0.0059152153931558,-0.0217024209812283,-0.0168190328538417
1721665075257862700,61.38986254882813,-0.010925663966313,-0.0723700935535132,-0.0122457335889339
1721665075267906300,61.39990625,-0.0147666303686797,-0.1001765304982662,-0.0303004457175731
1721665075277950500,61.40995043945313,-0.0220786338824778,-0.1343406659066677,-0.0406593426465988
1721665075287994400,61.41999438476562,-0.0184027218487113,-0.1374284027889371,-0.0321048647910356
1721665075298038500,61.43003857421875,-0.0114336134884506,-0.1500451616473496,-0.0310357742547988
1721665075308082700,61.440082763671874,-0.0064914809111505,-0.1486674435533583,-0.0343336467564105
1721665075318126300,61.450126220703126,-0.0113327834624797,-0.1157161910660564,-0.0508294390052556
1721665075328170500,61.46017041015625,-0.0132742729190737,-0.0875472044192254,-0.0511480034351348
1721665075338214400,61.47021435546875,-0.0238543383181095,-0.0550080398641526,-0.028838556471467
1721665075348258600,61.480258544921874,-0.02170161726363,-0.0154490596748888,-0.0088759648948907
1721665075358302500,61.49030249023438,-0.0297363090287894,0.020197861637175,-0.0244353530764579
1721665075368346400,61.50034643554688,-0.0214967423412948,0.0606156506128609,-0.0416471846401691
1721665075378390500,61.510390625,-0.035524975432828,0.0912554112873971,0.0855991390913724
1721665075388434400,61.52043432617187,-0.0542411471448838,0.0950656172253191,0.0682949530690908
1721665075398478600,61.530478515625,-0.0194384215719997,0.0787213622763752,-0.0818330645561218
1721665075408519700,61.54051977539063,0.0102430154643952,0.037133068216592,-0.1832224779754876
1721665075418562600,61.5505625,0.0142385148413479,0.0038470308169722,-0.0463888262093067
1721665075428606700,61.56060668945312,0.0213832720294594,-0.0166321319796144,0.0743459236711263
1721665075438650600,61.57065063476563,0.016788272389397,-0.0085445409834384,0.0290033916443586
1721665075448694800,61.58069482421875,0.0227578483182936,0.0158498955607414,-0.0364162982493639
1721665075458738700,61.59073876953125,0.0231857183415442,0.0371035498611629,-0.0383943203240633
1721665075468782600,61.60078247070312,0.0159949300546199,0.0624567484349012,-0.0262327578872442
1721665075478826800,61.61082666015625,0.0127193424500524,0.0893352568797767,-0.0050572833895683
1721665075488870700,61.62087060546875,0.0029393413875252,0.1005225674569606,-0.0040314474731683
1721665075498914800,61.63091479492188,-0.0022596885602921,0.1031140452548861,0.0113426472693681
1721665075508958700,61.640958740234375,0.0058627545535564,0.1019368181690573,0.0059200376987457
1721665075519002600,61.65100268554688,0.0165915077082812,0.0709945674166083,0.0045236149042844
1721665075529046800,61.661046875,0.0247276140213012,0.0432845765836536,-0.0081271923542022
1721665075539090700,61.67109057617188,0.0306016936864703,0.0192683257021009,-0.0195732999980449
1721665075549134800,61.681134765625,0.0235955412514507,-0.0061843877233564,-0.0408148254692554
1721665075559178800,61.6911787109375,0.0122395961090922,-0.0267142577938735,-0.0482446832090616
1721665075569222700,61.70122265625,0.0111191407117992,-0.0447692621834576,-0.0427864178031682
1721665075579266800,61.71126684570312,0.0184007490873336,-0.0506285096056759,-0.0370306307554244
1721665075589310700,61.721310791015625,0.014809373531863,-0.0567716885358095,-0.0286374809414148
1721665075599354600,61.73135473632812,0.0132383978880941,-0.0706358171068131,-0.0330091201543807
1721665075609398500,61.7413984375,0.0028987901814281,-0.0730143828064203,-0.0361205301731824
1721665075619442700,61.75144262695313,-0.0084353084553033,-0.074644906617701,-0.0397539182394742
1721665075629486800,61.76148681640625,-0.0250412100151181,-0.0703135994151234,-0.0381254402548074
1721665075639530800,61.77153076171875,-0.0300694134406745,-0.064642860302329,-0.0427601143181324
1721665075649574700,61.78157470703125,-0.0354898310542106,-0.0588372427634894,-0.0537853662014007
1721665075659618600,61.79161865234375,-0.0123727940347045,-0.0370601491108536,-0.0502671289473772
1721665075669662700,61.80166284179688,-0.0072713061772286,-0.0168701785191893,-0.0426888026475906
1721665075679705600,61.81170556640625,-0.0024135639477521,0.0086922788910567,-0.0335796135187149
1721665075689749800,61.82174975585937,0.0021839929755777,0.0233801449351012,-0.0224199216008186
1721665075699794000,61.8317939453125,-0.0031781916446983,0.0361857043638825,-0.0194569801419973
1721665075709837600,61.84183764648437,-0.0022214754417538,0.0486707996666431,-0.031117607319355
1721665075719881700,61.8518818359375,-0.0081359601825475,0.0625764292918145,-0.0203197344511747
1721665075729925600,61.86192553710937,-0.0207464354306459,0.0649269379407167,-0.0079956749290227
1721665075739969800,61.8719697265625,-0.0188115218453109,0.0750811060778796,-0.013079261803627
1721665075750014000,61.88201391601562,-0.0202134245324879,0.0706936847738921,-0.0079798928380012
1721665075760057600,61.8920576171875,-0.028665976383537,0.0713514180302619,-0.0026057985842227
1721665075770101800,61.90210180664062,-0.0352354179017245,0.0592925853155553,0.0073766662478446
1721665075780145700,61.912145751953126,-0.0383493852037936,0.0463284743241965,0.000647065731883
1721665075790189800,61.92218994140625,-0.0232430745519697,0.0351573842294514,0.0064829322785139
1721665075800233700,61.932233642578126,-0.0175651019807904,0.0101814945355057,-0.0146142162859439
1721665075810277600,61.94227758789062,-0.0147976830940693,-0.001961947722733,-0.0205184718936681
1721665075820321800,61.95232177734375,-0.0044091216791421,-0.0085243749782443,-0.030582185268402
1721665075830365700,61.96236572265625,-0.001007496542111,-0.0223173380091786,-0.0437900418877601
1721665075840409900,61.97240991210938,-0.0024560879152268,-0.0246105635128915,-0.0299918181598186
1721665075850453500,61.98245361328125,-0.0092625530596822,-0.0243815770626068,-0.0116717330932617
1721665075860497700,61.99249755859375,-0.0112703857507556,-0.0198718445532023,-0.0174362879693508
1721665075870541800,62.00254174804687,-0.0023792963519692,-0.0149713591605424,-0.0283428819090127
1721665075880585700,62.01258569335938,0.0131116297032684,-0.0018868366599082,-0.0207739079594612
1721665075890630000,62.0226298828125,0.0262565771542489,-0.0122356505863368,-0.0322907427519559
1721665075900673500,62.032673583984376,0.0273801012914627,-0.0153676650017499,-0.0415840562760829
1721665075910717700,62.0427177734375,0.0198347274132072,-0.0322093480788171,-0.043335283857584
1721665075920760600,62.05276049804687,0.0020655542276799,-0.0249655144304037,-0.0263859026223421
1721665075930804700,62.0628046875,-0.0130833534568548,-0.0224696059614419,-0.0557493597507476
1721665075940849000,62.07284887695312,-0.0157154555261135,-0.0137336340591311,-0.1370814890474081
1721665075950892800,62.08289282226563,-0.0241639887891709,-0.0009065934509038,-0.1105821891784668
1721665075960936700,62.09293676757813,0.0068972121678292,-0.018805676626414,0.0640951632916927
1721665075970980600,62.10298071289063,0.0588209492158144,-0.0299568929769098,0.1743991200506687
1721665075981024800,62.11302465820312,0.1032313880242407,-0.0169642865434288,0.0072831427454948
1721665075991068700,62.12306860351563,0.0907690160099417,-0.0344097807325422,-0.130076578721404
1721665076001112600,62.13311254882812,0.043766441816464,-0.0437017790824174,-0.214350606688857
1721665076011156700,62.14315673828125,-7.75222156196e-05,-0.0432375225715339,-0.1664537140041589
1721665076021200600,62.15320068359375,-0.0176165399070829,-0.04026537489295,-0.0550982023656368
1721665076031244800,62.16324487304688,-0.0209356743924319,-0.0211279820941388,0.0407037663102149
1721665076041288700,62.173288818359374,-0.0094213238179683,0.0308104410663247,0.067067457100749
1721665076051332600,62.18333251953125,0.0223323163826018,0.0797372613206505,0.0493085130482912
1721665076061376800,62.19337670898437,0.0340071912810206,0.1263771396815776,0.0242839619070291
1721665076071420700,62.20342065429688,0.0047970250181853,0.1563658891014754,0.0192050512075424
1721665076081464800,62.21346484375,-0.019534867683798,0.1899764822803437,0.0188806415587663
1721665076091508700,62.2235087890625,-0.0380354969490319,0.1948646927133202,-0.0029231939703226
1721665076101552600,62.233552734375,-0.0312537278544157,0.1719603485964238,-0.0346598099708557
1721665076111596800,62.2435966796875,-0.0164078217044472,0.127628747177869,-0.0325911870032548
1721665076121640700,62.253640625,-0.0136068658743053,0.0643501609660685,-0.0155026895582675
1721665076131684900,62.26368481445313,-0.0113408937036991,-0.0011149755045771,-0.0034217911422252
1721665076141728500,62.273728515625,-0.0147585931926965,-0.0495515280239284,0.0022889877200126
1721665076151772000,62.28377197265625,-0.0173129538506269,-0.0936006592392921,-0.02090659442842
1721665076161815600,62.29381567382813,-0.021820494402945,-0.1108858483001589,-0.0182826756656169
1721665076171859700,62.303859619140624,-0.0240945768147707,-0.1362166889116167,0.0007481880187988
1721665076181903600,62.31390356445313,-0.0164615977182984,-0.1404999191887676,-0.0157458506643772
1721665076191947800,62.32394775390625,-0.008110825741291,-0.1346072078883647,-0.0233230079203844
1721665076201991700,62.33399169921875,0.0088541183892637,-0.1232069852128624,-0.0335538945555686
1721665076212035600,62.34403564453125,0.0081058573052287,-0.1056618300415575,-0.0358259311407804
1721665076222079700,62.35407983398437,-0.0106215664532035,-0.0778767281457781,-0.0171872816443443
1721665076232123600,62.36412353515625,-0.023808088023588,-0.0402523692809045,0.0012391864061355
1721665076242167800,62.37416772460937,-0.0224652220472693,-0.0017846914596855,0.0085585695087909
1721665076252211700,62.38421166992188,-0.0276624984294176,0.0379204192019999,-0.0508744471907615
1721665076262255600,62.39425561523438,-0.0161122728239744,0.0622149025030434,-0.0381996745347976
1721665076272299800,62.4042998046875,-0.0462062361840158,0.0883443461462855,0.1197983458131551
1721665076282343700,62.41434375,-0.0540554153144359,0.093154230646044,0.0736047499150037
1721665076292387800,62.424387939453126,-0.0129842769965529,0.0814773829862475,-0.0765296974509954
1721665076302431700,62.434431640625,0.0215153739765286,0.0574891891553997,-0.1850070233047008
1721665076312475600,62.4444755859375,0.0278396085619926,0.0174222594439983,-0.0924602570325136
1721665076322519800,62.45451977539062,0.0231903214514255,0.0037063071720302,0.0461088402241468
1721665076332563700,62.464563720703126,0.0262784967251121,0.0011547229930758,0.0423316597729921
1721665076342607600,62.47460766601562,0.0262594997636973,0.0175599143490195,-0.0225263045847415
1721665076352651800,62.48465185546875,0.0182412476766854,0.0360715764649212,-0.0393581969201564
1721665076362694700,62.494694580078125,0.010179156447947,0.0640077772691845,-0.0282300691843032
1721665076372738600,62.50473852539063,0.0118743429932743,0.0844039379574358,-0.0421568877279758
1721665076382782700,62.51478271484375,0.015884090091288,0.0947393078804016,-0.0168400756418704
1721665076392827000,62.52482690429687,0.0123613227926194,0.0962672481000423,-0.0136427409052848
1721665076402870500,62.53487060546875,0.0152071406777948,0.0772743783384561,-0.0004360533297061
1721665076412913700,62.54491357421875,0.011335340745747,0.0544065668396651,0.0001817863076925
1721665076422957300,62.55495727539063,0.0144167209524661,0.0296951733008027,0.0015378770917654
1721665076433001500,62.56500146484375,0.0141742174334824,0.0057582712657749,-0.0143207862973213
1721665076443045600,62.57504565429687,0.0158627550423145,-0.0009895955592393,-0.0129646955132484
1721665076453089500,62.585089599609375,0.0137171213157474,-0.0197856275744736,-0.0375882646381855
1721665076463133700,62.5951337890625,0.0102819592352956,-0.0460233538977801,-0.0358791226327419
1721665076473177300,62.60517724609375,0.0093722970444709,-0.0540773348852992,-0.0207265616863965
1721665076483221500,62.61522143554687,0.0187272776279598,-0.0586843902893364,-0.0297013107806444
1721665076493265400,62.625265380859375,0.0070313599415123,-0.0746983903706073,-0.0332096111625433
1721665076503309600,62.6353095703125,0.0031043226908892,-0.073327248147875,-0.0360199924081563
1721665076513353500,62.645353515625,-0.0107844288647174,-0.0724092565201222,-0.040832361125946
1721665076523397400,62.6553974609375,-0.0253285755891352,-0.068691843432188,-0.0486404045283794
1721665076533441500,62.66544165039063,-0.0164344905156642,-0.0721717945024371,-0.0435538950443267
1721665076543485400,62.6754853515625,-0.0136404758829623,-0.0585607639096677,-0.0459007504314184
1721665076553529600,62.685529541015626,-0.0044943888098001,-0.0369227864667773,-0.0168242935508489
1721665076563572500,62.695572509765626,0.0029296967763453,-0.0147789053283631,-0.0267792858541011
1721665076573616400,62.70561645507812,0.0067601417846977,0.0023852877013385,-0.0327010771185159
1721665076583660500,62.71566064453125,-0.0052964259076863,0.0125631289750337,-0.0230617266356945
1721665076593704400,62.72570434570312,1.32978729903e-05,0.0340646205566823,-0.0258259306520223
1721665076603748600,62.73574853515625,-0.0057850131422281,0.0447187010399997,-0.0204623577922582
1721665076613792500,62.74579248046875,-0.0140360510718077,0.0670567895762622,-0.0101350250452756
1721665076623836400,62.75583642578125,-0.0107497228775173,0.0761715316630899,-0.0162689977556467
1721665076633880600,62.76588061523437,-0.0181725663546472,0.07717384057343,-0.0237234054148197
1721665076643924500,62.77592456054688,-0.0170114136207848,0.0730408324219286,-0.043443420407176
1721665076653968600,62.78596875,-0.0161368227433413,0.061353901759535,-0.0100116909265518
1721665076664012500,62.79601245117188,-0.0155070734724402,0.0592497690871357,-0.0235702606797218
1721665076674056400,62.80605639648437,-0.0187602300494909,0.0420901061020791,-0.026395254972577
1721665076684100400,62.81610034179688,-0.0202022455513477,0.0276177825048565,-0.0272445652782917
1721665076694144500,62.82614453125,-0.0226616944674402,0.003936024274677,-0.0491746575355529
1721665076704188700,62.83618872070313,-0.0240828133117407,-0.0049829029791057,-0.0226098912149667
1721665076714232300,62.846232421875,-0.0376627181138843,-0.0069850365817546,-0.0044131402671337
1721665076724276500,62.8562763671875,-0.0394335271786898,-0.0114712420850992,-0.0351736047118902
1721665076734320400,62.8663203125,-0.0165032449029386,-0.0088638360656797,-0.028116671937704
1721665076744364500,62.87636450195313,-0.0101956691913306,-0.0163796185232698,0.0075765727341175
1721665076754408700,62.88640869140625,0.0057221770390868,-0.011516250270605,0.0057335752159357
1721665076764452400,62.89645239257813,0.0063434507425874,-0.0141116735912859,-0.0195581024289131
1721665076774495500,62.90649560546875,0.0058008682984858,-0.0193564423769712,-0.0520937598526477
1721665076784539400,62.91653930664062,-0.0029332039076834,-0.0190399237737059,-0.052531566748023
1721665076794583600,62.92658349609375,-0.0059952218268066,-0.0123567927479743,-0.0700374128222465
1721665076804627500,62.93662744140625,-0.0104194680098444,0.0014110358417034,-0.1605687476187944
1721665076814671600,62.94667163085938,-0.0053057051926851,-0.0130422907941043,-0.150179455551505
1721665076824715500,62.956715576171874,0.0168061003070324,-0.0370076882712543,0.0446194784492254
1721665076834759400,62.96675952148438,0.0450676606081426,-0.0422698465831577,0.2069856308788061
1721665076844803600,62.97680346679687,0.094085812407732,-0.0411740141704678,0.0189899471521377
1721665076854847500,62.98684741210938,0.0835682177856564,-0.026260084285587,-0.1159223811626434
1721665076864891600,62.9968916015625,0.0516337411254644,-0.0211193603962659,-0.1719073032349348
1721665076874935600,63.006935546875,0.0034572277817875,-0.0299168532274663,-0.183456871253252
1721665076884979500,63.0169794921875,-0.0131518155831843,-0.0234248608596622,-0.1361333945423364
1721665076895023600,63.02702368164063,-0.0327286227125674,-0.0182407362200319,-0.0358662631511688
1721665076905067500,63.03706762695312,-0.0269870103206485,0.0121771983973681,0.030990766069293
1721665076915111400,63.047111328125,0.0053098699111491,0.055846536514908,0.0610369447648525
1721665076925155300,63.0571552734375,0.0261732097197324,0.0860557968176901,0.0785369456201791
1721665076935199500,63.06719946289063,0.0175741620700806,0.1201059504576027,0.0627303046792745
1721665076945243600,63.07724365234375,-0.0045904695954173,0.1500654737830161,0.0242751940786838
1721665076955287600,63.08728759765625,-0.0241053174044936,0.1669597638301551,-0.0087526307761669
1721665076965330700,63.09733056640625,-0.0335492183804512,0.1608607163026928,-0.034935119780898
1721665076975374300,63.10737426757812,-0.0232782189305871,0.1294470486462116,-0.0376554846554994
1721665076985418500,63.11741845703125,-0.022344518277049,0.0765916567713022,-0.0216325706154108
1721665076995462400,63.12746240234375,-0.0124849491722881,0.0275664907090365,0.0094072952926158
1721665077005506600,63.13750659179688,-0.005851867833361,-0.0256491127803921,0.0152753105431795
1721665077015550700,63.14755078125,-0.0031320874806493,-0.0562508795320987,0.0109393271654844
1721665077025594400,63.15759448242188,-0.0045792906142771,-0.0792358876697719,-0.001546060398221
1721665077035638500,63.16763842773437,-0.0034247137516736,-0.0916574162170291,-0.0025520225703716
1721665077045682400,63.17768237304688,0.002082213101536,-0.0992300434283912,-0.0280143806070089
1721665077055726600,63.1877265625,0.0016859803255647,-0.10299962509498,-0.0427174442201852
1721665077065770800,63.19777075195312,0.0080989891730248,-0.1026141329087317,-0.0433341148138046
1721665077075814400,63.207814453125,0.0027490795124322,-0.0927478418022394,-0.0207879364848136
1721665077085858600,63.21785864257812,-0.0051719227451831,-0.0660164867430925,-0.0092909754365682
1721665077095902500,63.22790234375,-0.0197407655194401,-0.0375268898397684,-0.016367197433114
1721665077105946600,63.23794653320312,-0.0256402718868106,-0.0134206225872039,-0.0149397949784994
1721665077115990500,63.247990478515625,-0.0214673701163381,0.0145578099235892,-0.0269359377205371
1721665077126034400,63.25803442382813,-0.022696619650349,0.0447346292614936,-0.0794815329939127
1721665077136078600,63.26807861328125,-0.0321318989284336,0.0760422061949968,0.0601572393208742
1721665077146122500,63.27812255859375,-0.0480026911467313,0.0904413184255361,0.0975409212976694
1721665077156165600,63.28816552734375,-0.0321723770692944,0.0672824150256812,-0.0217938986569643
1721665077166209500,63.29820947265625,0.0237415255934,0.039850510481745,-0.1874550009787082
1721665077176253400,63.30825341796875,0.0391699078064411,0.0045614626966416,-0.2134451822817325
1721665077186297300,63.31829736328125,0.0205520819023251,-0.0225334649778902,-0.0641331572145223
1721665077196341500,63.32834155273437,0.0066455754943192,-0.0244524503417313,0.0394371073752641
1721665077206385700,63.3383857421875,-0.0008246142558753,-0.0043391982480883,0.0036953473865985
1721665077216429600,63.3484296875,0.0016471096199005,0.0148947867929935,-0.0296989726930856
1721665077226473500,63.35847338867188,0.0014887772530317,0.0437200453914701,-0.0016863456517457
1721665077236517400,63.36851733398437,0.0031394670695066,0.069118836672604,0.0044891281127929
1721665077246561500,63.3785615234375,0.0089773794427514,0.0784228177212178,-0.0067003744214773
1721665077256605700,63.38860571289062,-0.0022526012323796,0.073035425594449,-0.0241045136868953
1721665077266649600,63.39864965820313,-0.0005563187085092,0.0587428424783051,0.0032622166663408
1721665077276693500,63.40869360351562,-0.0016425795752555,0.0521574727386236,0.0176057993173599
1721665077286737400,63.4187373046875,0.0024084493812173,0.030835867768526,0.0153577281296253
1721665077296781600,63.42878149414062,0.0006865940246731,0.0285058173857629,0.0082750763922929
1721665077306825500,63.438825439453126,0.0120268301412463,0.0179090200476348,0.0024117373168468
1721665077316869400,63.44886938476562,0.0184581052977591,0.0028409225143492,-0.0204863231897354
1721665077326913500,63.45891357421875,0.0244902981340885,-0.010732990938425,-0.046906712603569
1721665077336956400,63.468956298828125,0.0274778625775128,-0.0223003868743777,-0.0364385100811719
1721665077347000600,63.47900048828125,0.0223955178119242,-0.0405472605742514,-0.0503974773287773
1721665077357044500,63.48904443359375,0.0164759185045957,-0.0535914510644972,-0.052913844063878
1721665077367088600,63.49908862304687,0.0104608229335397,-0.0604436550468206,-0.0421194783270359
1721665077377132300,63.50913232421875,-0.0021058862380683,-0.0578550998583436,-0.0231833071887493
1721665077387176400,63.51917651367187,-0.0180101423345506,-0.0644207419842481,-0.0252174433648586
1721665077397220600,63.529220703125,-0.0212770351760089,-0.0561801523834466,-0.0389221435904502
1721665077407264500,63.53926440429687,-0.0204820854060351,-0.049981151612848,-0.0430634811788797
1721665077417309700,63.549309814453125,-0.012799933405593,-0.0368982365474104,-0.0642857174277305
1721665077427353600,63.559353515625,-0.0023835341356694,-0.0246650701791048,-0.0628770196735858
1721665077437397800,63.56939770507813,-0.0049415480554103,-0.0012912088543176,-0.0473871895968914
1721665077447442000,63.57944189453125,-0.0069310413721948,0.0146739836491644,-0.0259036720633506
1721665077457485600,63.58948559570312,-0.0102007837578654,0.0337774741783738,-0.0310258373826742
1721665077467529700,63.59952978515625,-0.0123161684766411,0.0468589279390871,-0.0214367557823658
1721665077477573600,63.60957373046875,-0.0081887863483279,0.0561418661996722,-0.0213917475968599
1721665077487617800,63.61961767578125,-0.0080746584493666,0.0575780364826321,-0.0225444247633218
1721665077497662000,63.629661865234375,-0.0160732559878379,0.0618888854190707,-0.0200824185639619
1721665077507705600,63.63970556640625,-0.0116829851396381,0.0681352324627339,-0.0237538005530834
1721665077517749800,63.649749755859375,-0.0118658674258738,0.0480266565442085,-0.0087333415538072
1721665077527792600,63.659792724609375,-0.0075270345039665,0.0389993004798889,-0.0054027358263731
1721665077537836800,63.6698369140625,-0.0014842472083866,0.0160547704830765,-0.0089829324007034
1721665077547880700,63.67988061523437,-0.00944616599828,0.0017496201463043,-0.0266968682676553
1721665077557924900,63.6899248046875,-0.0095563483744859,-0.0084882807515561,-0.050683308532834
1721665077567968500,63.699968505859374,-0.0157271459639072,-0.0220604406386613,-0.0370867448568344
1721665077578012700,63.7100126953125,-0.0291393660489469,-0.0141290631175041,-0.0026759412109851
1721665077588056800,63.720056884765626,-0.0299497325837612,-0.0116883919671177,0.0067506433039903
1721665077598100700,63.73010083007812,-0.0163640556279569,0.0008202303417026,-0.0204278710007667
1721665077608144600,63.74014453125,-0.007507453020662,-0.0010439560949802,-0.0207347449928522
1721665077618188500,63.7501884765625,0.0066201487921178,0.0037046997368335,-0.0061380643635988
1721665077628232700,63.760232666015625,0.0058738604694604,0.0102466687262058,-0.0039957916378974
1721665077638276900,63.77027685546875,-6.11556027084e-05,0.0158650931298732,-0.0347621013015508
1721665077648320800,63.78032080078125,-0.0075887746285647,0.0166746559470891,-0.0422346291393041
1721665077658364700,63.79036474609375,-0.0220882054284214,0.0113704120591282,-0.0506587586134672
1721665077668408600,63.80040869140625,-0.0318354732651263,0.0080905136056244,-0.1410264272809028
1721665077678452700,63.81045263671875,-0.0219939512737095,-0.0035446868695318,-0.1788619446784257
1721665077688497000,63.82049682617188,-0.0099685093719512,-0.0286285669825971,-0.0093599490195512
1721665077698540800,63.83054077148437,0.015644582246989,-0.05021057645455,0.2471247490435838
1721665077708584000,63.840583984375,0.0583191371735185,-0.0598085720136761,0.0954331353634595
1721665077718627600,63.85062768554688,0.0755707162257283,-0.0502250433713197,-0.0977022493392229
1721665077728671700,63.86067163085937,0.0321503113679587,-0.0305381999962031,-0.1693564497083425
1721665077738715600,63.87071557617188,0.002753536491841,-0.0397568408489227,-0.2109872677356004
1721665077748759800,63.880759765625,-0.0198484636776149,-0.0501589923977851,-0.1569412047713995
1721665077758803700,63.8908037109375,-0.0445813383959233,-0.0446247391462326,-0.0761123488217592
1721665077768847600,63.90084765625,-0.0379409505333751,-0.0250280582726001,3.9162966609e-05
1721665077778891800,63.91089184570313,-0.0007407353647053,0.0176493461981415,0.0374690221726894
1721665077788935700,63.92093579101562,0.0306052008178085,0.0590671059966087,0.0507955367356538
1721665077798979800,63.930979736328126,0.0370712550267577,0.0877929958738386,0.0399210914999246
1721665077809023700,63.94102368164062,0.0157681355614215,0.1186985678777098,0.0338204365372657
1721665077819067600,63.951067626953126,-0.0036962241694331,0.1490584886975586,0.0147498253643512
1721665077829111800,63.96111181640625,-0.0182216661933809,0.1603628497831523,-0.0225783270329236
1721665077839155700,63.97115576171875,-0.0120477267988026,0.1430648012407123,-0.0280137960851192
1721665077849199900,63.981199951171874,-0.0110226215347647,0.0951288917198777,0.0046440264135599
1721665077859243500,63.991243408203125,-0.0086347034849226,0.0333886209912598,0.0139484458535909
1721665077869287700,64.00128759765624,-0.0100152711231261,-0.0057704000949859,0.0075806643873453
1721665077879330600,64.01133056640624,-0.0151868285421282,-0.0378048299983143,0.001900280663371
1721665077889374700,64.02137475585937,-0.0037247196115553,-0.0721387690156698,-0.0123380880475044
1721665077899419000,64.0314189453125,-0.0040678339608013,-0.0989811832338571,0.0021048633247613
1721665077909462800,64.041462890625,-0.0076630089085549,-0.1070036000393331,-0.0190665195196866
1721665077919506700,64.05150659179688,0.001691971674934,-0.0983307565011084,-0.0306155030161142
1721665077929550600,64.06155053710937,0.0157717157579958,-0.0873189486213028,-0.0298982946574687
1721665077939594800,64.0715947265625,0.0087054306335747,-0.0674577715925872,-0.0307943667143583
1721665077949638700,64.081638671875,-0.003257102099806,-0.0499694611750543,-0.0142792852431535
1721665077959682800,64.09168286132812,-0.0057945116229355,-0.0291309635467827,0.0044435354053974
1721665077969726700,64.10172680664063,-0.0108943189799785,0.0011173135921359,0.0038227731585502
1721665077979770600,64.1117705078125,-0.0193831842534244,0.0230398070648312,-0.0012029460489749
1721665077989814800,64.12181469726562,-0.0223281516641378,0.0370309230163693,-0.0234697229146957
1721665077999858700,64.13185864257812,-0.0082001114599406,0.060566843035072,-0.0692395404428243
1721665078009902600,64.14190258789063,-0.0247700649235397,0.0728539315477013,0.0613666151106357
1721665078019946800,64.15194677734375,-0.0377933587562292,0.0785896987207233,0.0566769959896802
1721665078029990700,64.16199072265626,-0.0038625937122851,0.0319924904577434,-0.1154541791290044
1721665078040034800,64.17203491210938,0.0355521557006984,0.0013388473883271,-0.1958960815876722
1721665078050077700,64.18207763671874,0.0301504427876323,-0.025928075852245,-0.0677957713752984
1721665078060121900,64.19212182617187,0.001067117774859,-0.0405392233982682,0.0388221903473138
1721665078070165800,64.20216577148437,-0.0113791798874735,-0.0262703134186565,-0.0182715697497129
1721665078080209700,64.21220971679688,-0.0018093144442886,0.0031295301973819,-0.0656628509998321
1721665078090253800,64.22225390625,-0.0028386574920266,0.0265768951497972,-0.0388823961019516
1721665078100297700,64.23229760742187,0.0037331951789557,0.0468196188420057,-0.0226356101781129
1721665078110342000,64.242341796875,0.0039124242033809,0.0815028096884489,0.0023977087914943
1721665078120385500,64.25238549804688,0.0077944532684981,0.0868503081962466,-0.0030482816547155
1721665078130429700,64.2624296875,0.0120255149669945,0.0755557378523051,-0.0084299746930599
1721665078140473600,64.2724736328125,0.0139640087489038,0.0649735535614192,0.0113794721484184
1721665078150517800,64.28251782226563,0.0146432962499558,0.0544336009770631,0.0125017541766166
1721665078160562000,64.29256201171874,0.0079128920163959,0.0292630654938518,0.0008721066594123
1721665078170605600,64.30260546875,0.00834821469374,0.0187580380924046,0.0008721066594123
1721665078180649700,64.31264965820313,0.0092146222647279,0.0074438862651586,-0.0016600421667098
1721665078190693600,64.32269360351563,0.0055815995246171,-0.0163661745198071,-0.0217126501142978
1721665078200737800,64.33273779296874,0.0066851037871092,-0.0205617265135049,-0.0213783035933971
1721665078210780700,64.34278076171876,0.0068874944914132,-0.0401356110334396,-0.0090676880747079
1721665078220824800,64.35282495117187,0.0084860157292336,-0.0491347639165818,-0.0234644622176885
1721665078230868700,64.36286865234375,-0.0033943916786462,-0.0569416382752358,-0.0298112008959054
1721665078240912600,64.37291259765625,-0.0128940414298325,-0.0661615943022072,-0.0490624293327331
1721665078250956800,64.38295678710938,-0.0160573277663439,-0.0627335195496678,-0.05246259316504
1721665078261000700,64.39300073242188,-0.022085282818973,-0.0596460749283432,-0.036850598013401
1721665078271044600,64.40304467773437,-0.0110833387460559,-0.0518166964769363,-0.0290068987756967
1721665078281088800,64.4130888671875,-0.0007566635861992,-0.0358601256713271,-0.0326525618016719
1721665078291132700,64.42313256835938,-0.0039827129606157,-0.0189452312275767,-0.0221130476087331
1721665078301176800,64.4331767578125,0.0088471771918237,0.0062451779998838,-0.0196405200153589
1721665078311220700,64.443220703125,0.0102458650086075,0.01744710162431,-0.0210942259550094
1721665078321264600,64.4532646484375,0.0100977617748081,0.0330966523073613,-0.020378771162033
1721665078331308500,64.46330859375,0.0114875356327742,0.0291409004189074,-0.0299666837185621
1721665078341352700,64.47335278320313,0.0107839904733002,0.0403428240433335,-0.0253150585204362
1721665078351396900,64.48339697265625,-0.0019319909758865,0.0362179991982877,-0.0110544779777526
1721665078361440800,64.49344067382812,-0.0045323827326297,0.0495160183191299,-0.0141717332154512
1721665078371484000,64.50348388671875,-0.0150211896516382,0.0534806841664016,-0.026305823123455
1721665078381527600,64.51352758789062,-0.0164775259397923,0.0597604950882494,-0.0326040464848279
1721665078391571700,64.52357177734375,-0.0104647684562951,0.0462811280511319,-0.0330225641578435
1721665078401615600,64.53361572265625,-0.0163085991136729,0.0352164209403097,-0.0326765271991491
1721665078411663000,64.5436630859375,-0.0134732295572757,0.019737258388102,-0.0237269125461578
1721665078421707000,64.55370703125,-0.0173575967099517,0.0068313073247671,-0.010056114590168
1721665078431751000,64.5637509765625,-0.0164830058325082,0.0139181968457996,-0.0173825119554996
1721665078441795000,64.57379516601563,-0.0039189270094037,0.0018681319594383,-0.025865678140521
1721665078451839000,64.5838388671875,0.0088332217317074,-0.0114862935237586,-0.0524795442998409
1721665078461883100,64.59388305664062,0.0008324322361499,-0.0073728668555617,-0.0629337182968854
1721665078471927000,64.60392700195312,-0.0153061440728604,-0.0134127315416932,-0.0235106394469737
1721665078481971000,64.61397094726563,-0.0180398068204522,-0.0109749830007553,0.0066658876299858
1721665078492015000,64.62401513671875,-0.0052226300191134,-0.0077148121610283,-0.0187894561439752
1721665078502059000,64.63405908203126,0.0093909286797046,-0.0028466216027736,-0.0238362181395292
1721665078512103200,64.64410327148437,0.0061524582151323,0.0033107319831848,-0.0340191739797592
1721665078522146800,64.65414672851563,0.0056386634740978,0.003008241905272,-0.0394482132911682
1721665078532190200,64.66419018554687,0.0025993688434362,0.0030620179191231,-0.0421276616334915
1721665078542233900,64.67423388671875,-0.0074318305011838,0.0077893387019634,-0.0428407783389091
1721665078552278000,64.68427807617188,-0.0196717188712209,0.0073451020658016,-0.0319540581434965
1721665078562322000,64.69432202148438,-0.0285557940073311,-0.0115130354002118,-0.0698503658175468
1721665078572366000,64.70436596679687,-0.0195450968168675,-0.004295066845417,-0.1225315701693296
1721665078582410000,64.71440991210937,-0.00227284030281,-0.0222591780811548,-0.0118739776670932
1721665078592454000,64.72445385742188,0.0306179872341454,-0.0461250607065856,0.2150374199092388
1721665078602498000,64.734498046875,0.0782640469629317,-0.0432417603552341,0.0760527275890111
1721665078612542000,64.7445419921875,0.0886295928284525,-0.0412663686290383,-0.0563280364215373
1721665078622586000,64.75458618164062,0.0374522171683609,-0.0136446406014263,-0.0918225436508655
1721665078632630000,64.76463012695312,7.0873279124e-06,-0.0293627264760434,-0.1859808367729186
1721665078642674000,64.774673828125,-0.0280461639847606,-0.0473603015899658,-0.164998839020729
1721665078652718000,64.78471801757813,-0.0621115882590413,-0.0446269311033189,-0.0717377869993448
1721665078662762000,64.79476196289062,-0.0664675184462219,-0.0192262401260435,0.0405681572318077
1721665078672806100,64.80480615234374,-0.0294775850273668,0.0335725992560386,0.0673474430859088
1721665078682849000,64.81484912109374,0.0283522342592477,0.0792412944972515,0.0407587113678455
1721665078692893000,64.82489282226562,0.0359425432577729,0.1182708439849317,0.0158072254627943
1721665078702937000,64.83493701171875,0.0291145969338715,0.1426855926647782,0.017982231414318
1721665078712981000,64.84498095703125,0.0014314210426062,0.1747284981355071,0.0027811551511287
1721665078723025200,64.85502514648438,-0.0081548110134899,0.1732093257442116,0.0013794716596603
1721665078733069000,64.86506909179687,-0.0211207486357539,0.1496529474593698,-0.0052981064081192
1721665078743113000,64.87511303710937,-0.0110104196403175,0.0934327553264796,-0.0017237550526857
1721665078753156900,64.88515698242188,-0.0129917296506464,0.0317640885293483,0.0068751464664936
1721665078763201000,64.89520092773438,-0.0070228843741118,-0.0122455874584615,-0.0070271221578121
1721665078773245200,64.9052451171875,-0.0260724527589976,-0.0582416149578988,-0.0217623344749212
1721665078783288800,64.91528881835937,-0.0299568199116736,-0.0957628057092428,-0.038055297628045
1721665078793333000,64.9253330078125,-0.0331448753632605,-0.1177766307272017,-0.0394791929513216
1721665078803377000,64.935376953125,-0.0259722803201526,-0.1377076581217348,-0.0249076467633247
1721665078813421000,64.94542114257813,-0.0044678661290556,-0.1304081487633288,-0.0278302562117576
1721665078823465200,64.95546533203125,0.011266367162764,-0.118661889129132,-0.0514998856127262
1721665078833508000,64.96550805664063,0.0106183515828102,-0.0869721810102462,-0.0382218863666057
1721665078843552000,64.97555200195312,0.0082916622009128,-0.0555460922636091,-0.0100420860648155
1721665078853596000,64.98559594726562,0.0019523761767894,-0.0181546653717756,0.0155529584407806
1721665078863640000,64.99564013671875,-0.0046804129011929,0.0263997850172221,0.0228787712842226
1721665078873684000,65.00568408203125,-0.0092705171704292,0.0503967466764152,0.0338327114969491
1721665078883728100,65.01572802734376,-0.0053523208133876,0.0653716129682958,0.002252747362852
1721665078893772000,65.02577197265624,0.0013624474596232,0.0863176626242697,-0.0590378799021244
1721665078903816000,65.03581591796875,-0.0182328451745212,0.0968634604275226,0.0662321753203868
1721665078913860000,65.04586010742187,-0.0397724037442356,0.085960812010616,0.0378869553238153
1721665078923904000,65.05590405273438,-0.0059657034713774,0.0371190396912395,-0.0980102923750877
1721665078933948200,65.0659482421875,0.035053631594032,-0.0029896833352744,-0.0901180778205394
1721665078943991800,65.07599169921875,0.0251613292634487,-0.0353396089285612,-0.0077320555567741
1721665078954036000,65.08603588867187,0.008895473312959,-0.050420273682475,-0.0140600895345211
1721665078964080000,65.096080078125,0.0040738983754068,-0.0384318758554756,-0.0556324553728103
1721665078974123000,65.106123046875,-0.0065715604100376,0.0083367434516549,-0.0777922647327184
1721665078984167200,65.11616723632812,-0.0038341713353991,0.0387738211609423,-0.0581517447173595
1721665078994211000,65.12621118164063,-0.0020646043796092,0.0515754350669682,-0.0186491708904504
1721665079004255000,65.1362548828125,-0.0018859598770737,0.0889824979193508,0.010762801554799
1721665079014299000,65.146298828125,0.0119371060311794,0.0835861918337643,-0.0027571897536516
1721665079024343000,65.15634301757812,0.0249976631343364,0.0954310895368456,-0.0166530286371707
1721665079034387200,65.16638720703125,0.0303344210524111,0.0660373834006488,0.0107733229488134
1721665079044430800,65.17643090820313,0.0235961988385766,0.0427399483129382,0.0142629186302423
1721665079054475000,65.18647509765626,0.0197420806936919,0.0185131234206259,0.0054354690521955
1721665079064519000,65.19651879882812,0.0051665889829397,-0.000734744015336,-0.0091343235701322
1721665079074563000,65.20656298828125,0.0023542349759489,-0.0092564886450767,-0.0166395846337079
1721665079084607200,65.21660717773437,-0.0025882629275321,-0.0268269243881106,-0.0372697002083063
1721665079094651000,65.22665087890626,0.0010167027618736,-0.0475442798547446,-0.0365630132436752
1721665079104695000,65.23669506835938,-0.0096195498038083,-0.0556723489917814,-0.0293354000777006
1721665079114738000,65.24673803710938,0.0045608781747519,-0.0740504478558898,-0.027215923705697
1721665079124782000,65.25678198242187,-0.0083029873125255,-0.082328739118576,-0.0282984582453966
1721665079134826000,65.26682592773437,-0.0158198657486587,-0.0792065154448151,-0.0432183794796466
1721665079144870100,65.2768701171875,-0.0145128748033195,-0.0739624773114919,-0.0309463424056768
1721665079154913800,65.28691381835938,-0.0087239892035722,-0.0724608405768871,-0.0376624989181757
1721665079164958000,65.2969580078125,-0.008141659270972,-0.0454684964939951,-0.0282289001405239
1721665079175002000,65.30700219726563,-0.0078941873159259,-0.0250046773970127,-0.0166559512466192
1721665079185046000,65.3170458984375,-0.0089756258770823,-0.0067139645554125,-0.0135755208879709
1721665079195090200,65.32709008789062,0.0038568215586245,0.0160083009928464,-0.0086854107588529
1721665079205133800,65.3371337890625,-0.0003144727766513,0.036165099967271,-0.002612812846899
1721665079215178000,65.34717797851563,0.00724544108361,0.0551056550197303,-0.005939911442995
1721665079225222100,65.35722216796874,0.0030978198848664,0.0639597003437578,-0.0111684597462415
1721665079235266000,65.36726611328125,-0.0109300478804856,0.0641555151768028,-0.0158884740054607
1721665079245310000,65.37731005859375,-0.0079774816852062,0.0631451690904796,-0.0128308400005102
1721665079255353000,65.38735302734375,-0.0066907298102974,0.0593405161105096,-0.0076724343240261
1721665079265397000,65.39739697265625,-0.0138650053538382,0.0524535330757498,-0.0204652804017066
1721665079275441000,65.40744091796876,-0.0214740190528333,0.0471932744599878,-0.0235498024135828
1721665079285485000,65.41748510742187,-0.0186473442595452,0.0286073780640959,-0.0173626382112503
1721665079295529200,65.427529296875,-0.0246391320202499,0.0169577106721699,-0.0175830029636621
1721665079305572900,65.43757275390625,-0.0198254481282085,0.0123977092802524,-0.0276847102612257
1721665079315617000,65.44761694335938,-0.0201342218164354,0.0085068393215537,-0.0278226574271917
1721665079325661000,65.45766088867188,-0.014113427156955,-0.0025862171009182,-0.013784195202589
1721665079335705000,65.467705078125,-0.0136282739885151,-0.0168878603063523,-0.0005441898792982
1721665079345749000,65.4777490234375,-0.0078444298900663,-0.0168266316384077,-0.0088391400158405
1721665079355793000,65.48779296875,0.0021005524758249,-0.0089198040366172,-0.017570143482089
1721665079365837000,65.49783715820313,0.0091009327571839,-0.0175578685224056,-0.0421685781657695
1721665079375881000,65.507880859375,0.0099198479246348,-0.0219783153131604,-0.0638151773065328
1721665079385925000,65.51792504882812,0.0264130098249763,-0.0313781579516828,-0.0792003779649734
1721665079395968000,65.52796801757812,0.0244397369906306,-0.0422466118380427,-0.0848696557730436
1721665079406012200,65.53801220703124,0.0064971069343388,-0.0402013697460293,-0.0453150594979524
1721665079416052000,65.54805200195312,-0.0053203913051635,-0.0392485990658402,0.0102770638644695
1721665079426095600,65.558095703125,-0.0089603552427142,-0.0290067526452243,0.0175783267885446
1721665079436139800,65.56813989257813,-0.0040448914766311,-0.0067348612129688,0.0094745153099298
1721665079446184000,65.57818383789062,0.0093681323260068,0.0174698979780077,-0.0276285961598157
1721665079456227800,65.58822778320312,0.0184898156102746,0.0310446882136166,-0.059732291907072
1721665079466272000,65.59827197265625,0.0101022918194532,0.0378488152705132,-0.0775742380678653
1721665079476315600,65.60831567382813,-0.0083853318337351,0.047220016336441,-0.0650005876988172
1721665079486359800,65.61835986328126,-0.0092753394760191,0.0480706418164074,-0.0278460383027791
1721665079496404000,65.62840405273438,-0.0144290689773857,0.0448110554985702,-0.0793394941747188
1721665079506448000,65.63844775390625,-0.0099597415436059,0.0338392873682081,-0.0779594379931688
1721665079516491800,65.64849169921875,-0.0084122198406606,0.0042880525827407,0.0119517190784215
1721665079526535000,65.65853491210937,0.0320341376423835,-0.0403207583419978,0.1697065783202648
1721665079536578800,65.66857885742188,0.0756708886645734,-0.0506781939662992,0.0796399384260177
1721665079546622700,65.67862280273438,0.0608455869112163,-0.0567784105375409,-0.0401379491209983
1721665079556667000,65.6886669921875,0.0248335586138069,-0.0426890949085354,-0.0522901592075824
1721665079566711000,65.6987109375,-0.0079872724268585,-0.0445439289949834,-0.1209317337572574
1721665079576754700,65.70875463867188,-0.0189759186267852,-0.0567206890009343,-0.1636883409440517
1721665079586798800,65.718798828125,-0.0317895882967859,-0.0532533051513135,-0.0975841759175062
1721665079596842800,65.7288427734375,-0.0322618819836527,-0.0280406840920448,0.0189496151417493
1721665079606887000,65.73888696289063,-0.0122907417744398,0.0049907940246164,0.0791997934430837
1721665079616930800,65.74893090820312,0.0195078335464,0.0481495522715151,0.0734048434287309
1721665079626974700,65.758974609375,0.0342578781064599,0.0845147048555314,0.0378361019194126
1721665079637019000,65.76901879882813,0.0038854631312191,0.1127028345942497,0.0160457103937864
1721665079647062800,65.77906274414063,-0.0185066936798393,0.1429584182567894,-0.0044295068800449
1721665079657107000,65.78910693359374,-0.0362890186078846,0.1508119082361459,-0.0158241765975952
1721665079667149800,65.79914990234376,-0.0400930870659649,0.1364976978100836,-0.036958734562993
1721665079677194000,65.80919409179687,-0.0267335470162332,0.1059912081263959,-0.040910687059164
1721665079687237600,65.81923754882813,-0.0205386378988623,0.0569772941105067,-0.0242605810314416
1721665079697281800,65.82928173828125,-0.0201954504843801,0.0063128364086151,0.0004097498446702
1721665079707326000,65.83932592773438,-0.0384350176606327,-0.0318489903338253,-0.0171714995533227
1721665079717369900,65.84936987304687,-0.0325944018736481,-0.068026072999835,-0.0308013809770345
1721665079727414000,65.8594140625,-0.0285210880201309,-0.0962824456691741,-0.0320738851308822
1721665079737457700,65.86945776367187,-0.0268205677125602,-0.1075939671479165,-0.0302776493638753
1721665079747501800,65.87950170898438,-0.0115353202972561,-0.1131270513556897,-0.0503343489646911
1721665079757546000,65.8895458984375,0.0034993864230811,-0.1116368127979338,-0.0838198544591665
1721665079767590000,65.89958984375,0.0095416622620075,-0.0994498236589133,-0.0661263768583536
1721665079777633800,65.9096337890625,0.0020573709212243,-0.0732375240378081,-0.0434054264843463
1721665079787677700,65.919677734375,0.0053163727171719,-0.0473757914200425,-0.0159720606356859
1721665079797720800,65.92972094726562,0.0004397065915167,-0.0149662445940077,-0.0013444003462791
1721665079807764700,65.9397646484375,-0.0093198362048715,0.0048354573324322,0.0101309333920478
1721665079817809000,65.94980883789063,-0.0030026889473199,0.0341482071869075,0.0214841020554304
1721665079827852800,65.95985278320312,0.0065624272555112,0.0462711911790072,-0.029621815803647
1721665079837896700,65.96989672851562,-0.0030889789912849,0.0732344552978873,0.0617103139817714
1721665079847940900,65.97994091796875,-0.024130378780514,0.0919979002177715,0.0542594134539365
1721665079857984800,65.98998486328125,-0.0064402621805667,0.0632353315919637,-0.0896025295138359
1721665079868029000,66.00002880859375,0.0224177296437323,0.0288340264268219,-0.0914502032071351
1721665079878072800,66.01007275390624,0.0270548148598521,0.0058287061534821,-0.0119283382028341
1721665079888116700,66.02011669921875,0.0266240952923893,-0.0212688518695533,0.0221019416928291
1721665079898161000,66.03016088867187,0.0331941943977028,-0.0351033159546554,-0.0400794969320297
1721665079908204800,66.04020483398438,0.0215136934760957,-0.0211656837560236,-0.0796527979075908
1721665079918249000,66.0502490234375,0.0142130881391465,0.0047395957425236,-0.0485416203290224
1721665079928291800,66.06029174804688,-0.0030649405285716,0.0106194475613534,-0.0068137716680765
1721665079938336000,66.0703359375,-0.0041036359265446,0.0348961029447615,-0.0014776713371276
1721665079948379600,66.08037963867187,0.0047334582626819,0.0472476349957287,-0.0193383221983909
1721665079958423800,66.090423828125,0.0063451312430202,0.0584301232673227,-0.0476741898447275
1721665079968468000,66.10046801757812,0.0091691026225686,0.055738399965316,-0.0307563727915287
1721665079978512000,66.11051196289063,0.0023163871835917,0.0424612775020301,0.0102945995211601
1721665079988556000,66.12055615234375,-0.007050649163872,0.0222153389394283,0.0074584993124008
1721665079998599700,66.130599609375,-0.0074500237450003,0.0095410046748816,0.0188964236497879
1721665080008643800,66.14064379882812,-0.0124745739087462,0.0107844288647174,-0.0052542672663927
1721665080018687700,66.15068774414063,-0.0125942547656595,0.0040121582508087,-0.0323573782473802
1721665080028732000,66.16073193359375,-0.0125979810927063,-0.0134986562594771,-0.0498006804794073
1721665080038775800,66.17077587890626,-0.011398761370778,-0.0247659002050757,-0.0437801050156354
1721665080048819700,66.18081982421874,0.0011499006874859,-0.0242179109334945,-0.0223977097690105
1721665080058862800,66.19086279296874,0.0052488604389131,-0.0449833433255553,-0.0221627319693565
1721665080068906800,66.20090673828125,-0.0024820991393178,-0.0423421811670064,-0.0212824420034885
1721665080078951000,66.21095092773437,-0.0063336600009351,-0.048537674806267,-0.0344774391412735
1721665080088994800,66.22099487304688,-0.0053934565413743,-0.0418887383110821,-0.0503594834059476
1721665080099038700,66.23103881835938,0.0061785425044596,-0.037022155188024,-0.0500374118447303
1721665080109083000,66.24108276367187,-0.0013037030097097,-0.028527006304264,-0.031119360885024
1721665080119126800,66.25112670898437,-0.004810761282593,-0.0243786544531583,-0.0155091192990541
1721665080129171000,66.2611708984375,0.0121793903544545,-0.0121167003817856,-0.0085796122968196
1721665080139214800,66.27121484375,0.010792246844992,-0.0077497373439371,-0.0067459671288728
1721665080149258800,66.2812587890625,-0.0010148761309683,0.0074202131286263,-0.0040367081701755
1721665080159303000,66.29130297851563,0.0046118777096271,0.0180415603861212,-0.0076063833504915
1721665080169346800,66.30134692382812,0.0046720103990286,0.0350824192970991,-0.0151648359060287
1721665080179391000,66.31139086914062,-0.0004014934729784,0.0479636743105948,-0.0184767369329929
1721665080189433900,66.32143383789062,-0.0154424107383936,0.0545391071781516,-0.0236912567108869
1721665080199478000,66.33147802734375,-0.0081131638288497,0.0478511538468301,-0.0139104519307613
1721665080209521700,66.34152172851563,-0.01445135387443,0.0485264227598905,-0.0078881229013204
1721665080219565800,66.35156591796876,-0.0090328359570354,0.0443644807748496,0.0056008887469768
1721665080229609700,66.36160961914062,-0.0029736820485442,0.0331185718782246,0.0050046764194965
1721665080239654000,66.37165380859375,-0.0064471303127706,0.0179901224598288,-0.0094616558283567
1721665080249698000,66.38169799804687,-0.0201348063383251,0.0080824764296412,-0.0031827216893434
1721665080259741700,66.39174169921876,-0.0157950966335833,-0.0010904255852103,-0.008735679641366
1721665080269785900,66.40178588867188,-0.026125936511904,-0.0203768714658915,-0.0102472532480955
1721665080279829800,66.41182983398437,-0.0264468390293419,-0.0204582661390304,0.001801496464014
1721665080289874000,66.4218740234375,-0.0141691759321838,-0.0215470842890441,0.0085983169972896
1721665080299917800,66.43191772460938,-0.0088863401584327,-0.0280396611787378,-0.0175017544209957
1721665080309961000,66.4419609375,-0.0017153525505214,-0.0121546943046152,-0.0433621718645095
1721665080320004900,66.4520048828125,0.0041353462390601,-0.017180267381668,-0.0832797562330961
1721665080330048800,66.462048828125,0.0016986936766654,-0.0148706752650439,-0.0811193633288145
1721665080340093000,66.47209301757813,-0.0161170220643281,-0.0132663088083267,-0.0566501079827547
1721665080350136800,66.48213671875,-0.0128455261129885,-0.0177909466259181,-0.0310749372214078
1721665080360180700,66.4921806640625,-0.018246654504165,-0.007902882079035,0.0117243400633335
1721665080370225000,66.50222485351563,-0.0008043751854449,0.0003339081294834,0.0202379013866186
1721665080380268800,66.51226879882813,0.0092982088949531,0.0132503805868327,0.0127437462389469
1721665080390313000,66.52231298828124,0.0182311646740883,0.0358370370566844,-0.0474140776038169
1721665080400356900,66.53235693359375,0.0180323541663587,0.0464380721785128,-0.0787853674232959
1721665080410400800,66.54240087890625,-0.0001804711334407,0.0436395275011658,-0.072565469995141
1721665080420448500,66.55244848632813,-0.0066715867184102,0.0346247386574745,-0.033769583132863
1721665080430492400,66.56249243164062,-0.022429420081526,0.0324701909720897,-0.0449269369632005
1721665080440535600,66.57253564453126,-0.0181353761494159,0.0232389828987419,-0.0895832402914762
1721665080450579500,66.58257934570312,-0.0130681558877229,0.0143440210424363,-0.0221709152758121
1721665080460623600,66.59262353515625,0.0052197804749011,-0.0181188634060323,0.0257370833247899
1721665080470667300,66.60266723632813,0.058554991756007,-0.0448817826472222,0.0846831932902336
1721665080480711400,66.61271142578126,0.0988735581409186,-0.0440692972205579,0.0321364289730787
1721665080490755600,66.62275561523437,0.0805410519842058,-0.0543504527382552,-0.0306353767603635
1721665080500799500,66.63279956054687,0.0288733355239033,-0.0459326068744063,-0.0776385354757309
1721665080510843400,66.64284350585937,-0.0095824326638132,-0.0495927368171513,-0.1362508834421634
1721665080520887300,66.65288720703126,-0.0211216984838247,-0.0553640136949718,-0.1291799221426248
1721665080530931500,66.66293139648438,-0.0245905436381697,-0.0447565488323569,-0.0483370376676321
1721665080540975600,66.6729755859375,-0.024693565621227,-0.0193166948884725,0.0395575188845396
1721665080551019500,66.68301953125,-0.0035001901406794,0.0102069212377071,0.0542787026762962
1721665080561063400,66.6930634765625,0.0221763221032917,0.0440820105716586,0.0405722488850355
1721665080571106600,66.7031064453125,0.0096714991867542,0.0874722394868731,0.0368757324546575
1721665080581150500,66.713150390625,-0.0168701054539531,0.1192674538068473,0.039912908193469
1721665080591194400,66.7231943359375,-0.0479023725774139,0.133272306022793,0.0292079743057489
1721665080601238500,66.73323852539062,-0.0499945956163108,0.1565657955877482,0.0013467384338378
1721665080611282400,66.74328247070312,-0.0351266968302428,0.1407914494812488,-0.0446633175909519
1721665080621326300,66.75332641601562,-0.0229942143574357,0.1013239469677209,-0.0651285979926586
1721665080631370500,66.76337060546875,-0.0173554778181016,0.0466026150904595,-0.0296101253658533
1721665080641414400,66.77341430664063,-0.0104551969103515,0.0036423020251095,-0.008278583523631
1721665080651458600,66.78345849609374,-0.0085893299732357,-0.0282046424821019,-0.0203776021182537
1721665080661502500,66.79350244140625,-0.017296368042007,-0.0577424332641065,-0.0290899008840322
1721665080671546400,66.80354638671875,-0.0095001612078398,-0.0890808437272906,-0.0480611433357
1721665080681590500,66.81359057617188,-0.0183715960580855,-0.0980607073880732,-0.0434334835350513
1721665080691633400,66.82363330078125,-0.0168736125852912,-0.1073585509568452,-0.0396241543799638
1721665080701677600,66.83367749023438,-0.0126216542292386,-0.1119729128845036,-0.0219254160821437
1721665080711721500,66.84372143554687,-0.0057383244562894,-0.1021187506072223,-0.0202916774004697
1721665080721765600,66.853765625,-0.001011661260575,-0.0981686978071928,-0.0073445175439119
1721665080731809300,66.86380932617188,-0.0039082594849169,-0.0717135293409228,-0.0046340895414352
1721665080741853400,66.873853515625,0.0013820289429277,-0.0284622705049812,0.0140320324838161
1721665080751897600,66.88389770507813,-0.0036626872260123,0.0010433715730905,0.0271305835098028
1721665080761941500,66.89394140625,-0.0104554161060601,0.0229687876552343,-0.0119236620277166
1721665080771985400,66.9039853515625,-0.0065419689893722,0.0581700110264122,0.0130272393554449
1721665080782029300,66.914029296875,-0.0240462076283991,0.0865624311655759,0.1129454111784696
1721665080792073500,66.92407348632813,-0.0243367880728095,0.0928285058230161,-0.0329915844976902
1721665080802117400,66.93411743164063,0.0005232932217419,0.0705474081709981,-0.1068400800406932
1721665080812160500,66.94416040039063,0.0186672180037945,0.0464623298369348,-0.0510141479223966
1721665080822204400,66.95420434570312,0.0184179194178432,0.0227890471741557,0.0195762226074934
1721665080832248600,66.96424853515624,0.0195391785327345,0.0026056524537503,0.0211830732822418
1721665080842292500,66.97429248046875,0.0331649683032184,-0.0037782033644616,-0.0657382543236017
1721665080852336400,66.98433642578125,0.0237984434124082,0.0023516776926815,-0.0904419029474258
1721665080862380500,66.99438061523438,0.0220917856249958,0.0103450145341455,-0.0496738392293453
1721665080872424400,67.00442456054688,0.0081534958392381,0.021919278602302,-0.0192371999114751
1721665080882468400,67.01446826171875,0.0044529608208686,0.0327551453933119,-0.0178156426757574
1721665080892512500,67.02451245117187,0.0118190326094627,0.0531733717828989,-0.0282008430898189
1721665080902556400,67.03455639648438,0.0119903705883771,0.0545851382769644,-0.0254974293500185
1721665080912600600,67.0446005859375,0.0177665428370237,0.0554848635956645,-0.0125660515844821
1721665080922644500,67.05464453125,0.0093922438539564,0.0447154861696064,-0.011408113721013
1721665080932687600,67.0646875,0.0007285334702581,0.02070142724514,-0.0068353989779949
1721665080942731300,67.07473120117187,-0.0077696841534227,0.0056621174149215,0.0007072714865207
1721665080952775400,67.084775390625,-0.01476604584679,-0.0127599667213857,-0.0086895024120807
1721665080962819600,67.09481958007812,-0.0185609080851078,-0.0207939278341829,-0.0259673849493265
1721665080972863500,67.10486352539063,-0.0182009887315332,-0.0231299695663154,-0.0224152454257011
1721665080982907600,67.11490771484375,-0.0195095140468329,-0.0289978386864066,-0.0079641107469797
1721665080992951300,67.12495141601562,-0.0162504391856491,-0.0423787137851119,-0.0127606973737478
1721665081002995500,67.13499536132812,-0.0075922086946666,-0.0579576834499835,-0.0094055417269468
1721665081013039400,67.14503930664063,-0.0031027883209288,-0.0550803744480013,-0.0074345339149236
1721665081023083500,67.15508349609375,-0.0090207801930606,-0.0462704605266451,-0.0297463189661502
1721665081033127400,67.16512744140626,-0.0065460606426,-0.0459828757569193,-0.0189776721924543
1721665081043171300,67.17517138671874,-0.0104402916021645,-0.0308650938630104,-0.0305956292718648
1721665081053214500,67.18521435546874,-0.0044921237874776,-0.0198011174045503,-0.0394774393856525
1721665081063258400,67.19525830078125,-0.000384030881524,-0.0237900409102439,-0.0443219568073749
1721665081073302500,67.20530249023437,0.0070884238909929,-0.0063439621992409,-0.0419470443695783
1721665081083346400,67.21534643554688,0.0124596686005592,0.006784837834537,-0.0310550634771585
1721665081093390600,67.225390625,0.0128030752107501,0.0141756787382066,-0.0111392336517572
1721665081103434500,67.2354345703125,0.0110943715967237,0.0328818405129015,-0.0137830261588096
1721665081113478400,67.245478515625,0.0036813919264823,0.0400065778262913,-0.0129722942978143
1721665081123522600,67.2555224609375,0.0036402561984956,0.04468552942276,-0.0058738604694604
1721665081133566500,67.26556640625,-0.0043992578722536,0.051760436245054,-0.0164151282280683
1721665081143610400,67.2756103515625,-0.0109850660033524,0.0475721907749772,-0.0285889656245708
1721665081153654500,67.28565454101563,-0.0135434452492743,0.0600495411626994,-0.0216261408746242
1721665081163698400,67.29569848632812,-0.0247664116617292,0.0403504228278994,-0.0076531451016664
1721665081173741600,67.30574145507812,-0.0339698549453169,0.0304389774054288,0.0031546646386384
1721665081183785500,67.31578540039062,-0.0300230900809168,0.0200397484660148,0.0008960720568895
1721665081193829600,67.32582958984375,-0.0309651932366192,0.0113885322377085,-0.004656885895133
1721665081203873300,67.33587329101563,-0.0364668593928217,-0.006272942789644,-0.0005044423907995
1721665081213917400,67.34591748046876,-0.0261246213376522,-0.0082746380008757,-0.0030313305199146
1721665081223961300,67.35596142578125,-0.0202411893222481,-0.0146703303873538,-0.0051233343631029
1721665081234005500,67.36600561523437,0.0011399638153612,-0.0111653910063207,-0.0216080206960439
1721665081244049700,67.37604956054687,0.0033418577738106,-0.0021222528509795,-0.029250644403696
1721665081254093300,67.38609326171876,0.0076376552715897,-0.015146569596976,-0.0460322678565979
1721665081264137500,67.39613745117188,0.017505699943751,-0.0322660467021167,-0.0536906736552715
1721665081274181400,67.40618139648437,0.0095295334327965,-0.0377054612770676,-0.0333452202409505
1721665081284224500,67.416224609375,-0.0116577776331454,-0.0271611247785389,0.0044750995874404
1721665081294268400,67.42626831054687,-0.0132210814271122,-0.0134255910232663,0.0237105459332466
1721665081304312600,67.4363125,-0.0126399205382913,-0.0003835924901068,0.0249795429557561
1721665081314356500,67.4463564453125,0.0067795040722936,0.0163394326433539,0.0022702830195426
1721665081324400400,67.456400390625,0.0121745680488646,0.0211690447568893,-0.0304243643581867
1721665081334444500,67.46644458007812,0.0188612062059342,0.026297493686527,-0.0591454319298267
1721665081344488400,67.47648852539062,0.0037234775025397,0.0334178470857441,-0.0671340925961732
1721665081354532600,67.48653271484375,-0.0167379304416477,0.0205608497306704,-0.0371282459110021
1721665081364576500,67.49657641601563,-0.0233377670980989,0.0252542682439088,-0.0294406140178442
1721665081374620400,67.50662036132813,-0.0239005886126309,0.0184352358788251,-0.0905535466283559
1721665081384664600,67.51666455078124,-0.0228454535365104,0.0093469434075057,-0.0549836360752582
1721665081394708500,67.52670849609375,-0.0120269762717187,-0.0118446054421365,-0.0064414312243461
1721665081404751600,67.53675170898437,0.0331393954705446,-0.033526275896281,0.0915764599353075
1721665081414792000,67.5467919921875,0.0762377287670969,-0.0470944902606308,0.0852946031868457
1721665081424835800,67.5568359375,0.0686289342638105,-0.0488119617030024,-0.023381460109353
1721665081434880000,67.5668798828125,0.050264644729346,-0.0588069937556982,-0.1154044947683811
1721665081444924200,67.57692407226563,0.0081778265628963,-0.0673376523442566,-0.1880161419928074
1721665081454968000,67.58696801757813,-0.0229706142861396,-0.0783390849605202,-0.1179869124770164
1721665081465012000,67.59701196289062,-0.0388504665937274,-0.0707499450057745,-0.0219271696478128
1721665081475055900,67.60705590820312,-0.034354251153022,-0.0445876220062375,0.0830009392917156
1721665081485100000,67.61710009765625,0.0031184973467141,-0.0049250353120267,0.0878559781074523
1721665081495144000,67.62714404296875,0.0224667564172297,0.0475927951715886,0.0545125114321708
1721665081505188000,67.63718798828126,0.0233096369821578,0.087282269872725,0.0308113178491592
1721665081515231000,67.64723095703125,0.0059275634180754,0.1187681259825825,0.0055395139485597
1721665081525275000,67.65727490234374,-0.0288186827272176,0.1515419760763645,-0.0029985972940921
1721665081535319000,67.66731909179687,-0.0343495749779045,0.1620300523430109,-0.0341658889740705
1721665081545363000,67.67736303710937,-0.0299289089914411,0.1630564727813005,-0.0614963789701461
1721665081555407000,67.68740698242188,-0.0174525084517896,0.1239326691389083,-0.0652244595825672
1721665081565451000,67.69745092773438,-0.0138010002069175,0.0792908327274024,-0.0524959109127521
1721665081575495000,67.70749487304687,-0.0170022804662585,0.0200818340420722,-0.026510990306735
1721665081585539000,67.7175390625,-0.0284678234629333,-0.028802169983834,-0.0142962363779544
1721665081595583000,67.7275830078125,-0.0397992917511612,-0.0613848814196884,-0.0093383217096328
1721665081605627100,67.73762719726562,-0.0427870023250579,-0.0794242498487234,-0.0131231009453535
1721665081615671000,67.74767114257813,-0.032939562049508,-0.0856352333180606,-0.0254968448281288
1721665081625715000,67.75771484375,-0.0254684224512428,-0.1027886126928031,-0.0198550395488739
1721665081635757800,67.7677578125,-0.000173310740292,-0.1203911971397697,-0.0310042100727558
1721665081645802000,67.77780200195312,-0.0013676350913941,-0.1161648116163909,-0.0399111546277999
1721665081655846100,67.78784619140625,0.0019368863467127,-0.1006609530143439,-0.0346007732599973
1721665081665890000,67.79789013671875,0.0023554040197283,-0.076927756857872,-0.0156382986366748
1721665081675934000,67.80793383789063,-0.0101346597190946,-0.0535365060068666,0.0135743518441915
1721665081685977900,67.81797778320312,-0.0228623316060751,-0.0212343650780618,0.040804304075241
1721665081696022000,67.82802197265624,-0.0127278180174529,0.0094087565973401,0.0083235917091369
1721665081706066000,67.83806591796875,0.0049631753653287,0.044780514229834,0.0188613523364067
1721665081716110000,67.84811010742187,-0.0133935884498059,0.0696092505380511,0.123726332911849
1721665081726154000,67.85815405273438,-0.0239816179595887,0.0694311174921691,0.0421335068523883
1721665081736197000,67.86819702148438,0.0033406887300312,0.05442074149549,-0.1019581532180309
1721665081746241000,67.87824096679688,0.0184919345021247,0.0353676659792661,-0.1367284378260373
1721665081756285000,67.88828491210937,0.013665683389455,0.0035275896042585,-0.0150572838783264
1721665081766329000,67.8983291015625,0.021531448328495,-0.0079642568774521,0.0548754995256662
1721665081776373000,67.908373046875,0.0371392056964337,-0.0111385029993951,0.0100830025970935
1721665081786417000,67.9184169921875,0.0491810872763395,-0.0007666004583239,-0.0429506684541702
1721665081796461000,67.9284609375,0.0346712812129408,0.0214120597325265,-0.0424514867603778
1721665081806505000,67.9385048828125,0.023194997626543,0.0492142588935792,-0.0122808049023151
1721665081816549000,67.94854907226562,0.0082641896720975,0.0570987285330891,-0.0162491240113973
1721665081826593000,67.95859301757812,0.0028035131134092,0.0721411071032285,-0.0263923323631286
1721665081836637000,67.96863696289063,0.0084102470792829,0.0759969057485461,-1.753565669e-06
1721665081846681000,67.97868115234375,-0.0002776478976011,0.0602744359597563,0.0063403089374303
1721665081856724000,67.98872387695313,0.0046957566007971,0.042463323328644,-0.0190104054182767
1721665081866768100,67.99876806640626,0.0083862086165696,0.0268127497322857,-0.0293798237413167
1721665081876812000,68.00881201171875,0.0175144677720963,0.0201725810654461,-0.0313508315533399
1721665081886856200,68.01885620117187,0.0093484777774661,0.0118973585426807,-0.042975218373537
1721665081896899800,68.02889990234375,-0.0034988749664276,0.0045737376563251,-0.0524035564541816
1721665081906944000,68.03894409179688,-0.0030563918959349,0.0008117547743022,-0.0515600913673639
1721665081916988000,68.04898779296875,-0.0119026192396879,-0.0069635554023087,-0.0372539181172847
1721665081927032000,68.05903198242187,-0.0141021751105785,-0.0107493575513362,-0.0285416193515062
1721665081937076000,68.06907592773437,-0.0076853668708354,-0.0275169524788856,-0.0299614230215549
1721665081947119900,68.07911987304688,-0.0151692928854376,-0.051545916711539,-0.0186281281024217
1721665081957163000,68.0891630859375,-0.0243066851954907,-0.0748956665083765,-0.0171054485797882
1721665081967207000,68.09920703125,-0.0267174726642668,-0.0723643944650888,-0.0172223529577255
1721665081977251000,68.1092509765625,-0.0277397283840924,-0.0742699358254671,-0.0207920281380414
1721665081987295000,68.119294921875,-0.0161853380601853,-0.0612669541284441,-0.0209194539099931
1721665081997339100,68.12933911132812,-0.0069409782443195,-0.0407590036287903,-0.0167272629171609
1721665082007383000,68.13938305664063,-0.0029069734878838,-0.0293105578973889,-0.0109843353509902
1721665082017427000,68.14942700195313,0.005989449673146,-0.0206697169326245,-0.0135913029789924
1721665082027471000,68.15947119140625,0.0110561584781855,-0.0005963584579527,-0.0025566987454891
1721665082037515000,68.16951489257812,0.0073122957747429,0.0204535899639129,0.0043429976403713
1721665082047559000,68.17955883789062,0.0041260669540613,0.0251983002729713,-0.0078828622043132
1721665082057603000,68.18960302734375,0.0048761546690016,0.0399764749489724,-0.0095791447281837
1721665082067646000,68.19964599609375,-0.0004272855013608,0.0400334658332169,-0.0132370827138423
1721665082077690000,68.20969018554688,-0.0046703298985958,0.042200288478285,-0.0020534253984689
1721665082087734000,68.21973413085938,-0.0132267805155366,0.0413224827304482,-0.0106347912609577
1721665082097778200,68.22977807617187,-0.0277694659352302,0.0400181221336126,-0.0055032735913991
1721665082107821800,68.23982177734375,-0.0343956791419535,0.0259394740290939,0.0158645086079835
1721665082117866000,68.24986596679688,-0.036605244950205,0.0187619836151599,0.0159703070700168
1721665082127910000,68.25990991210938,-0.042234921400249,0.008244242862612,0.0146148008078336
1721665082137954000,68.2699541015625,-0.0404711265981197,0.0022222060941159,-0.0128027829498052
1721665082147998200,68.27999829101563,-0.0272981220964342,0.0013037760749459,-0.0266202959001064
1721665082158041900,68.29004174804687,-0.0147531132999807,0.0017719781085848,-0.0427285501360893
1721665082168086000,68.3000859375,-0.0141498136445879,-0.0026975685209035,-0.0351905558466911
1721665082178129000,68.31012890625,-0.0076133976131677,-0.0059592006653547,-0.0376899714469909
1721665082188173000,68.32017309570313,-0.0036683132492005,-0.0117081195808947,-0.0259451731175184
1721665082198217000,68.33021704101563,-0.0096165541291236,-0.0048835342578589,0.0018102642923593
1721665082208261000,68.34026123046876,-0.0043552726000547,0.0036151217572391,-0.0062964697957038
1721665082218305000,68.35030493164062,0.0108946112409234,0.0085308047190308,-0.020084172129631
1721665082228349000,68.36034887695313,0.0206130183093249,0.0153239719904959,-0.0358288537502288
1721665082238393000,68.37039306640625,0.0273062323376536,0.0217106042876839,-0.0636661242246627
1721665082248437000,68.38043701171875,0.0115263332732021,0.0137888713777065,-0.0854389800935983
1721665082258481200,68.39048120117188,8.48287392407e-05,0.0006935352221131,-0.0713116705417633
1721665082268525000,68.40052514648437,-0.0136344114683568,-0.0006974807448685,-0.0272100784868001
1721665082278568000,68.41056787109375,-0.0137537269990891,-0.0031511575073003,-0.0417699342370033
1721665082288612000,68.42061206054687,-0.0158987031385302,-0.0124282505489885,-0.0911602803498506
1721665082298656000,68.43065600585938,-0.0137328303415328,-0.0189566294044256,-0.0615045622766017
1721665082308700200,68.4407001953125,0.0186484402380883,-0.041102702499926,0.0380266560554504
1721665082318744000,68.450744140625,0.068463441503793,-0.0498784218907356,0.1198848550528287
1721665082328788000,68.4607880859375,0.1002758261542767,-0.0374174381159245,0.0209387431323528
1721665082338832000,68.47083178710938,0.0811990044362843,-0.041203532525897,-0.0815869808405637
1721665082348876000,68.4808759765625,0.0453192972816526,-0.0416125517182052,-0.1609410880625247
1721665082358920200,68.49092016601563,0.0027215339183807,-0.0596646334983408,-0.1422282042860984
1721665082368963800,68.5009638671875,-0.0278341286692768,-0.049583968988806,-0.039657472127676
1721665082379008000,68.51100805664062,-0.0340891704760491,-0.0358399596661329,0.0630886165976524
1721665082389051000,68.52105078125,-0.0268449715014547,-0.0097512864246964,0.0885141497552394
1721665082399095000,68.53109497070312,0.0063997109744697,0.0327438933469355,0.0643354017883539
1721665082409139000,68.54113891601563,0.0249054548062384,0.0842367646969854,0.043512393990159
1721665082419183600,68.55118359375,0.0048559886638075,0.1221343875452876,0.037290742996335
1721665082429227800,68.56122778320312,-0.0277813755687326,0.144424983678013,0.0338029008805751
1721665082439271700,68.57127172851563,-0.0493714952819049,0.1593811452694237,0.0209235455632209
1721665082449315800,68.58131591796875,-0.0473228191237896,0.1752408315718173,-0.0293190334647893
1721665082459359700,68.59135986328126,-0.023732538569346,0.1460011469535529,-0.0438391417264938
1721665082469403600,68.60140356445312,-0.0136039432648569,0.1002295758597552,-0.0425567007005214
1721665082479447600,68.61144750976563,-0.0149745740309357,0.045559243517369,-0.0260755214989185
1721665082489490700,68.62149072265625,-0.0100406247600913,-0.0189329562678933,-0.0114443540781736
1721665082499534600,68.63153466796875,-0.0156027158666402,-0.0551990323916077,-0.0272083249211311
1721665082509578800,68.64157885742188,-0.0227377553783357,-0.1016150388687849,-0.0283270998179912
1721665082519623000,68.65162280273438,-0.0318844269733876,-0.1119642911866307,-0.0337070392906665
1721665082529666600,68.66166650390625,-0.0291625277288258,-0.1285230656690895,-0.0163058226346969
1721665082539710700,68.67171069335937,-0.0182645554870367,-0.1472330268360674,-0.0153442841261625
1721665082549754600,68.68175463867188,-0.0115275023169815,-0.1405684543803334,-0.0365606751561164
1721665082559798800,68.691798828125,-0.0147244717273861,-0.112731037775427,-0.0512023639708757
1721665082569842700,68.7018427734375,-0.0115731680896133,-0.1006486780546605,-0.0442804557532072
1721665082579886600,68.71188647460937,-0.0121423462796956,-0.0570367692127823,-0.0288905789196491
1721665082589929700,68.7219296875,-0.0268531548079103,-0.0201861711993813,0.0054909986317157
1721665082599973600,68.7319736328125,-0.0176407975655049,0.0037320261351764,0.0126508072584867
1721665082610017800,68.74201782226562,0.0017547347128391,0.0375451561488211,-0.0341471842736005
1721665082620061700,68.75206176757813,-0.0142995973788201,0.0780571992792189,0.0917903949469328
1721665082630105900,68.76210595703125,-0.0307611950971186,0.0985031904585659,0.1084755722880363
1721665082640149800,68.77214965820312,-0.0032931963264942,0.0871025293916463,-0.0377191975414752
1721665082650193700,68.78219360351562,0.0388184640202671,0.0623223084002733,-0.1681441513091325
1721665082660237800,68.79223779296875,0.0386768635924905,0.0296485576801002,-0.086045713815093
1721665082670281700,68.80228173828125,0.0308463160973042,0.0103512981444597,0.040938744109869
1721665082680325600,68.81232568359376,0.028554040441662,-0.0132353291481733,0.0490191747128963
1721665082690368800,68.82236865234376,0.0396558646924793,0.0074411097861826,-0.0212824420034885
1721665082700412700,68.83241259765624,0.0432780737776309,0.0214082603402435,-0.0396907898753881
1721665082710456600,68.84245654296875,0.0269309692844748,0.047047436248511,-0.0183311909824609
1721665082720500700,68.85250073242187,0.0125179746590554,0.0624232845567166,-0.0055862756997346
1721665082730545000,68.862544921875,0.0046435880221426,0.074855626758933,0.0064203884363174
1721665082740588500,68.87258862304688,0.0028646687161177,0.0799555802464485,0.0005149637848138
1721665082750632700,68.8826328125,0.0001032411787658,0.0743080758787691,0.0015361235260963
1721665082760676600,68.89267651367187,-0.0039774522636085,0.0543397852137684,0.0049620063215494
1721665082770720800,68.902720703125,0.0099229166645556,0.0406175493314862,-0.0016571195572614
1721665082780765000,68.91276489257812,0.0027360008351504,0.0141233640290796,-0.0090875618189573
1721665082790807800,68.92280786132812,0.0014047522313892,-0.0044667701505124,-0.0145434891372919
1721665082800851700,68.93285180664063,-0.0006250730957835,-0.0190058753736317,-0.0330868615657091
1721665082810895600,68.9428955078125,-0.0031723464258015,-0.0352744347378611,-0.0385772756755352
1721665082820939800,68.95293969726562,-0.0019172317981719,-0.054415188537538,-0.033299627533555
1721665082830983700,68.96298364257812,-0.0039319326214492,-0.0556207649350166,-0.0140372931808233
1721665082841027800,68.97302783203125,-0.0031351562205702,-0.0664449412882328,-0.0254524211645126
1721665082851071700,68.98307177734375,-0.0003881225347518,-0.0707623660959303,-0.0323293211966752
1721665082861115600,68.99311572265626,-0.0152374627508223,-0.0728280664540827,-0.0383732775360345
1721665082871159800,69.00315991210938,-0.0237253781761974,-0.0714993020683527,-0.0293511821687221
1721665082881203700,69.01320361328125,-0.0295484583064913,-0.069334379119426,-0.0384323142468929
1721665082891246800,69.02324682617187,-0.0228164466377347,-0.054316404338181,-0.0415846407979726
1721665082901290800,69.03329077148437,-0.0170399821281433,-0.0411477106854319,-0.0500748212456703
1721665082911334700,69.04333471679688,-0.0099433018654584,-0.0203258719310164,-0.0546498740762472
1721665082921378600,69.05337866210938,0.0117267512161284,0.0046766135089099,-0.0411059173703193
1721665082931422700,69.06342260742187,0.0081768767148256,0.0120987263336777,-0.019595511829853
1721665082941467000,69.073466796875,0.0088895550288259,0.0216959912404417,-0.0170434892594814
1721665082951510800,69.0835107421875,0.0015210720874369,0.0464807422764599,-0.0077232877284288
1721665082961554700,69.0935546875,-0.000350055546686,0.054044017137587,0.0010170680880546
1721665082971598600,69.1035986328125,-0.0114611590825021,0.0689579470224678,-0.0098386724472045
1721665082981641700,69.11364184570313,-0.0178597740784287,0.0795282947450876,-0.0057388359129428
1721665082991685600,69.123685546875,-0.0155779467515647,0.0675837360598146,0.0007277297526597
1721665083001729800,69.13372973632812,-0.0255824772849679,0.0551784279949963,0.0054810617595911
1721665083011774000,69.14377392578125,-0.0261069395504891,0.0502529542915523,0.0228168119639158
1721665083021817600,69.15381762695313,-0.0236626882035285,0.0402750195041298,-0.003522913429141
1721665083031861800,69.16386181640625,-0.0284742532037198,0.0213799110285937,-0.0199520701825618
1721665083041905700,69.17390576171876,-0.0263425018720328,0.0009406418509781,-0.0262789351165294
1721665083051949800,69.18394970703125,-0.0162887984346598,-0.015430062713474,-0.0194423670947551
1721665083061993500,69.19399340820313,-0.0194309689179062,-0.0236110310815274,0.0024584990680217
1721665083072037600,69.20403759765625,-0.0225936707325279,-0.0224159760780632,0.0392798709869384
1721665083082080500,69.21408056640625,-0.0231598532479256,-0.0196232766196131,0.0405102895647287
1721665083092124700,69.22412475585938,-0.0173835348688066,-0.011413666678965,-0.0092430446416139
1721665083102168800,69.2341689453125,0.0036154870834201,0.0093787998504936,-0.0363315425753593
1721665083112212700,69.24421264648437,0.0169103643991053,0.011900573413074,-0.0563560934722423
1721665083122256600,69.25425659179687,0.0176626440711319,0.0017737316742539,-0.0721773474603891
1721665083132300500,69.26430053710938,0.0098704558249562,-0.0016445523366332,-0.0709457598388195
1721665083142344700,69.2743447265625,-0.0036315614353865,-0.0184795134119689,-0.0462871194005012
1721665083152388900,69.28438891601563,-0.0144947546247392,-0.0292293093547225,-0.0092792849987745
1721665083162432800,69.29443286132812,-0.019090192656219,-0.0253055600397288,-0.0883984144210815
1721665083172476700,69.3044765625,-0.0125457394488155,-0.0202418469093739,-0.091730189192295
1721665083182519600,69.31451953125,-0.0053321548081934,-0.0319397373571991,-0.0625374124556779
1721665083192563700,69.32456372070313,0.0277389977317303,-0.0484426899991929,0.0773515352278947
1721665083202607600,69.33460766601563,0.0767744659923017,-0.0319495280988514,0.0627981092184782
1721665083212651800,69.34465185546875,0.0877117473311722,-0.0244958510920405,-0.0451508088469505
1721665083222696000,69.35469604492188,0.0660455667071044,-0.0366069985158741,-0.1535907252997159
1721665083232739600,69.36473950195312,0.0269961434751749,-0.0463743592925369,-0.2031920838147401
1721665083242783700,69.37478369140625,-0.0131665016956627,-0.0548481731273233,-0.1252162792086601
1721665083252827600,69.38482763671875,-0.0242787012100219,-0.0510284687086939,-0.0081359601825475
1721665083262871800,69.39487182617188,-0.0271923966996371,-0.02786781174317,0.0747393069028854
1721665083272914700,69.40491479492188,-0.004490881678462,0.014925474192202,0.0624994185328483
1721665083282958800,69.41495874023437,0.029745880574733,0.0565364184752106,0.0259153625011444
1721665083293002500,69.42500244140625,0.0245315069273114,0.1057199899695813,0.0097919106960296
1721665083303046700,69.43504663085938,-0.0045773178528994,0.1294445644281804,0.0173731596052646
1721665083313090800,69.4450908203125,-0.0375451561488211,0.1658772292904555,0.0249660989522933
1721665083323134700,69.455134765625,-0.0455635543663054,0.1845326837912201,0.001702712264657
1721665083333179000,69.46517895507813,-0.0419090504467487,0.1729844309471547,-0.0349456411749124
1721665083343222500,69.47522241210937,-0.010855667470023,0.1347651749290525,-0.0408358682572841
1721665083353266700,69.4852666015625,0.0006616787791252,0.0799510502018034,-0.0258785376220941
1721665083363309600,69.4953095703125,0.0049115913085639,0.0090818627305328,0.0048602995127439
1721665083373353700,69.50535375976563,-0.0024362141709774,-0.0466071451351046,0.0167231712639331
1721665083383398000,69.51539794921875,-0.0144603408984839,-0.0987893139235675,-0.0012169745743274
1721665083393441800,69.52544189453126,-0.0170808255951851,-0.1230335283420979,-0.0134878426045179
1721665083403485700,69.53548559570312,-0.021428864736855,-0.1320133920028805,-0.0022054010897874
1721665083413529600,69.54552954101563,-0.0170955117076635,-0.1437048527099192,-0.0002846621602773
1721665083423573200,69.5555732421875,-0.0194192784801125,-0.1462155203565955,0.0031780455142259
1721665083433617200,69.5656171875,-0.0143042004887014,-0.135574591615796,-0.0110965635538101
1721665083443661300,69.57566137695312,-0.0174197021607309,-0.1221745734252035,-0.0174941556364297
1721665083453705200,69.58570532226562,-0.0258808757096529,-0.0814697842016816,-0.0152215345293283
1721665083463748000,69.595748046875,-0.0280921220183372,-0.0473234767109155,0.0100958620786666
1721665083473792300,69.60579223632813,-0.0378567793812602,-0.0135087392620742,0.015514964517951
1721665083483836200,69.61583618164063,-0.026203239531815,0.0319210326567292,-0.0206564190596342
1721665083493880300,69.62588037109376,-0.0214375594999641,0.0755465316325426,0.0174672676295042
1721665083503924200,69.63592431640625,-0.0424188996650278,0.1080114619076251,0.1095540151745081
1721665083513968000,69.64596801757813,-0.0491563912265002,0.1094476321905851,0.0121726683527231
1721665083524012300,69.65601220703125,-0.0029133301634341,0.0771792474009096,-0.1666559585779905
1721665083534056200,69.66605615234376,0.0175654673069715,0.0484651940919458,-0.1581149247258901
1721665083544100400,69.67610034179687,0.0182564452458173,0.0180010822452604,-0.0072153382062911
1721665083554143200,69.68614331054688,0.0305440452151,-0.0004730243392288,0.0431236869335174
1721665083564187400,69.6961875,0.0390313030533492,0.0091335929177701,-0.0222621006906032
1721665083574231000,69.70623095703125,0.0439708052821457,0.0216109433054924,-0.0560854598373174
1721665083584275200,69.71627514648438,0.0357793155200779,0.0498806138478219,-0.0432575424462556
1721665083594319000,69.72631909179688,0.0206001588277518,0.0595113426327705,-0.0127250415384769
1721665083604363300,69.73636328125,0.0134866004955023,0.0843602449461817,-0.0032838439762592
1721665083614407400,69.74640747070312,0.0087070380687713,0.0866378344893455,-0.0112643213361501
1721665083624451000,69.756451171875,0.0033423692304641,0.0759808313965797,-0.0104015670269727
1721665083634495200,69.7664951171875,0.0096928342357277,0.0626861732766032,-0.0056336219727993
1721665083644538000,69.7765380859375,0.0175445706494152,0.0338940862953662,-0.0053927989542484
1721665083654582300,69.78658227539063,0.0215296947628259,0.0090204879321157,0.0006195932030677
1721665083664626200,69.79662622070313,0.0167201025240123,-0.0129278706341981,-0.0114735801726579
1721665083674670300,69.80667041015624,0.0154801124002784,-0.0313327113747596,-0.0293242941617965
1721665083684714200,69.81671435546875,0.0181096571862697,-0.0494635574795305,-0.0299415492773056
1721665083694758100,69.82675805664063,0.0111454441968351,-0.0507720097295939,-0.004315525111556
1721665083704802300,69.83680224609375,0.0027298633553087,-0.0476204138308763,-0.0053401919841766
1721665083714846200,69.84684619140624,-0.0026591362066566,-0.0638778672792017,-0.0049228433549404
1721665083724890000,69.85689013671875,-0.0036794191651046,-0.0610432283751666,-0.0042523967474699
1721665083734933200,69.86693334960937,-0.0030418519139289,-0.059431117003411,-0.0197539172619581
1721665083744977200,69.87697705078125,-0.0176014154031872,-0.0647829994253814,-0.0185264212936162
1721665083755021300,69.88702124023438,-0.0279654268987476,-0.061486295967549,-0.0194067112594842
1721665083765065200,69.89706518554688,-0.0349448374573141,-0.0574098403088748,-0.0323842662543058
1721665083775109400,69.907109375,-0.0383816800381988,-0.049402036550641,-0.0342559053450822
1721665083785153000,69.91715307617187,-0.0155726860545575,-0.0286322202444076,-0.0352566068202257
1721665083795197200,69.927197265625,-0.0080680095128715,-0.0157939275898039,-0.0315828867435455
1721665083805241000,69.93724096679688,-0.0158218385100364,-0.0045078328132629,-0.0207505270838737
1721665083815285200,69.94728515625,-0.005651888281852,0.0199710671439766,-0.0174240130096673
1721665083825329400,69.95732934570313,-0.0038723113887012,0.0309844824589788,-0.0100099373608827
1721665083835372300,69.96737231445313,0.0020700112070888,0.0579950928509235,-0.0100584526777267
1721665083845416200,69.97741625976562,-0.0094956311631947,0.0741107997409999,-0.0112438630700111
1721665083855460000,69.98746020507812,-0.0069131403893232,0.0714019791737198,-0.0133376204788684
1721665083865504300,69.99750415039063,-0.0154921681642532,0.0669986296482384,0.0067062196403741
1721665083875548200,70.00754809570313,-0.0213363641478121,0.0672435443200171,-0.0145358903527259
1721665083885592300,70.01759228515625,-0.019305077515915,0.0637619858145713,-0.0342617505639791
1721665083895636200,70.02763623046874,-0.0200081112187355,0.0409298301510512,-0.0563204376369714
1721665083905680100,70.03768017578125,-0.0232204243287444,0.0313534619018435,-0.0337619843482971
1721665083915723300,70.04772314453125,-0.0355047363623976,0.0110689448945224,-0.0244996504843235
1721665083925767200,70.05776708984375,-0.0466178857248276,7.46726714074e-05,0.0015752864927053
1721665083935811300,70.06781127929688,-0.0423596437584608,-0.0003507131338119,0.0517044682741165
1721665083945855200,70.07785522460938,-0.0374720909126102,0.0004909983873367,0.0325736513465642
1721665083955899100,70.08789916992187,-0.018601532356441,0.0045246378175914,-0.0171527948528528
1721665083965943000,70.09794311523437,0.0033451457094401,0.0205054662816226,-0.0357172100692987
1721665083975987200,70.1079873046875,0.0103526863839477,0.0228588975399732,-0.0499170003354549
1721665083986031400,70.11803125,0.0171334325652569,0.0022121230915188,-0.0703624069929122
1721665083996075300,70.1280751953125,0.0172317783731967,-0.018060557347536,-0.0757341631591319
1721665084006118400,70.13811840820313,0.0113100601740181,-0.0259223767638206,-0.0294090498358011
1721665084016162000,70.148162109375,-0.0108388624656945,-0.032033260859549,-0.0078688336789608
1721665084026206200,70.15820629882812,-0.0160307320203632,-0.0247043792761862,-0.0738110861420631
1721665084036250000,70.16825,-0.0079222443666309,-0.0218429984956979,-0.0823755008697509
1721665084046294300,70.17829418945313,0.0004000321682542,-0.0569298017069697,-0.0084048402518033
1721665084056338400,70.18833837890625,0.0548087178997695,-0.0595529898174107,0.1089028577893972
1721665084066382000,70.19838208007812,0.0930201559375971,-0.0486760603636503,0.0369628262162208
1721665084076426200,70.20842626953124,0.0852257026690989,-0.0596636105850338,-0.0762578947722911
1721665084086470100,70.21847021484375,0.0466805756974965,-0.0637596477270126,-0.1740250260412693
1721665084096513300,70.22851318359375,0.0062985156223177,-0.0666074383735656,-0.1752811635822057
1721665084106557200,70.23855712890625,-0.0191323512975126,-0.0556755638621747,-0.0601917261123657
1721665084116601300,70.24860131835938,-0.0299851692233234,-0.0468856698155403,0.0460556487321853
1721665084126645200,70.25864526367188,-0.0119179629392921,-0.0174336576208472,0.0912637407243251
1721665084136689200,70.26868920898437,0.0287621302343904,0.0300626914389431,0.0622767156928777
1721665084146733300,70.2787333984375,0.0446184555359184,0.0652688832461833,0.0364665671318769
1721665084156777200,70.28877709960938,0.017722995956242,0.1049735555164515,0.0237473708122968
1721665084166821000,70.29882104492188,-0.0226188782390207,0.1489079743109643,0.0376981547534465
1721665084176865000,70.30886499023437,-0.0550776710342615,0.1668652174144983,0.0367132353693246
1721665084186908200,70.318908203125,-0.0587094516653567,0.1755637799158692,0.005585691177845
1721665084196952000,70.3289521484375,-0.0379366396844387,0.1699365876838564,-0.029985388419032
1721665084206996200,70.33899633789062,-0.0096126086063683,0.1326537357330322,-0.0334369901776313
1721665084217040400,70.34904028320312,0.0055062692660838,0.0818310187295079,-0.0158697693049907
1721665084227084000,70.359083984375,0.0017851298511028,0.0165945764482021,-0.0065706105619668
1721665084237128200,70.36912817382813,0.0012239157717674,-0.0410759606234729,-0.0182376674801111
1721665084247172000,70.37917211914062,-0.0030598259620368,-0.0704503775373101,-0.0320025734603405
1721665084257216300,70.38921630859375,-0.0175442053232342,-0.1027425815939903,-0.0322989260584115
1721665084267260400,70.39926049804687,-0.0156997465003281,-0.1216689619906246,-0.0383680168390274
1721665084277303300,70.40930322265625,-0.0095232498224824,-0.1215291151285171,-0.0223620539337396
1721665084287347200,70.41934716796875,0.0021976561747491,-0.1261409928381442,-0.0392085593163967
1721665084297391000,70.42939111328126,-0.003139613199979,-0.1109605209715664,-0.0312567235291004
1721665084307435300,70.43943530273438,-0.0141655957356095,-0.0925070187836885,-0.0517465538501739
1721665084317479200,70.44947924804687,-0.0228318634025752,-0.0623532880604267,-0.0195557643413543
1721665084327523300,70.4595234375,-0.0376905559688806,-0.0336522403635084,0.012336919003725
1721665084337567200,70.46956713867188,-0.0250071616150438,0.000493190344423,-0.013961305335164
1721665084347611100,70.47961108398438,-0.0230550776991993,0.0341474765345454,-0.0409615404635667
1721665084357654300,70.489654296875,-0.0474624467901885,0.0507838462978601,0.0766290661722421
1721665084367698200,70.4996982421875,-0.0587402121298015,0.0731546680599451,0.0837993961930275
1721665084377742300,70.50974243164063,-0.0373627853192389,0.0579949467204511,-0.0901975727975368
1721665084387786200,70.5197861328125,0.0038477614693343,0.0291001300171017,-0.1709796669960022
1721665084397830100,70.529830078125,0.0134101011931896,0.0046387657165527,-0.046927170869708
1721665084407874000,70.5398740234375,0.006008885025978,-0.0182307993479073,0.0703892949998378
1721665084417918500,70.54991845703125,0.0292528363607823,-0.0067588266104459,0.0526981554865837
1721665084427962400,70.55996240234376,0.0466040033299475,-0.005013882639259,-0.0302542684882879
1721665084438006500,70.57000659179687,0.050548503172025,0.026664865694195,-0.0591536152362823
1721665084448049400,70.58004931640625,0.0273524095669388,0.054289370200783,-0.0287649067133665
1721665084458093300,70.59009326171875,0.0114884124156087,0.0727802817896008,0.0027343933999538
1721665084468137200,70.60013720703125,-0.0011557459063827,0.0865640386007726,0.0087847794800996
1721665084478181400,70.61018139648438,-0.0038355595748871,0.0937986660294234,0.0145668700128793
1721665084488225500,70.6202255859375,-0.005062397956103,0.0910188260525464,0.0172603468805551
1721665084498269400,70.63026953125,-0.0065492755129933,0.0722574269592762,0.0094324297338724
1721665084508313300,70.64031323242187,0.0061322922099381,0.0568111437633633,0.0098170451372861
1721665084518357200,70.65035717773438,0.0113317605491727,0.0425355117820203,0.0023766660034656
1721665084528401400,70.6604013671875,0.0092454557944089,0.0123056470826268,-0.0156657711654901
1721665084538444300,70.6704443359375,0.0090299133475869,-0.0048205520242452,-0.0300397489547729
1721665084548488400,70.68048852539063,0.0060020168937742,-0.0339794264912605,-0.029866145953536
1721665084558532400,70.69053247070312,0.0148790777672082,-0.049926060424745,-0.0314876096755266
1721665084568576300,70.700576171875,0.0232495773579925,-0.0479195429079234,-0.0258159937798976
1721665084578620400,70.71062036132813,0.0107116558894515,-0.0602802811786532,-0.0420662868350744
1721665084588664300,70.72066430664063,0.0053328123953193,-0.0747457366436719,-0.0482259785085916
1721665084598708500,70.73070849609375,-0.0048430561169981,-0.0731755647175014,-0.0303390241622924
1721665084608752000,70.74075219726562,-0.0162054310001432,-0.076028762191534,-0.0245692085891962
1721665084618795500,70.75079541015624,-0.02429397184439,-0.0789591165550053,-0.0292564896225929
1721665084628839200,70.76083911132812,-0.021475991814211,-0.0659770315155386,-0.0477741430878639
1721665084638883300,70.77088330078125,-0.0106212741922587,-0.0523097406908869,-0.0499649311304092
1721665084648927500,70.78092749023438,-0.002610401694104,-0.029843641860783,-0.0463163454949855
1721665084658971400,70.79097143554688,-0.0077459379516541,-0.0143260469943284,-0.0265144974380731
1721665084669015300,70.80101538085937,-0.0019178893852978,0.0019802140317857,-0.0031266075879335
1721665084679059200,70.81105908203125,-0.0019097791440784,0.0275001474745571,-0.0187789347499609
1721665084689103400,70.82110327148438,-0.0056339142337441,0.0498413047507405,-0.0234568634331226
1721665084699146200,70.83114624023438,-0.008178411084786,0.0579996228955686,-0.0077256258159875
1721665084709190400,70.8411904296875,-0.010396452460438,0.0703942634359002,-0.0142559043675661
1721665084719234300,70.851234375,-0.0164370477989315,0.0785826844580471,-0.0129687871664762
1721665084729278200,70.8612783203125,-0.0161282741107046,0.0838547796420753,-0.0147568396270275
1721665084739322400,70.871322265625,-0.0053632805988192,0.0851895353771746,-0.0269335996329784
1721665084749366300,70.8813662109375,-0.0166446261350065,0.0859441531367599,-0.0154535897195339
1721665084759410400,70.89141040039063,-0.0224309544514864,0.0739103087328374,-0.0159200381875038
1721665084769454300,70.90145434570313,-0.0217883456990122,0.0472922047898173,-0.0068529346346855
1721665084779498200,70.91149829101562,-0.0275236014153808,0.0329977219775319,0.0271463656008243
1721665084789541000,70.921541015625,-0.0356463367901742,0.0142228788807988,0.0651397039085626
1721665084799585300,70.93158520507812,-0.0469220563031733,0.0087950086131691,0.0556464838981628
1721665084809629400,70.94162939453125,-0.02746441857405,-0.0051522681966423,0.0023328268617391
1721665084819673300,70.95167333984375,-0.0105717359621077,-0.0079373688705265,-0.0189694888859987
1721665084829717500,70.96171752929688,-0.0111559655908495,-0.0281859377816319,-0.0314005159139633
1721665084839761200,70.97176123046874,-0.0045048371385782,-0.0294844531595706,-0.0390630133658647
1721665084849805300,70.98180541992187,0.0088452774956822,-0.0396427129499614,-0.0537508794099092
1721665084859849500,70.99184936523437,0.0004649871632456,-0.0412486868418753,-0.0288578456938266
1721665084869892400,71.00189233398437,-0.0088809333309531,-0.0423427656888961,-0.0138783032268285
1721665084879936500,71.0119365234375,-0.0081878365002572,-0.0387343659333884,-0.0796516288638114
1721665084889980400,71.02198046875,-0.0109375005345791,-0.0252292799331247,-0.068309566116333
1721665084900024300,71.0320244140625,0.0007813596360385,-0.0437340739168226,-0.021697452545166
1721665084910068200,71.04206811523437,0.0479147936675697,-0.0505050293564796,0.0654600219041109
1721665084920112400,71.0521123046875,0.0889710997425019,-0.0432766855381429,0.0102156890660524
1721665084930156300,71.06215625,0.0857121710117906,-0.0541845946520566,-0.1025070192724466
1721665084940200400,71.07220043945313,0.0400771588444709,-0.0578241201981902,-0.1852963616400957
1721665084950243300,71.08224340820313,0.0069564680743962,-0.0810293469578027,-0.1871311758518219
1721665084960287200,71.09228735351563,-0.0116820352915674,-0.0799416978515684,-0.0765139153599739
1721665084970331400,71.10233129882812,-0.0268931214921176,-0.0509296845093369,0.04384615598917
1721665084980375300,71.11237524414062,-0.0159838241387158,-0.0172372582659125,0.0888707081079483
1721665084990419500,71.12241943359375,0.012646423344314,0.0391518606930971,0.0604641133129596
1721665085000463400,71.13246337890625,0.0291315480686724,0.0890150850147008,0.0412047015696764
1721665085010507300,71.14250732421876,0.0108686730820685,0.1417630709923803,0.0533481438279151
1721665085020551400,71.15255151367188,-0.0255678642377257,0.1827753187298774,0.0512467876344919
1721665085030594300,71.16259423828124,-0.0578762157116085,0.2188562475450337,0.0310574015647172
1721665085040638500,71.17263842773437,-0.0512635926388204,0.2135993499301373,0.0057359133034944
1721665085050682400,71.18268237304687,-0.0302243848066776,0.191625564661622,-0.0190396315127611
1721665085060726500,71.1927265625,-0.002476619246602,0.1420959562085569,-0.0147621003240346
1721665085070770200,71.20277026367188,0.0096291213497519,0.0714746060185134,0.010684475621581
1721665085080814300,71.212814453125,-0.0017318652939051,0.0080665482081472,0.0151174896329641
1721665085090858500,71.2228583984375,0.0026229689147323,-0.0470294622004032,0.027381927922368
1721665085100902400,71.23290234375,0.0002074322056025,-0.0931076150253415,0.0168552732110023
1721665085110946300,71.2429462890625,-0.0084749828785657,-0.1110273025974631,0.0126806178748607
1721665085120989400,71.25298950195312,-0.0043545419476926,-0.1244223523519933,5.14379262924e-05
1721665085131033300,71.26303344726563,0.0022656068444252,-0.1391582953214645,-0.0190969146579504
1721665085141077200,71.2730771484375,0.009784750302881,-0.1408108848340809,-0.0241764098793268
1721665085151121400,71.28312133789062,0.0175283501669764,-0.1258827802933752,-0.0330009368479251
1721665085161165300,71.29316528320312,0.0064544368363916,-0.0990793829113245,-0.0211707983225584
1721665085171209200,71.30320922851563,-0.0009177724320441,-0.066187167134881,-0.0029740473747253
1721665085181253400,71.31325341796875,-0.0085362115465104,-0.0306606573320925,0.0186994397729635
1721665085191297300,71.32329736328126,-0.0227993493724614,0.0018828911371529,0.0060176528543233
1721665085201340400,71.33334033203126,-0.0196177236616611,0.0336705066725611,-0.0314712430626153
1721665085211384300,71.34338427734374,-0.0475195838049054,0.0690495708286762,0.093440500241518
1721665085221428500,71.35342846679687,-0.0664472793757915,0.0860742092572152,0.0855026929795742
1721665085231472000,71.36347216796875,-0.0415055111471563,0.0729373720474541,-0.1085416232615709
1721665085241516300,71.37351635742188,-0.0133493109166622,0.0348743295043706,-0.1997761378914117
1721665085251560400,71.383560546875,-0.0033885464597493,-0.0013476152166724,-0.0824286923617124
1721665085261604400,71.39360424804687,0.0036884061891585,-0.0283510652154684,0.0324462255746126
1721665085271648500,71.4036484375,0.0210778593420982,-0.0465817184329032,0.0268494284808635
1721665085281691400,71.41369140625,0.0330129195466637,-0.0201278651408851,-0.0472059878110885
1721665085291735300,71.4237353515625,0.0238370218571275,0.0136281278580427,-0.0563198531150817
1721665085301779200,71.433779296875,0.0090522713098675,0.0327067762069404,-0.0461696305006742
1721665085311823400,71.4438232421875,0.0008133622094988,0.0676686378642916,-0.0154331314533948
1721665085321867300,71.4538671875,-0.0027980332206934,0.0863452812835574,-0.0046826048582792
1721665085331911400,71.46391137695312,-0.0155526661798357,0.1004578316576778,-0.003190904995799
1721665085341955300,71.47395532226562,-0.0148930332273244,0.0981114146620035,0.0103384386628866
1721665085351999200,71.48399926757813,-0.0016582155358046,0.0774779380865395,0.0065296940296888
1721665085362042400,71.49404248046875,0.0033892771121114,0.055783115889877,-0.0009013327538967
1721665085372086300,71.50408618164063,0.0073781275525689,0.0359274918191134,0.0107639705985784
1721665085382130400,71.51413037109376,0.005587444743514,0.0146999948732554,0.0149649294197559
1721665085392174300,71.52417431640625,0.0029333500381559,-0.0119170861564576,-0.003416530445218
1721665085402218200,71.53421826171875,0.0007670388497412,-0.0278017607696354,-0.0075689739495515
1721665085412262400,71.54426245117187,-0.0013420622587203,-0.0350097924523055,-0.0004161795854568
1721665085422306000,71.55430615234376,0.0005672054287046,-0.0520921524174511,-0.0163496617764234
1721665085432350200,71.56435009765624,0.0128181997146457,-0.055424073319137,-0.024526538491249
1721665085442393000,71.57439306640624,0.0193682789452373,-0.0669020374059677,-0.0292652574509382
1721665085452437200,71.58443725585937,0.0019322832368314,-0.0808253488183021,-0.020005846196413
1721665085462481000,71.59448095703125,-0.0100098642956465,-0.0843573223367333,-0.0299345350146293
1721665085472525000,71.60452514648438,-0.0107809217333793,-0.0707894002333283,-0.0218891757249832
1721665085482569200,71.6145693359375,-0.0029565847832709,-0.0598868979468941,-0.029660978770256
1721665085492613000,71.62461303710937,-0.000807516990602,-0.0379246569857001,-0.0551911413460969
1721665085502657300,71.6346572265625,0.0021965601962059,-0.0366527373537421,-0.040313890209794
1721665085512701000,71.64470092773438,0.0057000382725149,-0.023300357697159,-0.030863924819231
1721665085522744000,71.654744140625,0.010648089133948,0.0019118249706923,-0.0151519764244556
1721665085532788000,71.6647880859375,-0.0007907119862735,0.0202804253540933,-0.0060100540697574
1721665085542832000,71.67483203125,-0.0052502486784011,0.0371069108620285,-0.0025432547420263
1721665085552876300,71.68487622070313,0.0013202888183295,0.0457929061427712,-0.0072802201360464
1721665085562920200,71.69492016601562,-0.0011501929484307,0.0613224837079644,-0.0272217689245939
1721665085572964000,71.70496411132812,0.0027034137398004,0.0725083329804241,-0.0483428828865289
1721665085583008000,71.71500805664063,0.0077590896941721,0.0618438772335648,-0.0325292276829481
1721665085593052200,71.72505224609375,-0.0006345715764909,0.0533253474742174,-0.0470253705471754
1721665085603095000,71.73509497070313,-0.0078116966642439,0.0446263465814292,-0.0200882637828588
1721665085613139200,71.74513916015626,-0.0310264219045639,0.0389092841088771,0.0286696296453475
1721665085623183400,71.75518334960938,-0.0483871604196727,0.0288422097332775,0.0388221903473138
1721665085633227000,71.76522705078125,-0.0490858102083206,0.0279427766755223,0.0050572833895683
1721665085643271200,71.77527124023437,-0.0411873851086944,0.0392215649284422,-0.0089648122221231
1721665085653315000,71.78531518554688,-0.0443814319096505,0.0360199924081563,0.0094184012085199
1721665085663359200,71.79535913085938,-0.0334893779519945,0.0346000426076352,0.0205599729478359
1721665085673403100,71.80540307617187,-0.0211773011285811,0.0136164374202489,0.0007031798332929
1721665085683446300,71.8154462890625,-0.0141599697124212,-0.0027045827835798,-0.0161345577210187
1721665085693490000,71.82548999023437,-0.0161615918584167,-0.0262580384589731,0.0071142159193754
1721665085703534000,71.8355341796875,-0.0179345928803086,-0.0351394101813435,-0.0327373174756765
1721665085713578200,71.845578125,-0.0155022511668503,-0.0368741250194609,-0.1148696572393178
1721665085723622100,71.8556220703125,-0.014494316233322,-0.0440736811347305,-0.1230535482168197
1721665085733666300,71.86566625976562,0.0104407299935817,-0.0533982665799558,-0.0055365913391113
1721665085743710000,71.8757099609375,0.0504937042448669,-0.0675417966142296,0.113474403488636
1721665085753754000,71.88575415039062,0.0957073491949588,-0.0738258453197777,0.0013712883532047
1721665085763797000,71.895796875,0.0959746218290179,-0.0527810114644467,-0.0932049379199743
1721665085773841200,71.90584106445313,0.0486759142331778,-0.0412098161362111,-0.1247492462188005
1721665085783885300,71.91588525390625,0.0046712797466665,-0.0481108276963233,-0.1453793617933988
1721665085793929200,71.92592919921876,-0.0133563982445746,-0.0521574727386236,-0.1364443601876497
1721665085803973000,71.93597314453125,-0.0338102804694324,-0.029459610979259,-0.0550982023656368
1721665085814017000,71.94601708984375,-0.033066037973389,0.0009517477668821,0.01053717610538
1721665085824061200,71.95606127929688,-0.0067217094704508,0.0391936540082097,0.0044184009641408
1721665085834105000,71.96610498046876,0.0033532559506595,0.0725698539093136,0.0236707984447479
1721665085844148200,71.97614819335938,0.0004613339014351,0.1182772737257182,0.0523515340059995
1721665085854192000,71.98619213867188,-0.0195931737422943,0.1380335290752351,0.0617839637398719
1721665085864236000,71.99623608398437,-0.0406114849168807,0.1446004863753914,0.0393055899500846
1721665085874280200,72.0062802734375,-0.0406026440232992,0.1463163503825664,-0.0046352585852146
1721665085884324000,72.01632397460938,-0.0274525820057839,0.132498399040848,-0.0341121129602193
1721665085894368300,72.0263681640625,-0.0156889328453689,0.0851402894079685,-0.0160755210101604
1721665085904412000,72.03641186523437,-0.0055789691761136,0.0417716878026723,0.0192582426995038
1721665085914456000,72.0464560546875,-0.003377002152428,-0.0033941724829375,0.0463414799362421
1721665085924499000,72.0564990234375,0.0055718818482011,-0.0428447238616645,0.0578109684556722
1721665085934543000,72.06654321289062,-0.0068722969222813,-0.0559158023588359,0.0377764806866645
1721665085944587300,72.07658715820313,0.0021319705273956,-0.0635541882827877,0.0121843587905168
1721665085954631200,72.08663110351563,0.0134779057323932,-0.0685350454352796,-0.0090858082532882
1721665085964675000,72.09667504882813,0.0227633282110095,-0.0828571469068527,-0.0030254853010177
1721665085974719000,72.10671899414062,0.0213711432002484,-0.0929990400843322,0.0017898060262203
1721665085984763100,72.11676318359375,0.0186105193804949,-0.0908580825328826,0.0004459902018308
1721665085994807300,72.12680737304687,0.0084433456312865,-0.0677893416345119,-0.007924363258481
1721665086004850200,72.13685009765625,-0.002450973348692,-0.0440909245304763,-0.005382277560234
1721665086014894300,72.14689428710938,-0.0233067143727093,-0.0179671799756586,-0.0012964695513248
1721665086024938000,72.15693798828126,-0.0207286805782467,-0.0012270575769245,-0.0174982472896575
1721665086034982100,72.16698217773437,-0.0244366682507097,0.0383377678312361,-0.0288420636028051
1721665086045026000,72.17702612304687,-0.0485663163788616,0.0582087356016039,0.1248375090241432
1721665086055070200,72.1870703125,-0.0512657845959067,0.0719992144145071,0.0549561635464429
1721665086065114000,72.19711401367188,-0.0127955494914203,0.0543684267863631,-0.0824830528974533
1721665086075158000,72.20715795898437,0.0233593213427811,0.0197974641427397,-0.2158510743796825
1721665086085201200,72.217201171875,0.0319755393229424,-0.0148499247379601,-0.1586468396455049
1721665086095245000,72.2272451171875,0.0171069098845124,-0.0377301573269069,-0.0110696755468845
1721665086105289200,72.23728930664062,0.0173160225905478,-0.0364779653087258,0.0290080678194761
1721665086115333000,72.2473330078125,0.0148532857388257,-0.0071513330593705,-0.0023953707039356
1721665086125377300,72.25737719726563,0.0055767772190272,0.0099583533041179,-0.024310265392065
1721665086135421000,72.2674208984375,-0.0016223405048251,0.0309454656228423,-0.0323866043418645
1721665086145465000,72.27746508789062,-0.0072074471607804,0.0607528671264648,-0.0264642285555601
1721665086155508000,72.28750805664062,-0.0050923547029495,0.0793709122262895,-0.0092646719515323
1721665086165552000,72.29755224609374,-0.0036160716053098,0.0661367521218955,-0.0170154322087764
1721665086175596300,72.30759619140625,-0.0139671505540609,0.0628616759739816,-0.0013999299257993
1721665086185640200,72.31764013671875,-0.0097314857456833,0.0594232259579002,0.0083797058105468
1721665086195684000,72.32768408203125,-0.0102950379125773,0.0387567238956689,0.0313239435464143
1721665086205728000,72.33772802734374,0.0003026362083852,0.0379199808105826,0.0216349087029695
1721665086215772200,72.34777221679687,0.000450227985531,0.0220392517201602,-0.0118330611348152
1721665086225816300,72.35781640625,0.0025366058055311,0.0128266022168099,-0.0321966347277164
1721665086235859200,72.36785913085937,0.0073153645146638,-0.0042224400006234,-0.0227501764684915
1721665086245903000,72.37790307617188,-0.0059285863313823,-0.0298072553731501,-0.0051689270704984
1721665086255947000,72.38794702148438,-0.0016662527117878,-0.0496970739744603,-0.0210252523720264
1721665086265991200,72.3979912109375,-0.0037368484407663,-0.0486247685678303,-0.0261801509171724
1721665086276035000,72.40803515625,-0.0091583620328456,-0.0530317713551223,-0.015240823751688
1721665086286079200,72.41807934570312,-0.0075726272113621,-0.0709523357100784,-0.024243045374751
1721665086296123100,72.428123046875,-0.0203992294281721,-0.0698608872115612,-0.0264817642122507
1721665086306167000,72.4381669921875,-0.0224758895717561,-0.0685047964274883,-0.0087760116517543
1721665086316210000,72.4482099609375,-0.0183252726983279,-0.0496745698817074,-0.0229781400054693
1721665086326254000,72.45825415039063,-0.0029769699841737,-0.0327726810500025,-0.043297874456644
1721665086336298200,72.46829833984376,0.0069066375833004,-0.0331817002423107,-0.0380541285842657
1721665086346342100,72.47834204101562,0.0078081895329058,-0.0107635322071611,-0.0392559055894613
1721665086356386300,72.48838623046875,0.0056530573256313,0.0044791912406682,-0.0361129313886165
1721665086366430000,72.49842993164063,-0.001609481023252,0.001149608426541,-0.0277034149616956
1721665086376474000,72.50847412109376,-0.012887977015227,0.0218564424991607,-0.0024713585495948
1721665086386518300,72.51851831054688,-0.010080737574771,0.0415988154537975,-0.0043365678995847
1721665086396561200,72.52856103515624,-0.0009162380620837,0.0496755927950143,-0.0377934318214654
1721665086406605300,72.53860522460937,-0.006791779031977,0.0533545735687017,-0.0633259324848651
1721665086416649200,72.54864916992187,0.0024562340456992,0.0532199874036014,-0.0655015229582786
1721665086426693000,72.55869311523438,-0.0019270225398242,0.0394784622989594,-0.0415250195652246
1721665086436737000,72.56873706054688,-0.0197863582268357,0.0306495514161884,-0.0060094695478677
1721665086446781200,72.57878125,-0.0286713832110166,0.0232511117279529,0.0470364764630794
1721665086456825000,72.5888251953125,-0.0456831621579825,0.0267239024050533,0.0411018257170915
1721665086466868200,72.5988681640625,-0.0382248089760541,0.0342656960867345,0.0197287828207015
1721665086476912000,72.608912109375,-0.0185432262979447,0.0464038776479661,0.0005833528459072
1721665086486956000,72.6189560546875,-0.0118391255494207,0.0348192383162677,-0.0185813663512468
1721665086497000000,72.629,-0.0090611852686852,0.0372796370804309,-0.0353302565783262
1721665086507044000,72.63904418945313,-0.0177506146155297,0.0198027248397469,-0.0149631758540868
1721665086517088300,72.64908813476562,-0.0129325468093156,0.0102497374661266,0.007426350608468
1721665086527132200,72.65913208007812,-0.0224338770609349,0.0105225630581378,-0.0496580571383237
1721665086537176000,72.66917602539063,-0.0139712422072887,0.0052178807787597,-0.1299836397409439
1721665086547219000,72.67921899414063,-0.0091850308440625,-0.0200792036935687,-0.1107183827787637
1721665086557263000,72.68926318359375,0.0170911277934908,-0.0441164973631501,0.0629822336137294
1721665086567307000,72.69930712890626,0.0608878916829824,-0.0745496295496821,0.1662584836930036
1721665086577351200,72.70935107421874,0.085955259052664,-0.0807141435287892,-0.0096440266579389
1721665086587395000,72.71939501953125,0.0740561469443142,-0.0708507750317454,-0.0762643245130777
1721665086597439000,72.72943896484375,0.0242771668400615,-0.0550095011688768,-0.1392868901371955
1721665086607483100,72.73948315429688,-0.0096552787043154,-0.0616248276554048,-0.1907224783420562
1721665086617527000,72.74952709960938,-0.0353125747911632,-0.0616039309978485,-0.154901807898283
1721665086627570200,72.75957006835938,-0.0529392707660794,-0.0388994933672249,-0.0505237340569496
1721665086637614000,72.76961401367187,-0.0493031062208116,-0.0079040511228144,0.0366039297759532
1721665086647658000,72.77965795898437,-0.0218505972802639,0.0319252704404294,0.0583054739743471
1721665086657702100,72.7897021484375,0.0132914432495832,0.0756830174937844,0.0619260025590658
1721665086667746000,72.79974609375,0.0259982915442436,0.1051361987322568,0.0460147321999073
1721665086677790200,72.80979028320313,0.0038094752855598,0.1320160223513841,0.0420867451012134
1721665086687834000,72.81983422851563,-0.0089430387817323,0.1514145503044128,0.003258125013113
1721665086697877200,72.82987719726563,-0.0135322662681341,0.1502541282229125,-0.0212041160702705
1721665086707921200,72.83992114257812,-0.0207242235988378,0.1209653437659144,-0.0375964479446411
1721665086717965000,72.84996508789062,-0.0169633366953581,0.084966832537204,-0.032087329134345
1721665086728009000,72.86000903320313,-0.0120865244392305,0.0249766203463077,0.0011819032609462
1721665086738053000,72.87005322265625,-0.0111006552070379,-0.0188771344274282,0.0252221195399761
1721665086748097300,72.88009716796876,-0.0126348790369927,-0.0476911409795284,-0.001829553514719
1721665086758141000,72.89014086914062,-0.0130410486850887,-0.0759969057485461,-0.0107096100628376
1721665086768185000,72.90018505859375,-0.0058330900676548,-0.0846136351853609,-0.0149678520292043
1721665086778228000,72.91022802734375,-0.0003887070566415,-0.0986256477944552,-0.0273100317299366
1721665086788272000,72.92027221679687,0.0062914282944053,-0.098529201682657,-0.000775660547614
1721665086798316000,72.93031591796876,0.0043291883107274,-0.0801816440872848,-0.0039057752668857
1721665086808360200,72.94036010742188,0.0094197894480079,-0.0533249090828001,-0.0088332947969436
1721665086818404000,72.95040405273437,0.0017022738732397,-0.0370250777974724,-0.013304887253046
1721665086828448000,72.96044799804687,-0.0032894699994474,-0.01686418716982,-0.0065548284709453
1721665086838492200,72.9704921875,-0.0143755121592432,0.0110670451983809,0.007680033108592
1721665086848535000,72.98053515625,-0.0102611356429755,0.03441387238577,0.0033779520004987
1721665086858579200,72.9905791015625,-0.0070408584222197,0.0507753707304596,-0.0484831681400537
1721665086868623000,73.000623046875,-0.0156548113800585,0.0680449238307774,0.0608498977601528
1721665086878667000,73.0106669921875,-0.0343089507065713,0.0849815917149186,0.0775730690240859
1721665086888711000,73.0207109375,-0.016440335734561,0.0544951219059526,-0.0315805486559867
1721665086898755000,73.03075512695312,0.0288935745943337,0.015233224967122,-0.1925035165399312
1721665086908799200,73.04079931640625,0.038924481678009,-0.0234786368735134,-0.1462193197488784
1721665086918843100,73.05084301757813,0.01624868561998,-0.0467424619525671,-0.0085199910640716
1721665086928886300,73.06088623046875,0.0010156067833304,-0.0424792515501379,0.0176829562067985
1721665086938930000,73.07092993164062,-0.008675400821492,-0.0205428756825625,-0.0369902987450361
1721665086948974000,73.08097412109375,-0.0131009621787816,0.0051573827631771,-0.0295002352505922
1721665086959018000,73.09101806640625,-0.0108157007858157,0.0381337696917355,-0.005244330394268
1721665086969062100,73.10106225585938,0.0020335516542196,0.0610778612971305,0.0019616554617881
1721665086979106300,73.11110620117188,0.0049620063215494,0.0750238229326903,-0.0073754972040653
1721665086989150000,73.12114990234375,-0.003845569512248,0.0735416215509176,-0.0021276596784591
1721665086999193000,73.13119311523438,-0.0082748571965843,0.069204761390388,0.02648293325603
1721665087009237000,73.14123706054687,-0.0170320180173963,0.061523705368489,0.0438707059085369
1721665087019281200,73.15128125,-0.0204909993648529,0.0358550111047923,0.0324900647163391
1721665087029325000,73.16132495117188,-0.0172089089542627,0.0354690805271267,0.0191243871867656
1721665087039369200,73.171369140625,-0.002826309467107,0.0256575883477926,-0.0044078795701265
1721665087049413000,73.1814130859375,-0.0011345569878816,0.0094680855691432,-0.0150187054336071
1721665087059457000,73.19145703125,0.005574950588122,-0.0005075111307203,-0.0251256734281778
1721665087069501200,73.20150122070312,0.003717705348879,-0.0270307763971388,-0.0031938276052474
1721665087079544000,73.2115439453125,0.0079428487632423,-0.0306134571895003,-0.0023655600875616
1721665087089588200,73.22158813476562,0.0026229689147323,-0.0430344012148678,-0.0165448920875787
1721665087099632000,73.23163208007813,0.0008800707701593,-0.0504100445494055,-0.0264157132387161
1721665087109676000,73.24167602539063,-0.014106851285696,-0.0623316607505083,-0.0405623120129108
1721665087119720000,73.25171997070312,-0.0137144909672439,-0.0694378394939005,-0.0294487973242998
1721665087129764000,73.26176416015625,-0.0141564625810831,-0.0685315383039414,-0.0349316126495599
1721665087139808300,73.27180834960937,-0.0083135087065398,-0.0576458410218358,-0.0322948344051837
1721665087149851100,73.28185107421875,0.0003751899879425,-0.046185850983113,-0.0132236387103796
1721665087159895300,73.29189526367188,0.0049632484305649,-0.027846330563724,-0.018275076881051
1721665087169939000,73.30193896484376,0.0017324498157948,-0.0055891983091831,-0.0119710083007812
1721665087179983000,73.31198315429687,0.0078200991664081,0.0120354518391191,-0.0319973127633333
1721665087190027000,73.32202709960937,0.0072883303772658,0.0279319630205631,-0.0528249967366456
1721665087200071200,73.3320712890625,-0.0063556526370346,0.0430915382295846,-0.0351695130586624
1721665087210115000,73.34211499023438,-0.0061864335499703,0.0500308359734714,-0.0278039527267217
1721665087220159000,73.35215893554688,-0.0137318074282258,0.0585080108091235,-0.0135129770457744
1721665087230202000,73.3622021484375,-0.0123425450269132,0.0700762835279107,-0.0221112940430641
1721665087240246000,73.37224609375,0.0016580694053322,0.0581421001061797,-0.0397071564882993
1721665087250290200,73.38229028320312,0.004319324503839,0.0477436018191278,-0.0485328525006771
1721665087260334000,73.392333984375,0.0063104983210563,0.0278232419490814,-0.0434703084141016
1721665087270378200,73.40237817382813,-0.0143747815068811,0.002765665321052,-0.02648293325603
1721665087280422000,73.412421875,-0.0347908159393817,-0.0158970957033336,0.0069710080564022
1721665087290466000,73.42246606445312,-0.0364410673644393,-0.013335720782727,0.0324924028038978
1721665087300509000,73.43250903320312,-0.0303047565665096,-0.011803542779386,0.0474105704724788
1721665087310553000,73.44255297851562,-0.0135810007806867,0.0045202539034187,0.0295277077794075
1721665087320597200,73.45259716796875,-0.0083331632550805,0.0219718855723738,-0.0006020575463771
1721665087330641200,73.46264111328125,-0.0060118807006627,0.0354606049597263,-0.0356733709275722
1721665087340685000,73.47268505859375,-0.0169174517270177,0.0313150295875966,-0.0388981781929731
1721665087350729000,73.48272900390624,-0.0243900526300072,0.0236360193923115,-0.0169312610566616
1721665087360773000,73.49277319335937,-0.023643472046405,0.0244086112000048,-0.0035649990051984
1721665087370816000,73.50281591796875,-0.0200135911114513,0.0150458857014775,-0.0739870272308588
1721665087380860200,73.51286010742187,-0.0158639971513301,0.0105596801981329,-0.1219423721045255
1721665087390904000,73.52290405273438,-0.0013837094433605,-0.0073395491078495,-0.0454629435360431
1721665087400948000,73.53294799804688,0.0245534995634108,-0.0438978861764073,0.1571364350825548
1721665087410992000,73.5429921875,0.0592484539128839,-0.0593009147524833,0.0545943444967269
1721665087421040000,73.5530400390625,0.078125880601257,-0.0673129562944173,-0.0622363836824893
1721665087431084000,73.563083984375,0.0353418008856475,-0.0629511078231036,-0.0821416921138763
1721665087441127200,73.57312719726562,0.0038065526761114,-0.0558485823415219,-0.1531546719700098
1721665087451170800,73.5831708984375,-0.0150594027701765,-0.0716711515039205,-0.1967857239037752
1721665087461215000,73.59321508789063,-0.0380257792726159,-0.0693206428550183,-0.1367576639205217
1721665087471259100,73.60325903320313,-0.0497193588715046,-0.0464746047966182,-0.0245206932723522
1721665087481303000,73.61330297851562,-0.0294344765380024,-0.0068986734725534,0.0407516971051692
1721665087491347200,73.62334716796875,0.0082244421835988,0.0379734645634889,0.0579471620559692
1721665087501390800,73.63339086914063,0.0227682235818356,0.0802775056771934,0.0536328059881925
1721665087511435000,73.64343505859375,0.0183407625284045,0.1159714810013771,0.0278133050769567
1721665087521478000,73.65347778320313,0.0062260349079966,0.1524073607340454,0.0195405667722225
1721665087531522000,73.66352197265626,-0.0185080819193273,0.1635499553866684,-0.006712064859271
1721665087541566000,73.67356591796874,-0.0244910287864506,0.1427137958459556,-0.0253898773223161
1721665087551610000,73.68361010742187,-0.0226171977385878,0.1093199141576886,-0.0137596452832221
1721665087561654000,73.69365405273437,-0.0153212685767561,0.0537679766751825,0.0033697686940431
1721665087571698000,73.70369799804688,-0.0174622261282056,-0.0037236966982483,0.033741526082158
1721665087581742000,73.7137421875,-0.0156979929346591,-0.029878274782747,0.0322983415365219
1721665087591785000,73.72378491210938,-0.0151812755841761,-0.0555038605570793,0.0111959322750568
1721665087601829000,73.7338291015625,-0.0133190619088709,-0.0913834215812385,0.0039636429339647
1721665087611873000,73.743873046875,0.0055924862448126,-0.0971561597637832,-0.0016822539985179
1721665087621917000,73.7539169921875,0.0081147712640464,-0.089789722649008,-0.0273357506930828
1721665087631961000,73.76396118164062,0.0172006525825709,-0.0848610340751707,-0.0414414329349994
1721665087642005000,73.7740048828125,0.0209315096739679,-0.0780384945787489,-0.023057050460577
1721665087652049200,73.78404907226563,-0.0053431876588612,-0.0559828762456774,-0.0051128129690885
1721665087662092000,73.79409204101563,-0.0036537732671946,-0.0171015030570328,0.0039256490111351
1721665087672136200,73.80413623046876,-0.0092686174742877,0.0140323247447609,0.0237169756740331
1721665087682179800,73.81417993164062,-0.0165330555193126,0.0314709508016705,0.0196393509715795
1721665087692224000,73.82422412109375,-0.0212372876875102,0.0557210104390978,0.0064250646114349
1721665087702268200,73.83426806640625,-0.0187481742855161,0.0702362963952124,-0.0537409425377845
1721665087712312000,73.84431201171876,-0.0345431978538632,0.0885942292541265,0.0799298612833023
1721665087722356000,73.85435595703125,-0.0427961354795843,0.0833288560718297,0.0453641593366861
1721665087732399000,73.86439916992188,-0.0090338588703423,0.0343912221625447,-0.1337631582796573
1721665087742443000,73.87444311523437,0.0425328814335167,-0.0134350895039737,-0.1698304969608783
1721665087752487000,73.88448681640625,0.0266968682676553,-0.0404538832023739,-0.0548024342894554
1721665087762531000,73.89453100585938,0.002184796693176,-0.054653965729475,-0.0150321494370698
1721665087772575000,73.90457495117188,-0.0030906594917178,-0.0434225237496197,-0.0442015452980995
1721665087782619000,73.91461889648437,0.0019871552292257,-0.0244105108961462,-0.0452414097398519
1721665087792663000,73.9246630859375,0.005315715130046,0.0146682845607399,-0.0166220489770174
1721665087802706000,73.93470581054687,-0.0029513240862637,0.0411431806407868,0.0204606042265892
1721665087812750000,73.94475,0.0049424248382449,0.0639250674217939,0.022609306693077
1721665087822794000,73.9547939453125,0.0069586600314825,0.0906695742234587,-0.0026490532040596
1721665087832838100,73.96483813476563,0.0186712365917861,0.0837289613053202,-0.0052326399564743
1721665087842881800,73.9748818359375,0.0126293260790407,0.0794970228239893,0.0181593415468931
1721665087852926000,73.98492602539062,-0.0054347383998334,0.0632616350769996,0.0267266788840293
1721665087862970000,73.99497021484375,-0.0030959201887249,0.0483922749862074,0.0261404034286737
1721665087873014000,74.00501391601563,0.0057800447061657,0.0143254624724388,0.0231079038649797
1721665087883057200,74.01505712890625,0.0056348640818148,0.0169378369279205,0.0012310030996799
1721665087893101000,74.02510107421875,-0.0017983546588569,-0.0004002513639628,-0.0108534024477005
1721665087903145000,74.03514501953126,0.0035175796668976,-0.0080067808449268,-0.0279816473811864
1721665087913188900,74.04518896484375,0.0014154928211122,-0.0241284790843725,-0.0409153632342815
1721665087923233000,74.05523291015625,0.0049051615677773,-0.0322651699192821,-0.0441021765768527
1721665087933277000,74.06527685546875,-0.0005710778862237,-0.0497229390680789,-0.0351958165436983
1721665087943321000,74.07532104492188,-0.0184724991492927,-0.0552978165909647,-0.0248702373623847
1721665087953364000,74.08536401367188,-0.0171701113138347,-0.0569422227971255,-0.0164145437061786
1721665087963408000,74.09540795898438,-0.0136973206367343,-0.0533856993593275,-0.017599954098463
1721665087973452000,74.1054521484375,-0.0073201137550175,-0.0607478986904025,-0.0223696527183055
1721665087983496000,74.11549584960937,-0.0011676555398851,-0.0490612602889537,-0.0218804078966379
1721665087993540000,74.1255400390625,0.004911956634745,-0.0338920404687523,-0.0152642046272754
1721665088003584000,74.135583984375,0.0101226039551198,-0.0133846744909882,-0.0148906951397657
1721665088013628000,74.1456279296875,0.0079267744112759,0.0063268649339675,-0.0358913975924253
1721665088023670800,74.1556708984375,0.0094491616729646,0.0226774034932255,-0.0382873528182506
1721665088033715000,74.16571484375,0.0017323036853224,0.0450045322440564,-0.0375678063720464
1721665088043759000,74.17575903320312,-0.0004806231237947,0.0431603656820952,-0.0294809460282325
1721665088053803000,74.18580297851562,-0.003932224882394,0.0496669710971415,-0.0233078103512525
1721665088063847200,74.19584716796875,-0.0117039548624306,0.0575748216122388,-0.0058966568231582
1721665088073890800,74.20589086914063,-0.0129845692574977,0.0566926319502294,0.0040057285100221
1721665088083935000,74.21593505859374,-0.0142797236345708,0.0453337641984224,-0.0039180502265691
1721665088093977900,74.22597778320312,-0.0137963240318,0.0321874285079538,-0.0099093995958566
1721665088104022000,74.23602197265625,-0.0084375004123896,0.0156939743466675,-0.0265922388494014
1721665088114066200,74.24606616210937,-0.0097766400616616,-0.0019571254171431,-0.0454348864853382
1721665088124110000,74.25611010742188,-0.0121072749663144,-0.0114215577244758,-0.0534165328890085
1721665088134154000,74.26615405273438,-0.0171422003936022,-0.0258186241284012,-0.0421001891046762
1721665088144198000,74.27619799804687,-0.0254353238992393,-0.0138601830482482,-0.0018038345515727
1721665088154242000,74.28624194335937,-0.0219245392993092,0.0015859540171921,0.0223310742735862
1721665088164285000,74.29628491210937,-0.0080871526047587,0.0075290803305804,0.0351215822637081
1721665088174329000,74.3063291015625,0.0019599749613553,0.0199073542580008,0.0307318228721618
1721665088184373000,74.316373046875,0.0144775112289935,0.0280443373538553,-0.0267155729681253
1721665088194417000,74.3264169921875,0.009566066050902,0.0340339331574738,-0.0743657974153757
1721665088204461000,74.3364609375,-0.0107429278105497,0.0323304902404546,-0.0776852972269058
1721665088214505000,74.3465048828125,-0.0121506026513874,0.0426342959813773,-0.0658621729642152
1721665088224549000,74.35654907226562,-0.0271062527861446,0.0418476756483316,-0.0332002588123083
1721665088234592000,74.36659204101562,-0.0230581464391201,0.0143897598803043,-0.0984276410043239
1721665088244636200,74.37663623046875,-0.0220648976180702,0.0147262983582913,-0.070541855213046
1721665088254679800,74.3866796875,-0.0100400402382016,-0.018924188439548,-0.0003705868780612
1721665088264724000,74.39672387695313,0.0283170898806303,-0.0524649312525987,0.1569423738151788
1721665088274768100,74.40676806640624,0.0811937437392771,-0.0676274290710687,0.025004092875123
1721665088284812000,74.41681201171875,0.0895168970569968,-0.0830855488352477,-0.0757674809068441
1721665088294856200,74.42685620117187,0.0539976207125931,-0.0737124480731785,-0.049157706400752
1721665088304899000,74.43689916992187,0.0135493635334074,-0.0761168788664043,-0.1273562138468027
1721665088314943000,74.44694287109375,-0.016149536094442,-0.0683919837027788,-0.1760048016816377
1721665088324987000,74.45698681640626,-0.0359641705676913,-0.0534486815929412,-0.0965595090448856
1721665088335031000,74.46703100585937,-0.045556467038393,-0.0236186298660933,0.0311450798481702
1721665088345075000,74.47707495117187,-0.0359746919617056,0.0299894800722599,0.0907628054648637
1721665088355119000,74.487119140625,0.01418101250045,0.0717573684826493,0.0893488470137119
1721665088365163000,74.4971630859375,0.0286074511293321,0.1018837728075683,0.0585328529894351
1721665088375206000,74.50720581054688,0.0080191288698464,0.132021867570281,0.0274935716032981
1721665088385250000,74.51725,-0.0059768824525177,0.1571761825710535,-0.0020312135666608
1721665088395294000,74.5272939453125,-0.0220821410138159,0.1519967341065406,0.0033715222597122
1721665088405338000,74.53733813476562,-0.026867256398499,0.1318501642651856,0.0149263509750366
1721665088415382000,74.54738208007812,-0.0206302617050707,0.0910883841574192,0.0269704245120286
1721665088425421800,74.557421875,-0.0142291624911129,0.0372341905035078,0.039424247893691
1721665088435464700,74.56746459960938,-0.0117050508409738,-0.0051401393674314,0.0199421333104372
1721665088445508600,74.57750854492187,-0.0099392102122306,-0.040356852568686,0.0003454524368047
1721665088455552500,74.58755249023437,-0.0212557731922715,-0.0705133597709238,0.0001274257719516
1721665088465596700,74.5975966796875,-0.0120775374151766,-0.0834834621116518,-0.0041021746218204
1721665088475640600,74.607640625,-0.0122069359485059,-0.0912485431551933,-0.0158849668741226
1721665088485684700,74.61768481445313,0.0021854542803019,-0.091936379288882,-0.0414098687529563
1721665088495728600,74.62772875976563,0.010966580498591,-0.0784203335031867,-0.0537415270596742
1721665088505771500,74.637771484375,0.0045794367447495,-0.0708428839862346,-0.0443225413292646
1721665088515815700,74.64781567382812,0.0055392947528511,-0.0355371773272752,-0.0286503404229879
1721665088525859600,74.65785961914062,-0.002600684017688,0.0012488310173153,-0.0067453826069831
1721665088535903700,74.66790380859375,-0.009793079739809,0.0259958803914487,0.0091395842671394
1721665088545947600,74.67794775390625,-0.0090289634995162,0.060859688501805,0.017696984732151
1721665088555991600,74.68799145507812,-0.002861673041433,0.070841276551038,-0.0207464354306459
1721665088566035700,74.69803564453125,-0.0016809388242661,0.0843738350801169,-0.0534755695998668
1721665088576078600,74.70807861328124,-0.0213398712791502,0.0867310657307505,0.0570282936453819
1721665088586122800,74.71812280273437,-0.030521175796166,0.0573917201302945,-0.0342500601261854
1721665088596166700,74.72816674804687,-0.000760389913246,-0.001932137106359,-0.1007318262934684
1721665088606210800,74.7382109375,0.0208742265287786,-0.0331501360602676,-0.0496177251279354
1721665088616254500,74.74825439453124,0.0173182876128703,-0.0605618745990097,-0.01436053378582
1721665088626298600,74.75829858398437,0.0033831396322697,-0.0699617172375321,-0.0448205539792776
1721665088636342500,74.76834252929687,0.0099518504980951,-0.0558219865955412,-0.0657183805793523
1721665088646385700,74.7783857421875,-0.006119067402184,-0.0132867670744657,-0.0609124416023492
1721665088656429600,74.7884296875,0.0035269320171326,0.0319696941040456,-0.0114899467855691
1721665088666473700,74.7984736328125,0.0006614595834165,0.0689322280593216,0.0058837973415851
1721665088676517600,74.808517578125,0.0044591713659465,0.0898299085289239,0.0195101716339588
1721665088686561500,74.8185615234375,0.0113761111475527,0.098286625098437,0.0129348848968744
1721665088696605700,74.82860571289062,0.0170184278834611,0.0930316271796822,0.0204360543072223
1721665088706649600,74.83864965820312,0.0174949593540281,0.0690104078620672,0.054450552111864
1721665088716692700,74.84869262695312,0.0080322806123644,0.0462494177386164,0.0400941099792718
1721665088726736600,74.85873657226563,0.002858531236276,0.0296225464560091,0.0243564426213502
1721665088736780500,74.86878051757813,-0.0082696695648133,0.0239493231251835,0.014272855502367
1721665088746824700,74.87882470703126,-0.0075888476938009,0.0118197632618248,-0.0138403093039989
1721665088756868600,74.88886865234375,-0.0073929597955197,-0.0136846803508698,-0.0354343014746904
1721665088766912800,74.89891284179687,0.0055843029383569,-0.0327937238380312,-0.0335100554138422
1721665088776956700,74.90895678710937,-0.0009554740939289,-0.0399241602398455,-0.0011064999371767
1721665088786999800,74.91899975585937,-0.0055802843503654,-0.0594666267082095,-0.0102186116755008
1721665088797043500,74.92904345703126,-0.011624021494016,-0.0675286448717117,-0.0284159471452236
1721665088807087600,74.93908764648438,-0.0205716633856296,-0.0757109284140169,-0.0392997447311878
1721665088817131500,74.94913159179687,-0.0245797299832105,-0.0687744071491062,-0.0611351444423198
1721665088827175700,74.95917578125,-0.018058803781867,-0.0604933394074439,-0.0584241319179534
1721665088837219800,74.9692197265625,-0.0087338530104607,-0.0483551578462123,-0.0597048193782567
1721665088847263500,74.97926342773438,-0.0064274026989936,-0.0296168473675847,-0.0412467871457338
1721665088857306600,74.989306640625,0.0092452365987002,-0.007751783170551,-0.0241097743839025
1721665088867350500,74.9993505859375,0.0126320294927805,0.0191471835404634,-0.0133931500583887
1721665088877394700,75.00939477539063,0.0109730102393776,0.0390342256627976,-0.0171837745130062
1721665088887438600,75.0194384765625,0.0132030343137681,0.0562213611766695,-0.0102706341236829
1721665088897482800,75.02948266601562,0.0056911243136972,0.0530110208280384,-0.0039367549270391
1721665088907526700,75.03952661132813,-0.0032172815460711,0.0513616461858153,-0.0073304890185594
1721665088917569500,75.04956958007813,-0.0042822073638439,0.0545107578665018,-0.0213625215023756
1721665088927613700,75.05961376953125,-0.0110615653056651,0.046608314178884,-0.0151478847712278
1721665088937657600,75.06965771484376,-0.0265926772408187,0.0381340619526803,-0.0151128134578466
1721665088947701800,75.07970166015625,-0.0292199570044875,0.0348680458940565,0.0036322190225124
1721665088957745700,75.08974560546875,-0.0189157859373837,0.0329009836047887,0.0119943891763687
1721665088967789600,75.09978955078125,-0.0172431765500456,0.0247983411699533,0.0122813894242048
1721665088977833700,75.10983374023438,-0.0200708742566406,0.0180517895191907,0.0238034849137067
1721665088987876600,75.11987670898438,-0.017436361034587,0.0019863515116274,0.0120195236176252
1721665088997920800,75.12992065429688,-0.0133193541698157,-0.0003105272538959,0.012474866169691
1721665089007964700,75.13996459960937,-0.004710954169929,-0.0005243161350488,-0.0046025253593921
1721665089018008800,75.1500087890625,-0.0018237082958221,-0.0094508421733975,-0.0267138194024562
1721665089028052500,75.16005249023438,0.0102094785209745,-0.020249153432995,-0.0420779772728681
1721665089038096600,75.1700966796875,0.0032955344140529,-0.0160689451389014,-0.0547790534138679
1721665089048140500,75.180140625,-0.0122021867081522,-0.0278884161397814,-0.0391863474845886
1721665089058183700,75.19018359375,-0.0140571669250726,-0.0204446760050952,-0.0047474867880344
1721665089068227600,75.2002275390625,0.0009022826019674,-0.0193637489005923,0.019371639946103
1721665089078271700,75.21027172851562,0.0094222736660391,-0.0092054891102015,0.0121335053861141
1721665089088315600,75.22031567382813,0.0188954738017171,0.0079169106043875,-0.0273386733025312
1721665089098359600,75.23035961914063,0.0091985479127615,0.0138660282671451,-0.0596972205936908
1721665089108403700,75.24040380859375,0.0014803016856312,0.024080840550363,-0.067459086766839
1721665089118447600,75.25044750976562,-0.0181784115735441,0.0338565307639539,-0.0726835434168577
1721665089128490800,75.26049072265624,-0.0213167826645076,0.0325184140279889,-0.0360141471892595
1721665089138534700,75.27053466796875,-0.0192040282942354,0.0246313140399754,-0.0775455964952707
1721665089148578600,75.28057861328125,-0.0025815409258008,0.0201527073211967,-0.0916173764675855
1721665089158622700,75.29062280273438,0.0051099634248763,0.0003567044831812,-0.0131195938140153
1721665089168666600,75.30066650390626,0.0260044290240854,-0.0435486343473196,0.1052601173728704
1721665089178710800,75.31071069335937,0.0688563132788985,-0.0494667723499238,0.0739589701801538
1721665089188753700,75.32075366210937,0.0818482621252536,-0.0656320174701511,-0.0598556260257959
1721665089198797800,75.3307978515625,0.0368456295773386,-0.0605338175483047,-0.0614607231348752
1721665089208841500,75.34084155273437,-0.0006749035868793,-0.0517732957266271,-0.0656909080505371
1721665089218885600,75.3508857421875,-0.010428016642481,-0.0652118923619389,-0.1332172148346901
1721665089228929500,75.36092944335938,-0.0259628549046814,-0.0554169129259884,-0.1206505787283182
1721665089238973700,75.3709736328125,-0.0408918362282216,-0.0139614514656364,-0.0163625212579965
1721665089249017600,75.381017578125,-0.0349969329707324,0.028857991824299,0.0634071810275316
1721665089259060700,75.39106079101562,0.0028801585461944,0.0764621851727366,0.0790735367149114
1721665089269104600,75.40110473632812,0.0309002382416278,0.110887601865828,0.0631552520930767
1721665089279148500,75.4111484375,0.020729849622026,0.1367842596665024,0.04405132317245
1721665089289192700,75.42119262695313,-0.0084935414485633,0.1730205251738429,0.0065735331714153
1721665089299236600,75.43123657226562,-0.0229462104972451,0.1747381427466869,-0.0071440265357494
1721665089309280500,75.44128051757812,-0.0253515180733054,0.1422565535977482,-0.0040542438268661
1721665089319324700,75.45132470703125,-0.020470248837769,0.1044695515170693,0.0103062899589538
1721665089329367600,75.46136743164062,-0.0121516255646944,0.0515311575338244,0.0245791454613208
1721665089339411700,75.47141162109375,-0.0056790685497224,-0.0009779051214456,0.0114414314687252
1721665089349455600,75.48145556640625,-0.0275825650610029,-0.0446241546243429,0.0003238251268863
1721665089359499800,75.49149975585938,-0.0337863150719553,-0.0844964385464787,-0.0151700966030359
1721665089369543700,75.50154370117187,-0.0412462756890803,-0.1050498356230556,-0.0169832835048437
1721665089379587600,75.51158764648437,-0.036670053814724,-0.130320908871293,-0.0205178873717784
1721665089389630500,75.52163037109375,-0.0160614924848079,-0.1487961844995617,-0.0249783739119768
1721665089399674600,75.53167456054688,0.0003998129725456,-0.1307842885993421,-0.0364525386065244
1721665089409718800,75.54171875,0.0113991997621953,-0.1017072471968829,-0.0483738625466823
1721665089419762700,75.5517626953125,0.0184632929295301,-0.0723965431690216,-0.034855040282011
1721665089429807000,75.56180712890625,0.0184845549132674,-0.0322185542985796,-0.0029810616374015
1721665089439851000,75.57185107421876,0.0078225833844393,0.0056537879779934,0.0287152223527431
1721665089449895200,75.58189526367188,-0.0046234220169484,0.038808746343851,0.0285392812639474
1721665089459938000,75.59193798828124,0.000845657043904,0.0704782884575426,0.0024503157615661
1721665089469982200,75.60198217773437,0.0025526070922613,0.0835822463110089,-0.0223638074994087
1721665089480026000,75.61202612304687,-0.01725581683591,0.1111973984673619,0.0819330177992582
1721665089490070000,75.62207006835938,-0.026979922992736,0.1039700775623321,0.0039303251862525
1721665089500114200,75.6321142578125,0.0044660394981503,0.0618880086362361,-0.1036427453041076
1721665089510158000,75.64215795898437,0.0348806131146848,0.0058390814170241,-0.0724865595400333
1721665089520201200,75.652201171875,0.0296632437925785,-0.0139507839411497,-0.0135685066252946
1721665089530245000,75.6622451171875,0.0143221745368093,-0.0369087579414248,-0.0268780700534582
1721665089540289300,75.67228930664062,0.0045129473797976,-0.041100948934257,-0.0701747754663228
1721665089550333000,75.6823330078125,0.0085805621448904,-0.0095334058903157,-0.0847334621727466
1721665089560377000,75.69237719726563,0.0081966043286025,0.0199279586546123,-0.0529939235627651
1721665089570421000,75.7024208984375,-0.000659194561094,0.0356172568261623,-0.0070621934711933
1721665089580465200,75.71246508789062,0.0018299919061362,0.0633247634410858,-0.0010158990442752
1721665089590508000,75.72250805664062,0.0110582043047994,0.0901927504919469,-0.0324672683626413
1721665089600552200,75.73255224609375,0.0144249773241579,0.0835749397873878,-0.0421551341623067
1721665089610596000,75.74259619140625,0.0363285469006747,0.0818662361733615,-0.0081026424348354
1721665089620640000,75.75263989257813,0.0284249341692775,0.0559885753341019,0.0265846400648355
1721665089630684200,75.76268408203126,0.0068820145986974,0.0251087222933769,0.0459340681791305
1721665089640728000,75.77272802734375,-0.0062550418067723,0.0073347268022596,0.0605740034282207
1721665089650772000,75.78277197265625,-0.011815671608597,0.0007647007621824,0.0436491721123456
1721665089660815000,75.79281518554687,-0.0149940093837678,-0.0235338741920888,-0.0156008892357349
1721665089670859000,75.80285888671875,-0.0082661624334752,-0.034450258873403,-0.0282832606762647
1721665089680903200,75.81290307617188,-0.0123809042759239,-0.048848202060163,-0.0128472066134214
1721665089690947000,75.82294702148438,-0.0145784873854368,-0.0725999567866325,-0.0128565589636564
1721665089700991200,75.8329912109375,-0.009038608110696,-0.0717969698406755,-0.0114414314687252
1721665089711035100,75.84303515625,-0.0076121555041521,-0.0689662764593958,-0.0363707055419683
1721665089721079000,75.8530791015625,-0.0104293318167328,-0.0638061172172427,-0.0406546664714813
1721665089731122000,75.86312182617188,-0.0172132928684353,-0.0591128448344767,-0.0163759652614593
1721665089741166000,75.873166015625,-0.0225258661933243,-0.0489423100844025,-0.0103653266698122
1721665089751210000,75.8832099609375,-0.01098703876473,-0.0253993758030235,-0.022148703444004
1721665089761254100,75.89325415039062,-0.0038980303518474,-0.0079135496035218,-0.0137198977947235
1721665089771298000,75.90329809570312,-0.0019787527270615,0.0021742752991616,-0.0129600193381309
1721665089781342000,75.91334204101562,-0.0013429390415549,0.0188990539982914,-0.0204547590076923
1721665089791385000,75.92338500976562,0.0029760932013392,0.0286215527199208,-0.0183510647267103
1721665089801429000,75.93342895507813,0.0109127314195036,0.0515796728506684,-0.0247463187217712
1721665089811473200,75.94347314453125,0.0056933893360197,0.0639532706029713,-0.0386848277032375
1721665089821517000,75.95351708984376,0.0015353928737342,0.0683016750708222,-0.0636228696048259
1721665089831561200,75.96356127929687,-0.003508008120954,0.0708664109922945,-0.0519651650369167
1721665089841605000,75.97360522460937,-0.0116227793850004,0.0751183693483471,-0.0257657248973846
1721665089851649000,75.98364892578125,-0.0189250652223825,0.0655042994372546,-0.0096340897858142
1721665089861692200,75.99369213867188,-0.0195789990864694,0.0530837938033044,0.004813537761569
1721665089871736000,76.00373608398438,-0.0145446581810712,0.0462146386861801,0.0135141460895538
1721665089881780200,76.0137802734375,-0.0175589645009487,0.0356083428673446,0.0044178164422512
1721665089891824000,76.02382421875,-0.0142282126430422,0.0138426473915576,-0.0187801037937402
1721665089901868000,76.03386791992187,-0.0135853116296231,-0.0033979718752205,-0.025229718324542
1721665089911912200,76.043912109375,-0.0056219315350055,-0.0207059572897851,-0.0179535898417234
1721665089921955000,76.053955078125,-0.0135126847848296,-0.0351066769555211,0.0003892915785312
1721665089931999200,76.06399926757813,-0.0027417729888111,-0.033420915825665,-0.0058352820247411
1721665089942043100,76.07404321289063,0.0022526742976158,-0.0310404504299163,-0.0199731129705905
1721665089952087000,76.08408715820312,0.0101966921046376,-0.0261864345274865,-0.0553612372159957
1721665089962131000,76.094130859375,0.021363032959029,-0.0272281986653804,-0.0593494300693273
1721665089972175000,76.10417504882813,0.0067436290413141,-0.0378340560927987,-0.0528928012758493
1721665089982219000,76.11421899414063,-0.0028233137924224,-0.0386231606438755,-0.0157587101459503
1721665089992262100,76.12426220703125,-0.0126683429151773,-0.0456599274128675,0.0069815294504165
1721665090002306000,76.13430615234375,-0.0066223407492041,-0.041064562446624,0.0289542918056249
1721665090012350200,76.14435009765624,0.0036183366276323,-0.0146681384302675,0.0194920514553785
1721665090022394000,76.15439404296875,0.0173955175675451,0.0013344634741544,0.0032242227435111
1721665090032438000,76.16443798828125,0.0145029379311949,0.0116363695189356,-0.0424351201474666
1721665090042482200,76.17448217773438,0.0112023620158433,0.0211431796632707,-0.0902507642894983
1721665090052526000,76.18452612304688,-0.0056388096045702,0.0509768846519291,-0.0744908850997686
1721665090062569200,76.1945693359375,-0.0229369312122464,0.0651347354725003,-0.0360170697987079
1721665090072613000,76.20461303710937,-0.0272955648131668,0.072055328515917,-0.0679752195954322
1721665090082657000,76.21465698242187,-0.02507028997913,0.0549171467103064,-0.0586105944007635
1721665090092701200,76.224701171875,-0.0200161483947187,0.043193537299335,0.0071639002799987
1721665090102745000,76.2347451171875,0.0177310331322252,-0.0101464232221245,0.1121112984418869
1721665090112789200,76.24478930664063,0.0601810585878789,-0.0439697823688387,0.1042927336454391
1721665090122832100,76.25483203125,0.0878739521555602,-0.0546923980437219,-0.0287549698412418
1721665090132876000,76.2648759765625,0.0500067244455218,-0.061599254822731,-0.0777899266451597
1721665090142920000,76.274919921875,0.0059191609159111,-0.0567956539332866,-0.0956786345571279
1721665090152964000,76.28496411132812,-0.0147424457754939,-0.0623164631813764,-0.1400754101663827
1721665090163008000,76.29500805664063,-0.014807985292375,-0.0584489740982651,-0.12268003872931
1721665090173052200,76.30505224609375,-0.0221353325057774,-0.0408978275775909,-0.020966215661168
1721665090183096000,76.31509594726562,-0.0001581862363964,0.0085914488650858,0.0581312864512205
1721665090193139200,76.32513916015625,0.0160940065149217,0.0323905498646199,0.0629249504685401
1721665090203183000,76.33518310546874,0.0246555716983973,0.067117725983262,0.02668810043931
1721665090213227000,76.34522705078125,0.0043207858085632,0.0978472107678651,0.0119347679436206
1721665090223271200,76.35527124023437,-0.026300635491684,0.1174544130355119,-0.0010790274083614
1721665090233315000,76.36531518554688,-0.0453233889348804,0.1394334590010345,-0.0196381819278001
1721665090243359000,76.37535888671874,-0.048040685069561,0.1466907366529107,-0.0744230805605649
1721665090253402000,76.38540209960938,-0.0372349942211061,0.1395376500278711,-0.1080401034802198
1721665090263446000,76.39544604492187,-0.0171588592674583,0.1052932889901101,-0.0763753836721181
1721665090273490200,76.405490234375,-0.0060744976080954,0.0520790006749331,-0.0271592250823974
1721665090283534000,76.4155341796875,-0.015633841657266,0.0035365035630762,0.0143687170922756
1721665090293578200,76.425578125,-0.0292157192207872,-0.0464146913029253,0.0273468566089868
1721665090303622000,76.43562182617187,-0.0308148249804973,-0.0836073807522654,-0.0012906243324279
1721665090313666000,76.445666015625,-0.0253022721040993,-0.1145811956867575,-0.0005851064115762
1721665090323709000,76.455708984375,-0.0191821087233722,-0.1389491826154291,-0.02392798807621
1721665090333753000,76.46575317382812,-0.0208363787364214,-0.1384723588839173,-0.0360872124254703
1721665090343797200,76.47579736328125,-0.0150901632346212,-0.1175526127129793,-0.0473597170680761
1721665090353841200,76.48584106445313,-0.0138791069444268,-0.0905266586214303,-0.0444715944111347
1721665090363885000,76.49588500976563,-0.0101523415062576,-0.0645984366387128,-0.0135422031402587
1721665090373929000,76.50592895507812,-0.0071655077151954,-0.0262405028022825,0.0206540809720754
1721665090383972000,76.51597216796876,-0.0161379187218844,-0.0040152269907295,0.0492693500816822
1721665090394016000,76.52601611328124,-0.0076317369874566,0.0215717803388834,0.0425485173940658
1721665090404060200,76.53606005859375,0.0031673049245029,0.0425194374300539,0.0182779994904994
1721665090414104000,76.54610400390625,-0.0073410104125738,0.0658558893539011,0.1307090314060449
1721665090424148200,76.55614819335938,-0.0228651811502873,0.0746004829540848,0.031941783183813
1721665090434192400,76.5661923828125,-0.0045667233936488,0.0532264171443879,-0.1254582712709903
1721665090444236300,76.576236328125,0.0107250998929142,0.0260386966198682,-0.1237315936088561
1721665090454279400,76.58627954101563,0.0229724409170448,0.0208440505862236,-0.0234346516013145
1721665090464323300,76.5963232421875,0.0220008194059133,-0.0005637713626027,0.0286854117363691
1721665090474367500,76.60636743164062,0.0349926951870322,0.0097369656383991,-0.0281283623754978
1721665090484411400,76.61641137695312,0.0346919586747884,0.033793840791285,-0.0831312876731157
1721665090494455300,76.62645532226563,0.0295675283331423,0.0479036146864295,-0.0727764823973178
1721665090504499500,76.63649951171875,0.0177328597631305,0.0683051822021603,-0.0342564898669719
1721665090514543400,76.64654345703126,0.0147523826476186,0.0640793812006711,-0.0144382751971483
1721665090524586500,76.65658642578126,0.0058114627577364,0.0602310352094471,-0.034758009648323
1721665090534630400,76.66663037109375,0.0060606882784515,0.0616981851525604,-0.0444277552694082
1721665090544674300,76.67667431640625,-0.0025122020166367,0.048669046100974,-0.0199222595661878
1721665090554718500,76.68671850585937,-0.0048225247856229,0.0324931334562599,-0.0144236621499061
1721665090564762400,76.69676245117188,-0.0101841248840093,0.0208490190222859,-0.0113362175285816
1721665090574806500,76.706806640625,-0.0124498047936707,0.0095072485357522,0.0091916067153215
1721665090584849400,76.71684936523438,-0.0014862930350005,0.0041204409308731,-0.0192032976418733
1721665090594893600,76.7268935546875,0.0076361939668655,0.0046666766367852,-0.0437900418877601
1721665090604937200,76.73693725585937,0.0102731914069503,-0.0186221367530524,-0.0513829812347888
1721665090614981400,76.7469814453125,-0.0038608401466161,-0.0199655141860246,-0.0273883576631546
1721665090625025300,76.757025390625,0.0001883621789515,-0.0236167301699519,-0.0015057283878326
1721665090635069400,76.7670693359375,0.0044545682560652,-0.040802550509572,-0.0014274024546146
1721665090645113300,76.77711328125,0.0009103197779506,-0.0425151996463537,-0.0042401217877864
1721665090655156500,76.78715649414063,-0.0092301851600408,-0.0441295029751956,-0.0141904379159212
1721665090665200400,76.79720043945312,-0.0223444452118128,-0.0478039537042379,-0.0209516026139259
1721665090675244300,76.80724438476562,-0.023421645989269,-0.0552165680482983,-0.0109592009097337
1721665090685288400,76.81728833007813,-0.0285359202630817,-0.0540196133486926,-0.0069306760460138
1721665090695332400,76.82733227539063,-0.0229540284775197,-0.0386677304379642,0.0010439560949802
1721665090705376500,76.83737646484374,-0.0145518185742199,-0.0165538060463964,-0.0088034841805696
1721665090715419400,76.84741943359376,-0.0014702186830341,0.0011944704815745,-0.0266758254796266
1721665090725463300,76.85746337890625,0.0052194882139563,0.0266531752564012,-0.0201169053554534
1721665090735507500,76.86750756835937,0.003356543886289,0.0482113654613494,-0.0042284313499927
1721665090745551400,76.87755126953125,0.0021901304554194,0.0554312337122857,-0.014929273584485
1721665090755595500,76.88759545898438,-0.0041986207336187,0.0538914569243788,0.0053735097318887
1721665090765639400,76.89763940429688,-0.0103705143015831,0.0608078121840953,-0.0021533786416053
1721665090775683300,76.90768334960937,-0.0127642045050859,0.0532674798071384,-0.0146779291719198
1721665090785726200,76.91772631835937,-0.0160652918770909,0.0494520131722092,-0.0139279875874519
1721665090795770400,76.92777026367187,-0.0178251411564648,0.0368570277541875,-0.0226163209557533
1721665090805814300,76.93781420898438,-0.0153573628034442,0.023020663972944,-0.0142886375933885
1721665090815858400,76.9478583984375,-0.0200399676617234,0.0035701135717332,-0.0003571428745985
1721665090825902300,76.95790234375,-0.0291162774343043,-0.0031382980257272,0.0063590136379003
1721665090835946200,76.9679462890625,-0.0253577286183834,-0.0010898410633206,-0.002073883664608
1721665090845990400,76.97799047851562,-0.0191166422717273,-0.0013207272097468,-0.0020043255597352
1721665090856033300,76.988033203125,-0.0182875710364431,-0.0060373804681003,0.0044411973178386
1721665090866077400,76.99807739257812,-0.0189559718172997,0.0004806231237947,-0.0070674541682004
1721665090876121300,77.00812133789063,-0.0071301441408693,0.0099748660475015,-0.032117139750719
1721665090886165500,77.01816552734375,0.0127774293128401,0.0156415135070681,-0.057960606059432
1721665090896209400,77.02820947265624,0.022360446498543,0.0194732006244361,-0.0900403364092111
1721665090906253300,77.03825341796875,0.0252680045083165,0.027082506584376,-0.0966933645576238
1721665090916296400,77.04829638671875,0.0228377086214721,0.0184878428488969,-0.1048901150166988
1721665090926340400,77.05834033203125,0.0077790365036576,0.0163639825627207,-0.0739805974900722
1721665090936384500,77.06838452148438,0.0026543139010667,0.012863719356805,-0.0331172567039728
1721665090946428400,77.07842846679688,-0.0008748831383883,0.0124232821129262,-0.0015238485664129
1721665090956472300,77.08847241210937,-0.0197842393349856,0.0072816814407706,0.0201613290190696
1721665090966516500,77.0985166015625,-0.0167892953027039,0.0088711425893008,0.0080161331951618
1721665090976560400,77.10856030273438,0.0011786153253167,-0.0009470715917646,-0.0216366622686386
1721665090986603500,77.118603515625,-0.0057118017755448,-0.0116908761851489,-0.0733615888088941
1721665090996647400,77.1286474609375,-0.0083840897247195,-0.0211462484031915,-0.0796358467727899
1721665091006691300,77.13869140625,-0.0259654121879488,-0.0154641111135482,-0.0519289246797561
1721665091016735200,77.1487353515625,-0.0379317443136125,-0.0109114162452518,-0.0088028996586799
1721665091026779400,77.158779296875,-0.0317870310135185,-3.03951382637e-05,-0.030757541835308
1721665091036823300,77.1688232421875,-0.0235388426281511,0.0118196171313524,0.0288747968286275
1721665091046867500,77.17886743164063,-0.00149652216807,-0.0010318272657692,0.0544102201014757
1721665091056910300,77.18891040039063,0.0452525156557559,-0.0224948865331709,0.1137117193758487
1721665091066954500,77.19895458984375,0.0854567349459975,-0.0299276668824255,0.1019680900901555
1721665091076998400,77.20899829101562,0.0901157397329807,-0.0650235301829874,0.0161392338961362
1721665091087042300,77.21904223632812,0.0663485682416707,-0.0858314865425229,-0.0893909325897693
1721665091097086500,77.22908642578125,0.0337703868504613,-0.0874750159658491,-0.1485866334021091
1721665091107130400,77.23913037109375,0.0045779023747891,-0.0993532314166426,-0.1010562359422445
1721665091117173500,77.24917358398437,-0.0201387518610805,-0.075025430367887,-0.0029278701454401
1721665091127217400,77.25921752929688,-0.0172664843603968,-0.0344233708664774,0.0699760380238294
1721665091137261300,77.26926123046874,0.0102417733553797,0.0111098614268004,0.0655254883557558
1721665091147305500,77.27930541992187,0.0238137140467762,0.0592830868348479,0.048892917984724
1721665091157349400,77.28934936523437,-0.0005296498972922,0.1131850651532411,0.0348918651610612
1721665091167393500,77.2993935546875,-0.0356708136443048,0.1545367739781737,0.0139624743789434
1721665091177437200,77.30943725585938,-0.0634179946824908,0.2005633427463471,-0.0013590133935213
1721665091187480600,77.31948046875,-0.0581247836451977,0.2263891272678971,-0.0291407542884349
1721665091197524200,77.32952416992188,-0.0373549673389643,0.2219784712187945,-0.0584533580124378
1721665091207568400,77.339568359375,-0.025234905956313,0.1998322519928216,-0.0648287382632493
1721665091217612300,77.3496123046875,-0.0131019120268523,0.1313746557079255,-0.0581774636805057
1721665091227656400,77.35965649414062,-0.0041022476870566,0.0645054976582527,-0.0297352130502462
1721665091237700400,77.36970043945313,-0.0071517714507877,0.0073883566856384,-0.0155254859119653
1721665091247743500,77.37974340820313,-0.0152129128314554,-0.0513885341927409,-0.0137204823166131
1721665091257787400,77.38978735351563,-0.0170125826645642,-0.0845301946856081,-0.0280687411427497
1721665091267831300,77.39983129882812,-0.0134312170464545,-0.117899088063091,-0.0422545028835535
1721665091277875500,77.40987548828124,-0.0009532821368426,-0.1465862533651292,-0.0419020361840724
1721665091287919400,77.41991943359375,-0.0029402181703597,-0.1586642291717231,-0.0342763636112213
1721665091297963300,77.42996337890625,0.0058056906040757,-0.157815795648843,-0.0359475116938352
1721665091308007400,77.44000732421875,0.0015433569844812,-0.1234517537541687,-0.0249298585951328
1721665091318050300,77.45005029296875,0.0129166185878217,-0.0925435514017939,0.0141775784343481
1721665091328094500,77.46009448242188,0.0026955957595258,-0.0546608338616788,0.0442991604536771
1721665091338138400,77.47013842773437,0.005452639382705,-0.0087660747796297,0.045832361370325
1721665091348182500,77.4801826171875,0.0146784406285732,0.0278605052195489,-0.0065671034306287
1721665091358226200,77.49022607421875,0.0055048810265958,0.0630842326834797,0.1069476320683956
1721665091368270300,77.50027026367188,-0.0210118083685636,0.0928279213011264,0.1292600016415119
1721665091378314500,77.510314453125,-0.0080186174131929,0.0901641089193522,-0.0364139601618051
1721665091388357400,77.520357421875,0.0133403238926082,0.0731947078093886,-0.138595985263586
1721665091398401500,77.53040161132813,0.0089770871818065,0.0289350025832653,-0.0290185892134904
1721665091408445400,77.54044555664062,0.0054542468179017,0.0034698680676519,0.0710872141361236
1721665091418489300,77.5504892578125,0.0138050187949091,-0.0146424194671213,0.0509650480836629
1721665091428533500,77.56053344726563,0.018261194486171,-0.0110860421597957,-0.031824294283986
1721665091438577400,77.57057739257813,0.0190216574646532,-0.0069204469129443,-0.056561845177412
1721665091448620500,77.58062060546875,0.0115454763650894,0.0056314300157129,-0.0381534973055124
1721665091458664400,77.59066455078126,0.008643836639449,0.03026888153553,-0.010624854388833
1721665091468708600,77.60070849609374,0.0009010404929518,0.0471542576238512,-0.011221651238203
1721665091478752500,77.61075244140625,0.0027935031760483,0.0668621437869966,-0.0225415021538734
1721665091488796400,77.62079638671875,0.0004964052148163,0.0663984717980027,-0.0029828152030706
1721665091498840600,77.63084057617188,0.0009273439779877,0.078703242097795,-0.006691606593132
1721665091508884500,77.64088452148438,0.0070984338283538,0.0536800061307847,-0.0217938986569643
1721665091518927600,77.650927734375,-0.0023919366378337,0.0419847460314631,-0.0395586879283189
1721665091528971500,77.66097143554687,-0.0100344142150133,0.0350996626928448,-0.0390986692011356
1721665091539015400,77.67101538085937,-0.0082572484746575,0.0106266079545021,-0.057598787009716
1721665091549059300,77.68105932617188,-0.0042812575157731,-0.0105149642735719,-0.0651332741677761
1721665091559103500,77.691103515625,-0.0013468114990741,-0.0264544378139078,-0.0590484012961387
1721665091569147600,77.70114770507813,-0.0069938774753361,-0.0366229267373681,-0.0377571914643049
1721665091579191600,77.71119165039063,-0.0114075291991233,-0.045667380066961,-0.0268564427435398
1721665091589234700,77.72123461914063,-0.0016002748034894,-0.0577783813603222,-0.0362736749082803
1721665091599278300,77.7312783203125,-0.0104507399309426,-0.0737600866071879,-0.0356032283008098
1721665091609322500,77.74132250976562,-0.02258051899001,-0.0590969166129827,-0.0376607453525066
1721665091619366400,77.75136645507813,-0.0301269157815724,-0.068331777948141,-0.0295405672609806
1721665091629410600,77.76141064453125,-0.0284109787091612,-0.0553913400933146,-0.0344189869523048
1721665091639454700,77.77145483398438,-0.0158723265882581,-0.0379926076553761,-0.0256798001796007
1721665091649497600,77.78149755859376,-0.0048695787977427,-0.0208649472437798,-0.0149614222884178
1721665091659541500,77.79154150390625,0.0121818745724856,-0.0082370824694633,-0.0114449386000633
1721665091669585400,77.80158544921875,0.02572531982176,0.0107565179444849,-0.0134422498971223
1721665091679629600,77.81162963867187,0.0225931592758744,0.0347219154216349,0.0001858779609203
1721665091689673500,77.82167358398438,0.024700141492486,0.0493337936200201,-0.0019382745862007
1721665091699717600,77.83171752929688,0.0200702166695147,0.0615866876021027,-0.0117424602419137
1721665091709761500,77.84176147460937,0.0142540777366608,0.0774767690427601,-0.0280097044318914
1721665091719804400,77.85180444335937,0.0124438865095376,0.0860183874167501,-0.0361141004323959
1721665091729848600,77.8618486328125,0.0121325555380433,0.0703825729981064,-0.0265337866604328
1721665091739892500,77.871892578125,-0.0008696224413812,0.0644637043431401,-0.001215805530548
1721665091749936600,77.8819365234375,-0.0134755676448345,0.0503613831020891,0.0143202017754316
1721665091759980500,77.89198046875,-0.0156138948477804,0.0270556185774505,0.0191787477225065
1721665091770024400,77.9020244140625,-0.0226540226176381,0.0027402386188507,-0.005529577076435
1721665091780068400,77.912068359375,-0.0221411046594381,-0.0054801849767565,-0.0180202253371477
1721665091790111500,77.92211157226562,-0.0194208859153091,-0.0326807649828493,-0.0229033212035894
1721665091800155400,77.9321552734375,-0.0241378314346075,-0.0469137268662452,-0.0264338334172964
1721665091810199600,77.94219946289063,-0.0357739086925983,-0.0475341968521475,0.0066775780677795
1721665091820243700,77.95224365234375,-0.0381260978419333,-0.052172524177283,0.0563707065194845
1721665091830287400,77.96228735351562,-0.0367697878621518,-0.0292268251366913,0.0299111541390419
1721665091840331500,77.97233154296875,-0.0159144121643155,-0.0125320031844079,-0.0047702831417322
1721665091850374400,77.98237451171875,0.0045902503997087,0.0049131987437605,-0.0262824422478675
1721665091860418600,77.99241845703125,0.0169370332103222,0.0052376083925366,-0.0367494757264852
1721665091870462500,78.00246240234375,0.0186885530527681,-0.0042934594102203,-0.0564782585471868
1721665091880506600,78.01250659179688,0.0151966923490166,-0.0098373572729527,-0.0721563046723604
1721665091890550500,78.02255053710938,-0.0046231297560036,-0.0141131348960101,-0.0473269838422536
1721665091900594400,78.03259448242187,-0.0149020933166146,-0.0133300216943025,-0.0464285736978054
1721665091910638600,78.042638671875,-0.0089759181380271,0.0066148880951106,-0.1116688153713941
1721665091920681500,78.05268139648437,-0.0168102650254964,0.0047327276103198,-0.0917366189330816
1721665091930725600,78.0627255859375,0.0074196286067366,-0.0089973993174731,-0.0319289237022399
1721665091940769500,78.07276953125,0.0485666086398065,-0.0208425892814993,0.0918687208801507
1721665091950813400,78.0828134765625,0.0911407719317823,-0.0216680803202092,0.0274362884581089
1721665091960857300,78.092857421875,0.0871150966122746,-0.01923749217242,-0.0622112492412328
1721665091970901500,78.10290161132812,0.0455323555104434,-0.0109283673800528,-0.1524216815203428
1721665091980945700,78.11294555664062,0.008005830996856,-0.0254682032555341,-0.1819751082628965
1721665091990988500,78.12298852539062,-0.0185317550558596,-0.0233912508510053,-0.0902279679358005
1721665092001032700,78.13303271484375,-0.0339146906919777,-0.0106464816987514,0.0254062439352273
1721665092011076400,78.14307641601563,-0.034315088186413,0.0173997553512454,0.0718318950235843
1721665092021120500,78.15312060546874,-0.0051823710739612,0.0528318648688495,0.069613049930334
1721665092031164400,78.16316430664062,0.0193745625555515,0.0843655056431889,0.0376204133421182
1721665092041208600,78.17320849609375,0.0162235511787235,0.1234662206709384,0.0241395850002765
1721665092051251500,78.18325146484375,-0.013487550343573,0.136584499310702,0.0364735813945531
1721665092061295600,78.19329565429688,-0.0386785440929234,0.1628594889044761,0.0243798234969377
1721665092071339500,78.20333959960938,-0.038180750638619,0.1631317299745976,0.003248772662878
1721665092081383400,78.21338354492187,-0.0186582309797406,0.1319824123427271,-0.0129044897586107
1721665092091427600,78.22342749023437,-0.0021335779625922,0.0948164647698402,-0.0332832609206438
1721665092101471500,78.23347143554687,0.0012050649408251,0.0261469792999327,-0.0086678751021623
1721665092111515600,78.243515625,0.0028095044627785,-0.028264994367212,-0.000587444499135
1721665092121558500,78.25355859375,0.0067275546893477,-0.0823201174207031,0.0042781157106161
1721665092131602400,78.2636025390625,-0.0030281887147575,-0.1101417519345879,-0.0006534954726696
1721665092141646600,78.273646484375,-0.0161588153794407,-0.1312296942792832,-0.0017360300123691
1721665092151690500,78.2836904296875,-0.0161216982394456,-0.1436151285998523,-0.0090244334548711
1721665092161734700,78.29373461914062,-0.0229040518559515,-0.1382875038363039,-0.0181675248533487
1721665092171778600,78.30377856445313,-0.0227688811689615,-0.1315219552241265,-0.0201677587598562
1721665092181822500,78.31382250976563,-0.0148282243628054,-0.11437135232836,-0.0293856689602136
1721665092191865300,78.323865234375,-0.0140866852805018,-0.0885579888969659,-0.0258966578006744
1721665092201909500,78.33390942382813,-0.0179733174555003,-0.0616483546614646,-0.010792612171173
1721665092211953400,78.34395336914062,-0.0180481362573802,-0.0279268484540283,-0.0025987843215465
1721665092221997600,78.35399755859375,-0.0213221894919872,0.0115370007976889,-0.0223170457482337
1721665092232041500,78.36404150390625,-0.0057844286203384,0.0477285503804683,-0.0363502472758293
1721665092242085400,78.37408544921875,-0.0204858117330819,0.0796167036809027,0.1049707790374755
1721665092252128500,78.38412841796875,-0.0358158481381833,0.1062668101973831,0.0693114366352558
1721665092262172400,78.39417236328126,-0.0120795101765543,0.088011460930109,-0.0650537791907787
1721665092272216600,78.40421655273437,0.0225467628508806,0.0715795276977121,-0.1832049423187971
1721665092282260500,78.41426049804687,0.023084084597975,0.0349162689499557,-0.1042559087663888
1721665092292304600,78.4243046875,0.021458675353229,0.0016229250267148,0.0244569803863763
1721665092302348500,78.4343486328125,0.0314145444393157,-0.0050436932556331,0.0266530291259288
1721665092312392400,78.44439233398438,0.0451832498118281,0.0155329385660588,-0.0379939228296279
1721665092322435600,78.454435546875,0.0344578576579689,0.022544132502377,-0.0649509033381939
1721665092332479500,78.4644794921875,0.0270732272993773,0.0499807132214307,-0.0228337630987167
1721665092342523600,78.47452368164062,0.0083913231831043,0.0699022421352565,-0.0035796120524406
1721665092352567600,78.48456762695312,0.0070842591725289,0.0794160665422678,-0.0058949032574892
1721665092362611500,78.49461157226563,0.0027123276986181,0.0851275760568678,-0.0060042088508605
1721665092372655400,78.5046552734375,0.0230381996296346,0.0903885653249919,-0.010652911439538
1721665092382699500,78.51469946289062,0.0180774354171007,0.0711040191404521,-0.0193014973193407
1721665092392742400,78.52474243164062,0.022934373928979,0.0392032986193895,0.0057037645995616
1721665092402786600,78.53478662109374,0.0121573246531188,0.0100458854570984,0.0037421091377735
1721665092412830500,78.54483056640625,0.0123855804510414,-0.0119404670320451,-0.0193429983735084
1721665092422874400,78.55487426757813,0.0063935004293918,-0.0326513927578926,-0.0308370368123054
1721665092432917200,78.56491723632813,-0.0015616232935339,-0.0377576298557221,-0.0319505510121583
1721665092442961400,78.57496142578125,0.002244417925924,-0.0552450634904205,-0.0076356094449758
1721665092453005600,78.58500561523438,0.0020719839684665,-0.0634600802585482,-0.014088146585226
1721665092463048400,78.59504833984376,0.0011623948428779,-0.0768742731049656,-0.0216290634840726
1721665092473092600,78.60509252929687,-0.0015832506034523,-0.0937973508551716,-0.0320931743532419
1721665092483136500,78.61513647460937,-0.0185508981477469,-0.0902612856835126,-0.0309001651763916
1721665092493180400,78.62518041992188,-0.0364604296520352,-0.0788600400947034,-0.0303127206772565
1721665092503224300,78.63522436523438,-0.0336274712484329,-0.0591172287486493,-0.0244593184739351
1721665092513268500,78.6452685546875,-0.0325176103103905,-0.0518428538314998,-0.0291898541271686
1721665092523311400,78.65531127929688,-0.0238456435550004,-0.0276296190731227,-0.0414046080559492
1721665092533355500,78.66535546875,-0.0076271338775753,-0.0158833594389259,-0.0532797547668218
1721665092543399700,78.67539965820312,0.0024817338131368,-0.0111724052689969,-0.0305693257868289
1721665092553443300,78.685443359375,-0.0011303192041814,0.0108931499361991,-0.0062251581251621
1721665092563487500,78.69548754882813,-0.0040109892070293,0.0389361721158027,0.0005915361523628
1721665092573531400,78.70553149414063,-0.0052805707514286,0.0450067242011427,-0.0121370125174522
1721665092583575600,78.71557543945312,-0.0088924776382744,0.0628834494143724,-0.0123942021489143
1721665092593618400,78.72561840820312,-0.0060392070990055,0.0698841219566762,-0.015915946534276
1721665092603662600,78.73566259765624,-0.0087681206062436,0.0650306905761361,-0.0111941787093877
1721665092613706200,78.74570629882813,-0.0105040775533765,0.0529841328211128,-0.0016834230422973
1721665092623750400,78.75575048828125,-0.0108994335465133,0.0554971385553479,-0.0216617967098951
1721665092633794600,78.76579467773438,-0.0105512046307325,0.0366721727065742,-0.0459703085362911
1721665092643838500,78.77583837890624,-0.0052518561135977,0.0262467864125967,-0.0306365458041429
1721665092653882600,78.78588256835937,-0.0179636728443205,0.0110686526335775,-0.0262345114529132
1721665092663925500,78.79592553710937,-0.0270258079610764,-0.0092206866793334,0.0019312603235244
1721665092673969400,78.80596948242187,-0.0322070830564945,-0.0077095514640212,0.0460433737725019
1721665092684013300,78.81601342773438,-0.03515066222772,-0.0080323536776006,0.0535638324052095
1721665092694057500,78.82605737304688,-0.0310055252470076,-0.0026852935612201,0.0102589436858892
1721665092704101600,78.8361015625,-0.0122981944285333,-0.0044211774431169,-0.0235913034677505
1721665092714145500,78.8461455078125,0.0070181351337581,0.0080244626320898,-0.0266144506812095
1721665092724189400,78.856189453125,0.0141391461201012,0.0043666707769036,-0.0345581031620502
1721665092734232300,78.866232421875,0.0219173058409243,-0.005575315914303,-0.0628518852323293
1721665092744276500,78.8762763671875,0.0166132080834358,-0.0214896550133824,-0.0574888968944549
1721665092754320400,78.8863203125,0.0007353285372257,-0.0218982358142733,-0.0239180512040853
1721665092764364500,78.89636450195313,-0.0110989016413688,-0.0124080845437943,-0.0872387229919433
1721665092774408700,78.90640869140626,-0.0083763448096811,-0.0157128251776099,-0.0831803875118494
1721665092784452400,78.91645239257812,-0.0070676002986729,-0.0380457991473376,-0.0459235467851161
1721665092794495500,78.92649560546874,0.0348301981016993,-0.0613328589715063,0.1034562828212976
1721665092804539400,78.93653930664063,0.0799488582447171,-0.0482502361670136,0.0743774878531694
1721665092814583600,78.94658349609375,0.0906296806044876,-0.0427069228261709,-0.0429471613228321
1721665092824627500,78.95662744140625,0.0580130668990314,-0.0522572798512876,-0.1354775609821081
1721665092834671600,78.96667163085938,0.0240894622482359,-0.0507163340196013,-0.1861608695149421
1721665092844715300,78.97671533203125,0.0022719635199755,-0.0527326422780752,-0.1182762508124113
1721665092854759400,78.98675952148437,-0.0296031841684132,-0.032508769416809,-0.0188841486901044
1721665092864802300,78.99680224609375,-0.0308908858913928,-0.0060172144629061,0.0573673163414001
1721665092874846500,79.00684643554688,-0.0033026217419654,0.040151685385406,0.0468891769468784
1721665092884890600,79.016890625,0.0217690564766526,0.079759619282931,0.0229074128568172
1721665092894934500,79.0269345703125,0.0147254215754568,0.1235144437268376,-0.0003735094875097
1721665092904978400,79.036978515625,-0.0132123135987669,0.1414611654363572,0.0120446580588817
1721665092915022300,79.04702221679688,-0.0424636155895888,0.1602069285690784,0.0149438866317272
1721665092925066500,79.05706640625,-0.048323155272752,0.1699893407844007,-0.004843348377943
1721665092935109400,79.067109375,-0.0287643221914768,0.1588248265609145,-0.0342734410017728
1721665092945153500,79.07715356445313,-0.0194821145832538,0.1162695871651172,-0.0312695830106735
1721665092955197700,79.08719775390625,0.0030303806718438,0.0621533815741539,-0.0233732768028974
1721665092965241300,79.09724145507812,0.0004833996027708,-0.0056743923746049,0.0132493576735258
1721665092975285500,79.10728540039062,-0.0074297116093337,-0.0449307363554835,0.0133037182092666
1721665092985329400,79.11732934570313,-0.0116301589738577,-0.095700846388936,0.0098515319287776
1721665092995372500,79.12737255859375,-0.0167682525146752,-0.1105386422976851,0.0066319853603839
1721665093005416400,79.13741650390625,-0.0203578745044767,-0.1322531921081244,-0.0054237786144018
1721665093015460600,79.14746069335938,-0.0112905517559498,-0.143780694425106,-0.0139507839411497
1721665093025504300,79.15750415039062,0.0025405513282865,-0.1455861364118754,-0.0280348388731479
1721665093035548400,79.16754833984375,0.0100931586649268,-0.1350534903511405,-0.0330038594573736
1721665093045592600,79.17759252929687,0.0075433280516415,-0.0999257706075906,-0.030032150170207
1721665093055636500,79.18763647460938,-0.0026905542582273,-0.0576519785016775,-0.0277864170700311
1721665093065679600,79.1976796875,-0.0232115103699266,-0.0223342891439795,-0.0053302551120519
1721665093075723500,79.2077236328125,-0.0238859025001525,0.0137415251046419,0.0012929624199867
1721665093085767400,79.21776733398437,-0.0078374156273901,0.0450780358716845,-0.0367804553866386
1721665093095811300,79.22781127929687,-0.0191513482589274,0.0836189250595867,0.0805541306614875
1721665093105855500,79.23785546875,-0.0480641390103846,0.0898196793958544,0.0944873789459466
1721665093115899600,79.24789965820312,-0.0392892233371734,0.0816853266485035,-0.0206079037427902
1721665093125943300,79.257943359375,0.0018090221833437,0.0595377922482788,-0.1706266157746314
1721665093135986700,79.26798657226563,0.0147460990373045,0.0195863056100904,-0.1064548801153898
1721665093146030300,79.2780302734375,0.0091985479127615,-0.0036849721230566,0.0301093070596456
1721665093156074500,79.28807446289062,0.022558014897257,-0.0103555359281599,0.0393429993510246
1721665093166118400,79.29811840820312,0.0366889777109026,0.0049314650528132,-0.0172656075775623
1721665093176162600,79.30816259765625,0.0285894770812243,0.0096622929669916,-0.0581774636805057
1721665093186206500,79.31820654296875,0.0242830851241946,0.0372220616742968,-0.0358241775751113
1721665093196250400,79.32825048828126,0.0148652684375643,0.0809564278520643,-0.0135667530596256
1721665093206293500,79.33829345703126,0.0017670096725225,0.0892789966478943,0.0056949967712163
1721665093216337400,79.34833740234374,-0.0004621376190334,0.1010424996778368,0.0025777415335178
1721665093226381600,79.35838159179687,0.0131407096672803,0.1095982927076518,0.0023141221612691
1721665093236425500,79.36842553710937,0.0160923260144889,0.0831784878157079,-0.0125941086351871
1721665093246469400,79.37846948242188,0.0173046974789351,0.0650483723632991,-0.0041425066322088
1721665093256513300,79.38851318359374,0.0198760092716664,0.03129471745193,0.0002682955473661
1721665093266557400,79.39855737304687,0.0259366975501179,0.00214461081326,-0.0096703301429748
1721665093276600300,79.40860034179687,0.0129310855045914,-0.0163331490330398,-0.0362941331744194
1721665093286644500,79.41864453125,0.0136637836933135,-0.0412225294873118,-0.0435562331318855
1721665093296688600,79.42868872070312,0.0065565089713782,-0.055844782949239,-0.0168190328538417
1721665093306732500,79.43873266601562,0.0108173812862485,-0.0737801064819097,-0.0190296946406364
1721665093316776400,79.4487763671875,0.0022903759595006,-0.0762790836907923,-0.0295388136953115
1721665093326820400,79.4588203125,-0.0004201981734484,-0.0821517751164734,-0.0295031578600406
1721665093336864500,79.46886450195312,-0.0186528972174972,-0.0775567024111747,-0.0265606746673583
1721665093346907400,79.47890747070312,-0.0239268190324306,-0.0904663067363202,-0.0283019653767347
1721665093356951600,79.48895166015625,-0.025185002399981,-0.0860758166924118,-0.0291249721974134
1721665093366995500,79.49899536132813,-0.0318237828273326,-0.0807069831356406,-0.02887012065351
1721665093377039400,79.50903930664063,-0.0168136990915983,-0.0581467762812972,-0.0265285259634256
1721665093387083500,79.51908349609376,-0.0167629187524318,-0.0318520590737462,-0.0232008428454399
1721665093397127400,79.52912744140625,0.0039698534790426,-0.0128207569979131,-0.0197252756893634
1721665093407171600,79.53917163085937,0.0062095952298492,-0.0003834463596343,-0.0071159694850444
1721665093417214500,79.54921435546875,-0.0042319384813308,0.0223192377053201,-0.0082552026480436
1721665093427259000,79.5592587890625,-0.0106739542275667,0.0376411638692021,-0.0187532157868146
1721665093437303000,79.56930297851562,-0.0034945641174912,0.0611453735753893,-0.0190022221118211
1721665093447347000,79.57934692382813,-0.0064896542802453,0.0641831338360905,-0.0063525838971138
1721665093457391000,79.58939111328125,-0.003385331589356,0.0665184449158608,-0.0031435587227344
1721665093467435000,79.59943505859376,-0.0143307231694459,0.0704750735871493,-0.0051736032456159
1721665093477479000,79.60947900390624,-0.0053732905361801,0.0638271600052714,-0.0215413852006196
1721665093487521800,79.61952172851562,-0.0043253889184445,0.0597945434883236,-0.0448112016290426
1721665093497566000,79.62956591796875,-0.0119720312140882,0.0515432863630354,-0.037221769413352
1721665093507610000,79.63961010742187,-0.0172040135834366,0.0365079220555722,-0.0342366161227226
1721665093517654000,79.64965405273438,-0.0348930342048406,0.0186629071548581,-0.0195458274692297
1721665093527698000,79.65969799804688,-0.0440886595081537,0.0120000882647931,0.0254711258649826
1721665093537741800,79.66974194335937,-0.0359507996294647,0.0216486449673771,0.04188800765872
1721665093547786000,79.67978588867187,-0.0179877113070338,0.0300252820380032,0.0039846857219934
1721665093557828900,79.68982885742187,0.001808072335273,0.0359942734450101,-0.0267348621904849
1721665093567873000,79.699873046875,0.0144907360367476,0.0204465757012367,-0.0436591089844703
1721665093577917000,79.7099169921875,0.014082593627274,0.0022958558522164,-0.0582224718660116
1721665093587960800,79.7199609375,0.0154174954928457,-0.0249579156458377,-0.0741571231007575
1721665093598005000,79.7300048828125,0.003095262601599,-0.0368893225885927,-0.0394324312001466
1721665093608049000,79.740048828125,-0.0114788408696651,-0.051566374977678,-0.0156032273232936
1721665093618093000,79.75009301757812,-0.0168452632736414,-0.0526148611173033,-0.08634966519773
1721665093628136000,79.76013598632812,-0.0199678522735834,-0.0467535678684711,-0.0669599050730466
1721665093638180000,79.77018017578125,-0.0003008095774799,-0.068556672745198,-0.0236433259159326
1721665093648224000,79.78022412109375,0.0426958169102668,-0.0704455552317202,0.1108855560392141
1721665093658268000,79.79026782226562,0.0936108883723616,-0.0571187484078109,0.061942369171977
1721665093668312000,79.80031201171874,0.0957467313572764,-0.0482759551301598,-0.0501747744888067
1721665093678356000,79.81035595703125,0.061180956345424,-0.0537343666665256,-0.1675882709920406
1721665093688400100,79.82040014648437,0.0229240717306733,-0.0628010318279266,-0.1857131257474422
1721665093698443000,79.83044311523437,-0.0018308686889708,-0.0614633534833788,-0.0787736769855022
1721665093708487000,79.84048681640625,-0.0310918152909725,-0.0293963364847004,0.0462935491412878
1721665093718530800,79.85053076171874,-0.0330859847828745,0.0070798752583563,0.0987865374445915
1721665093728575000,79.86057495117187,-0.0001223842706531,0.0446301459737122,0.0623924510270357
1721665093738619000,79.87061889648437,0.0254322551593184,0.0922149039693176,0.0201940622448921
1721665093748663000,79.8806630859375,0.0159644618511199,0.1209228197984397,0.0087619831264019
1721665093758707000,79.89070703125,-0.0137681208506226,0.1543076413974166,0.0056435588449239
1721665093768750000,79.90075,-0.0486616665121167,0.1792313625127077,0.009244798207283
1721665093778794000,79.9107939453125,-0.052928384045884,0.1799966477967798,-0.0082762454360723
1721665093788838000,79.920837890625,-0.0271076410256326,0.1728457531288266,-0.0276940626114606
1721665093798882000,79.93088208007812,-0.0071774904139339,0.1294612233020365,-0.0341916079372167
1721665093808926000,79.94092602539062,0.0063943041469901,0.0603651829831302,-0.0068219549745321
1721665093818969900,79.95096997070313,0.0085137074537575,0.0041891222529113,0.0175058460742235
1721665093829014000,79.96101391601563,0.005466156451404,-0.0417981374181807,0.0112695820331573
1721665093839057000,79.97105688476563,-0.0095998221900314,-0.0680899320162832,-0.0046399347603321
1721665093849101000,79.98110107421876,-0.0120730073705315,-0.0935907223671674,-0.0092401220321655
1721665093859145000,79.99114501953125,-0.0072998746845871,-0.1157581305116415,-0.0174754509359598
1721665093869189000,80.00118920898437,-0.0033642888013273,-0.1298340021371841,-0.0211614459723234
1721665093879232800,80.01123266601563,0.0136218442477285,-0.1322165133595466,-0.0245984346836805
1721665093889277000,80.02127685546876,0.0176268421053886,-0.1281666534468531,-0.0340495691180229
1721665093899321000,80.03132104492188,0.016079904924333,-0.1036817621402442,-0.0467880546599626
1721665093909364000,80.04136401367188,0.0015267711758613,-0.0704956779837608,-0.0258364520460367
1721665093919408000,80.051408203125,-0.0053390229403972,-0.0329293329164385,-0.0114805944353342
1721665093929452000,80.0614521484375,-0.0243141378495842,0.0034592005431652,-0.0254687877774238
1721665093939496000,80.07149584960938,-0.0210013600397855,0.0421615639030933,-0.0482598807781934
1721665093949539800,80.08153979492188,-0.0326643253047019,0.0735544810324907,0.0837175631284713
1721665093959584000,80.091583984375,-0.0555301640421152,0.0781229579918086,0.0656511605620384
1721665093969628000,80.1016279296875,-0.0240636702198535,0.0613856120720505,-0.0773158793926239
1721665093979671000,80.11167114257813,-0.0011713088016957,0.0247850432969629,-0.1845282998770475
1721665093989715000,80.12171484375,-0.0013027531616389,-0.0021916648253798,-0.0724222621321678
1721665093999758800,80.1317587890625,0.0017332535333931,-0.0192623343527317,0.0517284336715936
1721665094009803000,80.14180297851563,0.0179877843722701,-0.0191118199661374,0.0416582905560731
1721665094019847000,80.15184692382813,0.0269868641901761,-0.0086900869339704,-0.0251759423106908
1721665094029891000,80.16189111328126,0.0182064686242491,0.0225014624044299,-0.0548883590072393
1721665094039935000,80.17193505859375,0.0095796561848372,0.0558751780875027,-0.0234533563017845
1721665094049978000,80.18197802734375,-0.0059389615949243,0.0805665517516434,0.0064823477566242
1721665094060021800,80.19202172851563,-0.0073059390991926,0.0995522611200809,0.0012666589349508
1721665094070066000,80.20206591796875,-0.0132422703456133,0.1078213461630046,0.0035737668335437
1721665094080110000,80.21211010742188,-0.0030338147379457,0.1056137531161308,0.0117313543260097
1721665094090154000,80.22215405273438,0.0056435588449239,0.0832329944819211,0.0077525138229131
1721665094100198100,80.2321982421875,0.0211377728357911,0.0490029542304575,-0.0096884503215551
1721665094110241800,80.24224169921875,0.0135630267325788,0.0250467629730701,-0.0103407767504453
1721665094120286000,80.25228588867188,0.0117042471233755,0.0061576458469033,-0.0242372001558542
1721665094130328800,80.26232885742188,0.007957973267138,-0.0202354171685874,-0.0303097980678081
1721665094140373000,80.272373046875,0.0106481621991842,-0.0381891531407833,-0.0230061970561742
1721665094150417000,80.2824169921875,0.0124354840073734,-0.050348523620516,-0.0236895031452178
1721665094160461000,80.2924609375,0.0150121295623481,-0.0657724488541483,-0.0267979905545711
1721665094170505000,80.3025048828125,0.0267789935931563,-0.082891925959289,-0.0334381592214107
1721665094180548900,80.312548828125,0.0130681558877229,-0.0907620748125016,-0.0376157371670007
1721665094190593000,80.32259301757813,-0.0036055502112954,-0.0967639455758035,-0.0270376445293426
1721665094200636000,80.33263598632813,-0.0111399643041193,-0.0898281549632549,-0.0302536839663982
1721665094210680000,80.34268017578125,-0.0121628045458346,-0.083175419075787,-0.0420972664952278
1721665094220724000,80.35272387695312,-0.0058542059209197,-0.0602997165314853,-0.0447381363928318
1721665094230767900,80.36276782226562,-0.0075101564344018,-0.0473052104018628,-0.0512421114593744
1721665094240812000,80.37281201171875,0.0041371728699654,-0.0225929400801658,-0.0436579399406909
1721665094250856000,80.38285595703125,0.002185162019357,-0.0012200433142483,-0.0286292976349592
1721665094260900000,80.39290014648438,0.0051801060516387,0.0164971074230968,-0.016777531799674
1721665094270943000,80.40294287109376,0.003454305172339,0.0377533920720219,-0.00594926379323
1721665094280987100,80.41298706054687,0.0028984248552471,0.0475334661997854,-0.0133165776908397
1721665094291030800,80.42303076171875,0.003233867354691,0.0609463438719511,-0.0005693243205547
1721665094301075000,80.43307495117188,-0.0019490882411599,0.0794005767121911,0.0081400518357753
1721665094311119000,80.443119140625,-0.0129459908127784,0.0818700355656445,-0.0102367318540811
1721665094321163000,80.4531630859375,-0.0095742493573576,0.0788913120158016,-0.0345768078625202
1721665094331207000,80.46320703125,-0.006117679162696,0.0615345190234482,-0.0279267023235559
1721665094341250000,80.47325,-0.0138418436739593,0.0497154864139854,-0.0194353528320789
1721665094351294000,80.4832939453125,-0.0175345607120543,0.0392895155981183,-0.0109855043947696
1721665094361337900,80.493337890625,-0.0377456471569836,0.0283802913099527,0.0346633171021938
1721665094371382000,80.50338208007813,-0.0485926198638975,0.0245319453187286,0.0700865126609802
1721665094381426000,80.51342602539063,-0.0518472377456724,0.0221755914509296,0.0434206240534782
1721665094391470000,80.52346997070312,-0.0390749960646033,0.0205817463882267,-0.0028033669829368
1721665094401514000,80.53351391601562,-0.0147355776432901,0.0273434956081211,-0.0328507147222757
1721665094411556900,80.54355688476562,-0.0046330666281282,0.0234346516013145,-0.0369026204615831
1721665094421601000,80.55360107421875,0.0019126286882907,-0.0017573650613427,-0.0458943206906318
1721665094431648500,80.5636484375,0.0030395868916064,-0.0280948984973132,-0.066442603200674
1721665094441692700,80.57369262695312,0.0006464081447571,-0.0408373295620083,-0.0183510647267103
1721665094451736600,80.58373657226562,-0.0062069648813456,-0.0429673273280262,-0.0506616812229156
1721665094461780500,80.59378051757812,0.0008188421022146,-0.0402972313359379,-0.0956277811527252
1721665094471824400,80.60382446289063,-0.0014494681559503,-0.0477890483960509,-0.0829746358066797
1721665094481867500,80.61386743164063,0.0301079188201576,-0.0683130732476711,0.0454699577987194
1721665094491911400,80.62391137695313,0.0726995447035878,-0.0610148790635168,0.10554068787992
1721665094501955600,80.63395556640624,0.1046010689422488,-0.0578957241296768,-0.0189525377511978
1721665094511999500,80.64399951171875,0.0823956668749451,-0.0653431175261735,-0.1238864919096231
1721665094522043400,80.65404345703125,0.0305765592452138,-0.0697686788834631,-0.2187105554640293
1721665094532087600,80.66408764648438,-0.0020328210018575,-0.0801468650348484,-0.1667033048510551
1721665094542131500,80.67413134765626,-0.0252449889589101,-0.0663863429687917,-0.0507066894084215
1721665094552175600,80.68417553710937,-0.0315644743040204,-0.0402279654920101,0.0488484943211078
1721665094562218500,80.69421850585937,-0.0035123920351266,0.0012222352713346,0.042417584490776
1721665094572262400,80.70426245117187,0.0345550344221293,0.0532201335340738,0.012680033352971
1721665094582306600,80.714306640625,0.035975495679304,0.0934840471222996,0.0185568164318799
1721665094592350500,80.7243505859375,0.0098971977014094,0.1332134154424071,0.0244523042112588
1721665094602394600,80.73439453125,-0.0362951560877263,0.1642811922706663,0.0455763407826423
1721665094612438500,80.7444384765625,-0.0454907083258032,0.190185887247324,0.0204050746470689
1721665094622482400,80.754482421875,-0.0429411699734628,0.1960414814077317,-0.0150455934405326
1721665094632525600,80.76452563476562,-0.0248735983632504,0.172512137260288,-0.0242459679841995
1721665094642569500,80.77456958007812,0.0006187164202332,0.1171779341816902,-0.0109510176032781
1721665094652613400,80.78461328125,0.0064662003394216,0.0495573732428252,0.0154155957967042
1721665094662657500,80.79465747070313,0.007547638900578,-0.0076030223496258,0.0183750301241874
1721665094672701700,80.80470166015625,-0.0031542262472212,-0.0604901245370507,0.0136971014410257
1721665094682745300,80.81474536132812,-0.0058717415776103,-0.0890304287143051,0.0011807342171669
1721665094692789500,80.82478955078125,-0.0062049190547317,-0.1059086444094777,0.0080330843299627
1721665094702832400,80.83483227539062,-0.0015992518901824,-0.1195239127859473,0.0142868840277194
1721665094712876500,80.84487646484375,0.0148962480977177,-0.1343047178104519,0.0022235212683677
1721665094722920400,80.85492041015625,0.0191021022897213,-0.1253017655350267,-0.0183487266391515
1721665094732964600,80.86496459960938,0.0235054518152028,-0.101588735383749,-0.0547200167030096
1721665094743008500,80.87500854492187,0.0128791361216455,-0.0680836484059691,-0.0485503881573677
1721665094753052400,80.88505249023437,0.0084369889557361,-0.0340542452931404,-0.0289648131996393
1721665094763096600,80.8950966796875,-0.0042320846118032,-0.0017364684037864,-0.0221855283230543
1721665094773140500,80.90514038085938,-0.0171599552460014,0.0326706819802522,-0.0581499911516904
1721665094783183600,80.91518359375,-0.0216170807853341,0.0703827191285789,0.0101280107825994
1721665094793227500,80.9252275390625,-0.0520271243572235,0.0819110982283949,0.0869020383834838
1721665094803271400,80.935271484375,-0.0634139760944992,0.0605975304342806,-0.0120692079782485
1721665094813315300,80.9453154296875,-0.0207736156985163,0.0235930570334196,-0.1728127276420593
1721665094823359500,80.955359375,-0.0014972528204321,-0.012231558933109,-0.1453168179512023
1721665094833403600,80.96540356445313,-0.0036154140181839,-0.0454446772269904,-0.0066769935458898
1721665094843447600,80.97544750976563,0.0046829701844602,-0.04503974968791,0.0402186131417751
1721665094853490700,80.98549072265625,0.0170389592148363,-0.0327478388696908,-0.0252817407727241
1721665094863534300,80.99553442382812,0.029931320144236,-0.0155287007823586,-0.0684492668479681
1721665094873578500,81.00557861328124,0.023021029299125,0.0283949043571948,-0.050987259915471
1721665094883622400,81.01562231445313,0.0047781741872429,0.0653185676068067,-0.0140068980425596
1721665094893666600,81.02566650390625,-0.0089233842331916,0.0850391671210527,0.0147802205026149
1721665094903710700,81.03571069335938,-0.0064775985162705,0.1066936573073267,0.016620879933238
1721665094913754400,81.04575439453124,-0.0034215719465166,0.102381347066164,0.0060877954810857
1721665094923798500,81.05579858398437,0.0068366410870105,0.0876210003077983,0.0095177699297666
1721665094933841400,81.06584130859375,0.0158246880542486,0.0666416329041123,0.0062006082057952
1721665094943885600,81.07588549804687,0.0186665604166686,0.0493061749607324,0.0116956984907388
1721665094953929500,81.08592944335938,0.0134641694679856,0.0248351660490036,0.0110679219812154
1721665094963973600,81.0959736328125,0.0141153268530964,0.0022758359774947,-0.0145049106925725
1721665094974017500,81.106017578125,0.0033658231712877,-0.0144914666891098,-0.0162625680148601
1721665094984061400,81.1160615234375,0.0066593117587268,-0.0288670519135892,-0.0051461307168006
1721665094994105600,81.12610571289062,0.024698095665872,-0.0316352014526724,0.0025111060380935
1721665095004148500,81.1361484375,0.0157874247837811,-0.0473301987126469,-0.0170323833435773
1721665095014192600,81.14619262695312,0.0141176649406552,-0.0540438710071146,-0.0239151285946369
1721665095024236500,81.15623657226563,-0.007663739560917,-0.0699019498743116,-0.0204132579535245
1721665095034280400,81.16628051757813,-0.014251739649102,-0.0694860625497996,-0.0301017082750797
1721665095044324400,81.17632446289062,-0.0200112530238926,-0.0676712682127952,-0.038583120894432
1721665095054368500,81.18636840820312,-0.0228635737150907,-0.0674096946671605,-0.0428612366050481
1721665095064412700,81.19641259765625,-0.0119987730905413,-0.0482376689463853,-0.0444014517843723
1721665095074455600,81.20645556640625,-0.0038401626847684,-0.0350087695389986,-0.0417868853718042
1721665095084499700,81.21649975585937,0.0038577714066952,-0.0184593474067747,-0.0512047020584344
1721665095094543400,81.22654345703126,0.0136440560795366,-0.0052672728784382,-0.0416699809938669
1721665095104587500,81.23658740234374,0.0225623257461935,0.0091506901830434,-0.0344891295790672
1721665095114631400,81.24663134765625,0.0097413495525717,0.0177016609072685,-0.027685879305005
1721665095124675600,81.25667553710937,0.0074139295183122,0.0408786844857037,-0.022782909694314
1721665095134719500,81.26671948242188,0.000382642642036,0.0637552638128399,-0.0195014038056135
1721665095144763400,81.27676342773438,0.0039364626660943,0.0648217240005731,-0.0356143342167139
1721665095154806500,81.286806640625,-0.0035559389159083,0.0639513709068298,-0.041996144208312
1721665095164850400,81.29685034179687,-0.0025813947953283,0.0691258509352803,-0.0561649548143148
1721665095174894600,81.30689453125,-0.0002481295421719,0.0513898493669927,-0.0323591318130493
1721665095184938500,81.3169384765625,-0.019129355622828,0.0288667596526443,-0.0048164603710174
1721665095194982700,81.32698266601562,-0.0342269715115427,0.0149263509750366,0.034836335581541
1721665095205026600,81.33702661132813,-0.0487407230976969,0.0102102822385728,0.0594669189691543
1721665095215070500,81.34707055664063,-0.0583676524903625,0.0205244632430374,0.0381885686188936
1721665095225113300,81.35711328125,-0.0512551901366561,0.0165777714438736,-0.0031190088033676
1721665095235157500,81.36715747070312,-0.0374899188302457,0.0220326758489012,-0.006007131460309
1721665095245201700,81.37720166015625,-0.0221457077693194,0.008273030565679,0.0165004684239625
1721665095255245600,81.38724560546875,-0.0096133392587304,-0.0136551619954407,-0.0139659815102815
1721665095265289500,81.39728955078125,0.001577624580264,-0.0177263569571077,-0.0277034149616956
1721665095275333400,81.40733349609376,0.0039796442206948,-0.021171382844448,-0.0073538698941469
1721665095285377500,81.41737744140624,-0.0092537121661007,-0.0187941323190927,-0.0003290858238935
1721665095295421700,81.42742163085937,-0.0176626440711319,-0.0260553554937243,-0.0830418558239936
1721665095305464600,81.43746459960937,-0.0127254799298942,-0.0234394739069044,-0.0751870506703853
1721665095315508500,81.44750854492187,0.0111587420698255,-0.0439119147017598,0.0015302783071994
1721665095325552400,81.45755249023438,0.0549593053516,-0.0490510311558842,0.1002501802563667
1721665095335596500,81.46759643554688,0.0894905205067247,-0.053492959126085,0.0102162735879421
1721665095345640400,81.47764038085937,0.0859770324930548,-0.0577130610391497,-0.0876338597893714
1721665095355684600,81.4876845703125,0.0524046524327248,-0.0694919077686965,-0.1720201159596443
1721665095365728500,81.497728515625,0.0132865478787571,-0.0637979339107871,-0.180709618371725
1721665095375771600,81.50777172851562,-0.0215921655397862,-0.0601823737621307,-0.112457919922471
1721665095385815600,81.51781567382812,-0.039707375684008,-0.0471205014847219,-0.0265226807445287
1721665095395859500,81.527859375,-0.0227045106958597,-0.0095918580792844,0.0249660989522933
1721665095405903600,81.53790356445313,0.0012184358790516,0.0413112306840717,0.0135053782612085
1721665095415947500,81.54794750976562,0.0244650906275957,0.0866835733272135,0.0044581484526395
1721665095425991400,81.55799145507812,0.0142499130181968,0.1221153905838727,0.0075648822963237
1721665095436032500,81.56803247070313,-0.0251744810059666,0.1509038243032991,0.0140542443156242
1721665095446076700,81.57807666015626,-0.0411468339025974,0.1691157728202641,0.0035544776111841
1721665095456119600,81.58811962890626,-0.0510240847945213,0.168315854614228,-0.009364040672779
1721665095466163700,81.59816381835938,-0.0401066771999001,0.1478665024340152,-0.022685879060626
1721665095476207600,81.60820751953125,-0.0227072141095995,0.0941433878138661,-0.0274029707103967
1721665095486251500,81.61825146484375,-0.0105978933166712,0.0373890888042747,-0.0064186348706483
1721665095496295700,81.62829565429688,-0.0046866234462708,-0.0156901749543845,0.0336345585763454
1721665095506339600,81.63833959960938,-0.0051657852653414,-0.053353989046812,0.0208066411852836
1721665095516383700,81.6483837890625,-0.0020838205367326,-0.0832455617025494,0.0116840080529451
1721665095526426600,81.65842651367187,0.0017133797891438,-0.0941618002533912,0.0035936405777931
1721665095536470500,81.66847045898437,0.0128694184452295,-0.0951893897354602,0.001861117696762
1721665095546514700,81.6785146484375,0.0319349150516092,-0.0999447675690054,0.0027875848919153
1721665095556558600,81.68855859375,0.0299536781065166,-0.0924034122787415,-0.0185784437417984
1721665095566602800,81.69860278320313,0.0354827437262982,-0.0785085963085293,-0.0407762470245361
1721665095576646700,81.70864672851563,0.0231768774479627,-0.0579762420199811,-0.0113853173673152
1721665095586690600,81.71869067382812,-0.0004528583340346,-0.0371627327024936,0.0265045605659484
1721665095596734500,81.728734375,-0.0073287354528903,-0.0171428579807281,0.0196755913287401
1721665095606777600,81.73877758789062,-0.0109814127415418,0.0180712248720228,-0.032702830684185
1721665095616821500,81.74882153320313,-0.0191254831653088,0.0421675552524626,-0.0320423209488391
1721665095626865700,81.75886572265625,-0.0428350061852484,0.0763118169166147,0.130212772321701
1721665095636909800,81.76890991210938,-0.064320204219222,0.067272624284029,0.0744762720525264
1721665095646953500,81.77895336914062,-0.0296630976621061,0.0481600736655294,-0.0737099638551473
1721665095656997600,81.78899755859375,0.0039671500653028,0.0189691966250538,-0.1956511669158935
1721665095667041500,81.79904150390625,0.0134689917735755,-0.0216046596951782,-0.1315396370112896
1721665095677084700,81.80908471679687,0.0061704322632402,-0.0429527142807841,0.00074584993124
1721665095687128600,81.81912866210938,0.0136534814950078,-0.046263154003024,0.0144733465105295
1721665095697172700,81.8291728515625,0.0197520175658166,-0.0226088683016598,-0.0500134464472532
1721665095707216600,81.83921655273437,0.0164625475663691,0.0019112404488027,-0.0538981789261102
1721665095717260500,81.84926049804687,6.86813220381e-05,0.0284722073771059,-0.0342711029142141
1721665095727304700,81.8593046875,-0.00034033787027,0.0625834435544908,-0.0225409176319837
1721665095737348600,81.8693486328125,-0.0105076577499508,0.0744737878344953,-0.0155769238382577
1721665095747392800,81.87939282226563,-0.0056452393453568,0.0867203982062637,-0.0141033441543579
1721665095757435600,81.889435546875,-0.009875570391491,0.0779297735072672,0.0027729718446731
1721665095767479600,81.8994794921875,0.0032390549864619,0.0782715726822614,0.0167991591095924
1721665095777523500,81.9095234375,0.0025948387987911,0.0521739854820072,0.0271843595236539
1721665095787567600,81.91956762695312,0.0025046032320708,0.0404746337294578,0.02791910353899
1721665095797611800,81.92961181640625,-0.0071897653736174,0.0199509011387825,-0.0042015433430671
1721665095807655700,81.93965576171875,0.0005696896467357,0.0079338617391884,-0.0217588273435831
1721665095817699600,81.94969946289062,-0.003336450946331,-0.0157486271433532,-0.0189005153030157
1721665095827742500,81.95974243164062,-0.0047067163862287,-0.0290600902676582,-0.0055845221340656
1721665095837786600,81.96978662109375,0.0016990590028464,-0.0281822845198214,-0.014586159235239
1721665095847830500,81.97983056640625,0.0087006083279848,-0.0532825312457978,-0.0193669637709856
1721665095857874700,81.98987475585938,0.008012406868115,-0.0569311168812215,-0.0207692317843437
1721665095867918800,81.9999189453125,-0.0045233226433396,-0.0685562343537807,-0.0293698868691921
1721665095877962500,82.00996240234375,-0.0084090780355036,-0.0682702570192515,-0.036891514545679
1721665095888006700,82.02000659179687,-0.0075731386680155,-0.0578477933347225,-0.0333037191867828
1721665095898050600,82.03005053710937,0.0016608458843082,-0.0621221096530556,-0.0359790758758783
1721665095908093700,82.04009375,-2.33078103512e-05,-0.0399130543239414,-0.0249111538946628
1721665095918137600,82.0501376953125,0.0027745062146335,-0.0332189635127782,-0.0446621485471725
1721665095928181800,82.060181640625,0.0114409930773079,-0.0213385561048984,-0.042270284974575
1721665095938225700,82.0702255859375,0.0117667179003357,0.0043162557639181,-0.0371393518269062
1721665095948269600,82.08026953125,0.0011162176135927,0.0206477973617613,-0.0223696527183055
1721665095958313700,82.09031372070312,-0.0009030863195657,0.0262476631954312,-0.0137274965792894
1721665095968357600,82.10035766601563,-0.008206468135491,0.0345724239483475,0.0040548283487558
1721665095978401500,82.11040161132813,-0.0054408758796751,0.0466201507471501,-0.0206043966114521
1721665095988444700,82.12044458007813,-0.0063966422345489,0.0541487926863133,-0.0503588988840579
1721665095998488600,82.13048852539063,-0.0001660042166709,0.0522007273584604,-0.0764127930730581
1721665096008532500,82.14053247070312,0.0048049160636961,0.0434251540981233,-0.0536895046114921
1721665096018576600,82.15057666015625,-0.0227512724470347,0.0260838509358465,-0.011993804654479
1721665096028620800,82.16062084960937,-0.0341626741036772,0.0113153208710253,0.0325350729018449
1721665096038664700,82.17066479492188,-0.0384324603773653,0.0146405197709798,0.0374438877314329
1721665096048708600,82.18070849609374,-0.0398867508389055,0.0191924839869141,0.0012502923220396
1721665096058751500,82.19075146484376,-0.032573578281328,0.0184456111423671,-0.004265256229043
1721665096068795600,82.20079565429687,-0.0328537834621965,0.0311748904645442,0.01271919631958
1721665096078839600,82.21083959960937,-0.0237387491144239,0.0215627202495932,-0.001575871014595
1721665096088883700,82.2208837890625,-0.026909195844084,0.0034210604898631,-0.0030289924323558
1721665096098927600,82.230927734375,-0.026663842780888,0.0027371698789298,-0.0080459438115358
1721665096108971500,82.24097143554687,-0.0262328309524804,0.0018599486529827,-0.0221083714336156
1721665096119015700,82.251015625,-0.0152850282195955,-0.0130797001950442,-0.109962595975399
1721665096129058600,82.26105859375,-0.0102628892086446,-0.0131819915257394,-0.137676532331109
1721665096139102700,82.27110278320312,0.0175227241437882,-0.020913170299679,-0.0655284109652042
1721665096149146600,82.28114672851562,0.0399858272992074,-0.0534068882778286,0.1420212835371494
1721665096159190500,82.2911904296875,0.0807092481579631,-0.0628019086107611,0.0830628986120224
1721665096169234400,82.301234375,0.0932407398857176,-0.0608365998871624,-0.0597258621662855
1721665096179278600,82.31127856445312,0.0595084930885583,-0.0387264748878777,-0.112045831990242
1721665096189322800,82.32132275390624,0.0157453392077237,-0.0421371601141989,-0.1829360622495412
1721665096199366700,82.33136669921875,-0.0229328395590186,-0.0478583142399787,-0.1719324376761913
1721665096209409800,82.34140991210937,-0.0415665206193923,-0.038573768544197,-0.0965682768732309
1721665096219453700,82.35145361328125,-0.048313802922517,-0.0273405729986727,-0.0181312844961881
1721665096229497600,82.36149755859375,-0.0239532686479389,0.0118649175778031,0.0366746569246053
1721665096239541500,82.37154150390624,0.010822057461366,0.0617070991113781,0.0238303729206323
1721665096249585700,82.38158569335937,0.0233797796089202,0.0967867419295012,0.0478957236409187
1721665096259629800,82.3916298828125,0.0010221826545894,0.1201107727631926,0.0451589921534061
1721665096269673500,82.40167358398438,-0.0188217509783804,0.1451056594185531,0.033652094233036
1721665096279716600,82.41171655273438,-0.0187660022031515,0.1567144102782011,0.0029646950244903
1721665096289760500,82.42176049804688,-0.020586714824289,0.1347980542853474,-0.0288093303769826
1721665096299804700,82.4318046875,-0.0172128544770181,0.0958215501591563,-0.0159340667128562
1721665096309848600,82.4418486328125,-0.0152125475052744,0.0512486873306334,0.0143558576107025
1721665096319892700,82.45189282226562,-0.0108843090426176,-0.0005447744011878,0.0340992534786462
1721665096329936600,82.4619365234375,-0.0097369656383991,-0.0422249845281243,0.037926702812314
1721665096339980500,82.47198046875,-0.0152232880949974,-0.0652267976701259,0.023165187010169
1721665096350023700,82.48202368164063,-0.0055147448334842,-0.0844388631403446,0.0221241535246372
1721665096360067600,82.49206762695313,-0.0056429743230342,-0.0834552589304745,0.0071235682696104
1721665096370111700,82.50211181640626,0.0063440352644771,-0.0898880684569478,0.0039133740514516
1721665096380155600,82.51215576171874,0.0130429483812302,-0.0764500563435256,-0.0208551565021276
1721665096390199600,82.52219946289063,0.0215747029483318,-0.0754318192116916,-0.001907879447937
1721665096400243500,82.53224340820313,0.0159497757386416,-0.0574044334813952,-0.005067220261693
1721665096410287600,82.54228759765626,0.0023410101681947,-0.0403822792708873,0.0060983168751001
1721665096420331800,82.55233178710938,-0.0127218266680836,-0.0153700030893087,0.0124836339980363
1721665096430374400,82.56237451171874,-0.0260475375134497,0.0164407010607421,0.0022393033593893
1721665096440418600,82.57241845703125,-0.0233079564817249,0.0364350029498338,-0.0458680172055959
1721665096450462500,82.58246240234375,-0.0249595961462706,0.0596769084580242,0.0407025972664356
1721665096460506400,82.59250634765625,-0.0377872212763875,0.0815298438258469,0.0844470464468002
1721665096470550500,82.60255053710938,-0.0252400935880839,0.0657654345914721,-0.0257645558536052
1721665096480594400,82.61259448242187,0.0199477593336254,0.0407063966587185,-0.1657476115614175
1721665096490638600,82.622638671875,0.0394514281615614,0.005856032551825,-0.2033195095866918
1721665096500681500,82.63268139648437,0.0226361216347664,-0.0239474234290421,-0.0716091921836137
1721665096510725400,82.64272534179688,0.004525879926607,-0.0347974648758769,0.0275917712807655
1721665096520769300,82.65276928710938,-0.0047143882360309,-0.0222213302887976,0.0074848027974367
1721665096530813400,82.6628134765625,0.0044737844131886,-0.0024376024104654,-0.0457008439451456
1721665096540857600,82.67285766601563,0.0070204001560807,0.0295255158223211,-0.0413771355271339
1721665096550901500,82.68290161132812,0.0007417582780122,0.0502532465524971,-0.0347527489513158
1721665096560945400,82.6929453125,0.0069398092005401,0.073023296765238,-0.0198988786906003
1721665096570989300,82.7029892578125,0.0023476591046899,0.0807636817589402,-0.0323766674697399
1721665096581032400,82.71303247070313,-0.0070977762412279,0.0710302232518792,-0.0112806879490613
1721665096591076400,82.72307641601563,0.003660860595107,0.0612032412424683,-0.0004594342052936
1721665096601120500,82.73312060546876,0.0006214928992092,0.0447536262229084,-0.002153963163495
1721665096611164700,82.74316455078124,-0.0047354310240596,0.0387283745840191,0.0281289468973875
1721665096621208300,82.75320825195313,-0.0081901015225797,0.0187095227755606,0.037613399079442
1721665096631252500,82.76325244140625,-0.0096643387936055,0.0101595749646425,0.0300409179985523
1721665096641296400,82.77329638671876,-0.0085608345311135,-0.0107157475426793,0.0027460838377475
1721665096651339500,82.78333959960938,0.0069815294504165,-0.029733751745522,-0.0133434656977653
1721665096661383400,82.79338354492188,0.0087516809280961,-0.0429743415907025,-0.0150830028414726
1721665096671427600,82.80342749023437,0.0019476269364356,-0.0659013359308242,-0.0122702835083007
1721665096681471200,82.81347119140625,-0.001077858364582,-0.0798122262530028,-0.0102764793425798
1721665096691515400,82.82351538085938,-0.0037958851516246,-0.0701183691039681,-0.0205874454766511
1721665096701559600,82.8335595703125,-0.0119784609548747,-0.0675149086073041,-0.0205740014731884
1721665096711603500,82.843603515625,-0.0125222124427556,-0.0590380260325968,-0.0121627314805984
1721665096721646600,82.853646484375,-0.0149869220558553,-0.0544495291985571,-0.0157084412634372
1721665096731690500,82.8636904296875,-0.0076659315180033,-0.0308542802080512,-0.0181698629409074
1721665096741734400,82.873734375,0.0053678837087005,-0.0158193542920053,-0.027234628406167
1721665096751778300,82.8837783203125,0.0101220924984663,-0.0040801089204847,-0.0295481660455465
1721665096761822500,82.89382250976563,0.006560965950787,0.0090704645536839,-0.0247942495167255
1721665096771866600,82.90386669921875,0.0003814735982567,0.0140390467464923,-0.0323176307588815
1721665096781910500,82.91391064453126,-0.0027049481097608,0.0260800515435636,-0.0199047239094972
1721665096791953700,82.92395361328126,-0.0088489307574927,0.0441629668533802,-0.0077893387019634
1721665096801997300,82.93399731445312,-0.0154514708276838,0.0459251542203128,-0.0189566294044256
1721665096812041500,82.94404150390625,-0.006523191223666,0.0499646388694643,-0.0321820216804742
1721665096822085400,82.95408544921875,-0.005346913985908,0.0488506862781941,-0.0557388383567333
1721665096832129500,82.96412963867188,0.003146554397419,0.0513784511901438,-0.0573784222573041
1721665096842173700,82.97417358398438,-0.0024108605340123,0.0404879316024482,-0.0695475834786892
1721665096852217300,82.98421728515625,-0.0024283231254667,0.0152291333138942,-0.0532797547668218
1721665096862261500,82.99426147460937,-0.0154765322037041,-0.0035536008283495,-0.008991115707159
1721665096872304400,83.00430444335937,-0.0329462109860032,-0.0086458094008266,0.0310971490532159
1721665096882348500,83.0143486328125,-0.0319178177863359,0.0016121113717555,0.0385948113322257
1721665096892392400,83.02439233398438,-0.0239022691130638,0.0012209200970828,0.010585691422224
1721665096902436600,83.0344365234375,-0.0070231035698205,0.0176417474135756,-0.0036959319084882
1721665096912480300,83.04448022460937,-0.0057316755197942,0.0204458450488746,-0.0308212547212839
1721665096922524400,83.0545244140625,-0.0104098964639008,0.010703180322051,-0.042339258557558
1721665096932568600,83.06456860351562,-0.0141918992206454,0.0088210198372602,-0.0288736277848482
1721665096942611500,83.07461157226562,-0.0134844816036522,0.0010642682306468,-0.0062000236839056
1721665096952655600,83.08465551757813,-0.0112882867336273,-0.0063587213769555,-0.0752671301692724
1721665096962699500,83.09469946289063,-0.0090315207827836,-0.0087298344224691,-0.1204874971210956
1721665096972743400,83.10474340820312,0.0103400460980832,-0.0220515266798436,-0.0358949047237634
1721665096982787300,83.11478735351562,0.0300181216448545,-0.059168082153052,0.164206227338314
1721665096992831500,83.12483154296875,0.0640098961610347,-0.0613290595792233,0.0741577076226472
1721665097002875600,83.13487573242188,0.0677251172918826,-0.0507253941088914,-0.0772165106713771
1721665097012918500,83.14491845703125,0.0361299555886536,-0.0416281876787543,-0.0916688143938779
1721665097022962700,83.15496264648438,0.0070270490925759,-0.0489499088689684,-0.1647685373961925
1721665097033006300,83.16500634765625,-0.0208840172704309,-0.0594911766275763,-0.1660860497355461
1721665097043050500,83.17505053710937,-0.0458924209944903,-0.0497132944568991,-0.0950496890038251
1721665097053094400,83.18509448242187,-0.0569393732529133,-0.0349893341861665,0.0043622868627309
1721665097063138600,83.195138671875,-0.025931875244528,0.0022800737611949,0.0524129088044166
1721665097073182500,83.20518237304688,0.0047224254120141,0.0501487632647156,0.0642079760164022
1721665097083226400,83.21522631835937,0.0328784795120358,0.0962301309600472,0.0409136096686124
1721665097093269200,83.22526928710937,0.0291050253879278,0.122832891203463,0.0080845222562551
1721665097103313400,83.2353134765625,-0.0019538374815136,0.1538096287474036,0.0051373628884553
1721665097113357600,83.24535766601562,-0.0218723707206547,0.1730234477832913,-0.0221773450165987
1721665097123401500,83.2554013671875,-0.0285492912013083,0.1533263752751052,-0.0201098910927772
1721665097133445400,83.2654453125,-0.0250520236700773,0.1085337322160601,-0.0110655838936567
1721665097143489300,83.2754892578125,-0.0239371942959725,0.0502210978485643,0.009371639457345
1721665097153533400,83.28553344726562,-0.0243839882154017,-0.0122730599872767,0.0234130242913961
1721665097163576300,83.29557641601562,-0.0192647455055266,-0.0529470156811177,0.0174707747608423
1721665097173620500,83.30562036132812,-0.0145931734979152,-0.0744984838843345,8.76782834529e-05
1721665097183664600,83.31566455078125,-0.014845394693315,-0.0930978242836892,-0.0089846859663724
1721665097193708500,83.32570849609375,-0.0031263153269886,-0.1058645130068063,-0.0146796827375888
1721665097203752400,83.33575244140626,0.0077472531259059,-0.1064677395969629,-0.0141121119827032
1721665097213796400,83.34579638671875,0.0057312371283769,-0.0982198434725403,-0.0173527013391256
1721665097223840500,83.35584057617187,0.0106173286695033,-0.0780573454096913,-0.0091512747049331
1721665097233883400,83.36588330078125,0.0024319763872772,-0.061713967243582,0.0029395605832338
1721665097243927600,83.37592749023437,-0.0016571926224976,-0.026085750631988,0.0016413374662399
1721665097253971500,83.38597143554688,-0.0008683072671294,-0.0004172024987637,0.0058013797551393
1721665097264015400,83.39601538085938,-0.0124877256512641,0.0290958922334015,0.0152566058427095
1721665097274059500,83.4060595703125,-0.0104505938004702,0.0487687070831656,-0.0226601600974798
1721665097284103400,83.416103515625,-0.0069706427302211,0.0746875767156481,-0.0472895744413137
1721665097294147600,83.42614770507812,-0.0269082459960132,0.0832318254381418,0.0767903942137956
1721665097304190500,83.4361904296875,-0.0300680982664227,0.0828276285514235,0.0300993701875209
1721665097314234400,83.446234375,0.0073817808143794,0.0420709630101919,-0.145101129373908
1721665097324278300,83.4562783203125,0.0421341644395142,0.0032381051383912,-0.1682774222999811
1721665097334322400,83.46632250976562,0.0263858295571058,-0.0265928233712911,-0.0314396788805723
1721665097344366600,83.47636669921874,-0.0014776713371276,-0.0416900008685886,0.0327688816577196
1721665097354410500,83.48641040039062,0.0095727880526334,-0.0241937994055449,-0.0559141949236393
1721665097364454400,83.49645434570313,0.0037999037396162,0.0054378071397542,-0.0622644407331943
1721665097374497500,83.50649755859375,-0.0018232699044048,0.0370027198351919,-0.0369505512565374
1721665097384541400,83.51654150390625,0.0015672493167221,0.0585986117020249,0.0020779753178358
1721665097394585300,83.52658544921874,-0.0024858254663646,0.0805059076055884,0.0105272392332553
1721665097404629500,83.53662939453125,-0.0038409664023667,0.0738626701988279,-0.0015483984857797
1721665097414673700,83.54667358398437,0.0030617987234145,0.0793714967481792,-0.0003898761004209
1721665097424717300,83.55671728515625,0.0028304011203348,0.0681912004336714,0.0209866739273071
1721665097434762000,83.56676196289062,-0.0022866496324539,0.0574171468324959,0.0250105226159095
1721665097444804900,83.57680493164062,-0.006813625537604,0.0307858911469578,0.0300409179985523
1721665097454849000,83.58684912109375,-0.0009396920029073,0.0163670513026416,0.0127986912965774
1721665097464893000,83.59689282226563,-0.0037958120863884,0.0108028413042426,-0.0028220716834068
1721665097474937000,83.60693701171876,-8.79705443978e-05,-0.0143424136072397,-0.0415378790467977
1721665097484981000,83.61698095703125,0.0105919750325381,-0.0343994054690003,-0.0228682498902082
1721665097495025000,83.62702490234375,0.0036005087099969,-0.0561601325087249,-0.0079722940534353
1721665097505069000,83.63706909179687,0.0117000093396753,-0.0635762539841234,-0.0232464355528354
1721665097515113000,83.64711303710938,0.0030083880357444,-0.0697678021006286,-0.0330354236394166
1721665097525156000,83.65715600585938,-0.0082504534076899,-0.0729519850946962,-0.0470493359446525
1721665097535200000,83.66719995117188,-0.0115408001899719,-0.0678977704450488,-0.0562917960643768
1721665097545244000,83.67724389648437,-0.0202755299832671,-0.0691378336340188,-0.0330593890368938
1721665097555288000,83.6872880859375,-0.0248939835641533,-0.0509587644733488,-0.0321142171412706
1721665097565332000,83.69733203125,-0.0192927294909954,-0.0291986219555139,-0.0268020822077989
1721665097575376100,83.70737622070313,-0.002981573094055,-0.0030813071414828,-0.0222024794578552
1721665097585419800,83.71741967773437,0.0053752632975578,0.0171007724046707,-0.0143009125530719
1721665097595463000,83.727462890625,0.0092225133102387,0.0282967046797275,-0.0189718269735574
1721665097605506800,83.7375068359375,0.0110902068782597,0.0519438299879431,-0.0188180977165699
1721665097615551000,83.74755102539062,0.0017380027737468,0.0571853839032351,-0.018791794231534
1721665097625595000,83.75759497070312,-0.0020165274541825,0.0542015457868576,-0.0202303026020526
1721665097635639000,83.76763916015625,-0.0101122286915779,0.0517829403378069,-0.0303530526876449
1721665097645683000,83.77768286132813,-0.0129128922607749,0.0539801581211388,-0.0145627783596515
1721665097655726800,83.78772680664062,-0.0100407708905637,0.0551296204172074,-0.0092483053386211
1721665097665770000,83.79777001953126,-0.0139670774888247,0.0463197064958512,0.0116314010828733
1721665097675814000,83.80781396484375,-0.0153878310069441,0.0240789408542215,0.010048515805602
1721665097685858000,83.81785815429687,-0.0052698301617056,0.0182006964705884,-0.0128191495627164
1721665097695902000,83.82790185546875,-0.0079719287272542,0.0030162790812551,-0.0284229614078998
1721665097705945900,83.83794580078126,0.0029842765077948,-0.0096022333428263,-0.0521165562063455
1721665097715990000,83.84798999023438,-0.0001489069513976,-0.0311636384181678,-0.0595429068148136
1721665097726034000,83.85803393554687,-0.0166339586105197,-0.0329328400477767,-0.0355827700346708
1721665097736077000,83.8680771484375,-0.0202190505556762,-0.0364352952107787,0.0071299980103969
1721665097746121000,83.87812084960937,-0.012913257586956,-0.0202887547910213,0.0368564432322978
1721665097756165000,83.8881650390625,-0.0051817134868353,0.0020841127976775,0.0322293679535388
1721665097766208800,83.89820874023438,-0.0008286328438669,0.0033855507850646,-0.0072632690012454
1721665097776253000,83.9082529296875,0.0049396483592689,0.0197431036069989,-0.0556774635583162
1721665097786297000,83.91829711914062,-0.0074313190445303,0.0199960554547607,-0.0835392839521169
1721665097796341000,83.92834106445312,-0.0140409464426338,0.0256124340318143,-0.0766921945363283
1721665097806383900,83.9383837890625,-0.0145529145527631,0.0200648829072713,-0.0372357979387044
1721665097816428000,83.94842797851562,-0.0221261993512511,0.0238853179782629,-0.0596422755360603
1721665097826472000,83.95847192382813,-0.0254041981086134,0.004007774336636,-0.0656640200436115
1721665097836515800,83.96851586914063,-0.0141842273708432,-0.0076860244579613,-0.0341775794118642
1721665097846560000,83.97856005859374,0.0168202749628573,-0.0285642695747315,0.1156260285645723
1721665097856604000,83.98860400390625,0.0619902269016951,-0.044022535469383,0.1023445221871137
1721665097866648000,83.99864794921875,0.0864087749738246,-0.0562730913639068,-0.0722860685318708
1721665097876691000,84.00869091796875,0.0622508505992591,-0.043012627774477,-0.0804588535934686
1721665097886734800,84.01873486328125,0.0178645233187824,-0.0389021237157285,-0.1058680201381444
1721665097896779000,84.02877905273438,-0.0142374188628047,-0.0564291587084531,-0.1772790594011545
1721665097906823000,84.03882299804687,-0.0371643401376903,-0.0634913521796464,-0.1238397301584482
1721665097916867000,84.0488671875,-0.0552938710682094,-0.0418660880878567,-0.0209212074756622
1721665097926911000,84.05891088867187,-0.0427982543714344,0.0049484161876142,0.0610702625125646
1721665097936955000,84.06895483398438,0.0097082510005682,0.0485631015084683,0.0684521894574165
1721665097946997800,84.07899780273438,0.0404000341232866,0.0832584211841225,0.0434860905051231
1721665097957042000,84.0890419921875,0.0308716697342693,0.1203716156564652,0.0145464117467403
1721665097967086000,84.09908618164063,0.0057665276374667,0.149586458094418,0.0149456401973962
1721665097977130000,84.1091298828125,-0.0119857674784958,0.1552298708088696,0.0013899930536746
1721665097987174100,84.11917407226562,-0.0223459795817732,0.1474609903730452,-0.0102858316928148
1721665097997217800,84.1292177734375,-0.0255461638625711,0.1127880286596715,0.0072650225669145
1721665098007262000,84.13926196289063,-0.0219329418014734,0.0615263357169926,0.0481710334509611
1721665098017304800,84.14930493164063,-0.0100149788621813,0.0093096801370382,0.0340378786802291
1721665098027349000,84.15934887695313,-0.008738821446523,-0.0391999376185238,-0.0148778356581926
1721665098037393000,84.16939282226562,-0.0169352065794169,-0.0810277395226061,-0.0359790758758783
1721665098047437000,84.17943701171875,-0.017706337082386,-0.1040793831557035,-0.0408124873816967
1721665098057481000,84.18948095703125,-0.0212860222000628,-0.1138803539410233,-0.0317301862597465
1721665098067524900,84.19952490234375,-0.0145516724437475,-0.1105541321277618,-0.0159334821909666
1721665098077568000,84.20956811523438,-0.0028285014241933,-0.1088347609892487,-0.0373906962394714
1721665098087612000,84.21961181640626,0.0073959554702043,-0.0805024004742503,-0.0373088631749153
1721665098097656000,84.22965600585937,0.009880758023262,-0.0507531588986516,-0.0246878665328025
1721665098107700000,84.23969995117187,0.0038103520683944,-0.0247640005089342,-0.0020709610551595
1721665098117743900,84.24974389648438,-0.0075124214567244,0.0079081427760422,0.0087035309374332
1721665098127788000,84.2597880859375,-0.0115074093770235,0.0388267203919589,0.0229535900861024
1721665098137832000,84.26983203125,-0.0116286976691335,0.0501332734346389,0.0031879823863506
1721665098147875000,84.279875,-0.0023034546367824,0.0786195093370974,-0.0515185903131961
1721665098157919000,84.2899189453125,-0.0196959034644067,0.0985388462938368,0.0756879859298467
1721665098167963100,84.29996313476562,-0.0330840850867331,0.09028948886469,0.035785599130392
1721665098178006800,84.3100068359375,0.0021050094552338,0.0298106163740158,-0.1141869356721639
1721665098188051000,84.32005102539063,0.0332641908939927,-0.0139520991154015,-0.1208165829449892
1721665098198095000,84.33009521484375,0.0271630244746804,-0.0440789418317377,-0.0376677596151828
1721665098208139000,84.34013891601562,0.0172005795173347,-0.0600689765155315,-0.0024251813203096
1721665098218182000,84.35018188476562,0.0101783527303487,-0.0465500081203877,-0.0372942501276731
1721665098228226000,84.36022607421874,6.78045392036e-05,-0.02020721398741,-0.0579524227529764
1721665098238270000,84.37027001953125,-0.0030937282316386,0.0161864340387284,-0.0324988325446844
1721665098248313900,84.38031396484375,-0.0007081482693552,0.0521209401205182,0.0084463413059711
1721665098258358000,84.39035791015625,0.0017177637033164,0.0845855781346559,0.0102951840430498
1721665098268402000,84.40040185546874,0.0125487351235002,0.110578828177601,-0.0096709146648645
1721665098278446000,84.41044604492187,0.0138884592946618,0.1043032550394535,-0.0015910685837268
1721665098288489000,84.42048901367187,0.0161461750935763,0.097217096170783,0.0095505031555891
1721665098298532900,84.43053295898437,0.004008797249943,0.0692206896118819,0.0323889424294233
1721665098308577000,84.44057690429688,0.015560045768693,0.0443912226513028,0.0313981778264045
1721665098318621000,84.45062084960938,0.0052374622620642,0.012732348062098,0.018413024047017
1721665098328665000,84.4606650390625,-0.0048109804783016,0.0007622165441513,0.0077916767895221
1721665098338709000,84.470708984375,-0.0064561904020607,-0.0192899530120193,-0.0183896431714296
1721665098348753000,84.4807529296875,-0.0082029610041528,-0.0405060517810285,-0.0374859733074903
1721665098358795800,84.49079565429687,-0.0070531333819031,-0.0609624182239174,-0.0308773688226938
1721665098368840000,84.50083984375,-0.0074945935390889,-0.0775214849673211,-0.0226794493198394
1721665098378884000,84.51088403320313,-0.00997296635136,-0.0843412479847669,-0.041908465924859
1721665098388928000,84.52092797851563,-0.0140862468890845,-0.0804098998852074,-0.0581938302934169
1721665098398972200,84.53097216796876,-0.0161735014919191,-0.0807480457983911,-0.0424824664205312
1721665098409015800,84.54101586914062,-0.0104240711197257,-0.0633572044059634,-0.0352887555241584
1721665098419060000,84.55106005859375,-0.0050087680727243,-0.04101604712978,-0.0286556011199951
1721665098429102800,84.56110278320313,0.0059667994499206,-0.0201252347923815,-0.0217184953331947
1721665098439150000,84.57115014648437,0.0095554715916514,-0.0054293315723538,-0.0249082312852144
1721665098449194000,84.58119409179687,0.006791413705796,0.0236126385167241,-0.0195569333851337
1721665098459238100,84.59123803710938,0.0065671764958649,0.0468346702806651,-0.0183873050838708
1721665098469281800,84.60128173828124,0.0099869218114763,0.0399463720716536,-0.011691606837511
1721665098479326000,84.61132592773437,0.007768076718226,0.0561434736348688,-0.0258756150126457
1721665098489370000,84.6213701171875,-0.0023322423398494,0.0554743422016501,-0.0298538709938526
1721665098499413000,84.6314130859375,-0.0009684797059744,0.0487888730883598,-0.0179477446228265
1721665098509457200,84.64145703125,-0.0017668635420501,0.0500802280731499,-0.0118950204551219
1721665098519501000,84.6515009765625,-0.0111136608190834,0.0473632241994142,0.0026776947766542
1721665098529545000,84.661544921875,-0.0143006202921271,0.0455358626417815,-0.010615502038598
1721665098539588900,84.6715888671875,-0.0157375212274491,0.0394232249803841,-0.0018909283131361
1721665098549633000,84.68163305664062,-0.0296370864380151,0.0256308464713394,-0.0084077628612518
1721665098559677200,84.69167724609375,-0.0175545075215399,0.0235552092410624,-0.0068897595137357
1721665098569720000,84.70171997070312,-0.0240540986739099,0.0033031331986188,0.0016302315503358
1721665098579764000,84.71176391601563,-0.0172361622873693,-0.0054182256564497,-0.0070569327741861
1721665098589807900,84.72180786132813,-0.0084415920656174,-0.0120699386306107,-0.0024555764585733
1721665098599852000,84.73185205078126,0.0033523791678249,-0.0160150229945778,-0.0216729026257991
1721665098609896000,84.74189599609375,0.0049548459284007,-0.0241252642139792,-0.0452799881845712
1721665098619940000,84.75194018554687,0.0068612640716135,-0.0294305310152471,-0.0629413170814514
1721665098629983000,84.76198291015625,0.0081845485646277,-0.028530805696547,-0.0554746344625949
1721665098640027100,84.77202709960937,-0.0031323797415941,-0.033353695808351,-0.0316477686733007
1721665098650070800,84.78207080078126,-0.0095269761495292,-0.0226794493198394,0.0001209960311651
1721665098660115000,84.79211499023438,-0.0034356735371053,-0.0118242933064699,0.0183206695884466
1721665098670159000,84.8021591796875,-0.0017904636133462,-0.0076239190071821,0.0081815528899431
1721665098680203000,84.812203125,0.0099316114276647,0.0071177230507135,-0.022129998743534
1721665098690247200,84.8222470703125,0.009103051649034,0.0256305542103946,-0.0669037909716367
1721665098700290000,84.8322900390625,-0.0010611264254897,0.0275179753921926,-0.0921755948722362
1721665098710334000,84.842333984375,-0.0121613432411104,0.0326584070205688,-0.0691138682365417
1721665098720377900,84.8523779296875,-0.0128639385525137,0.0347831440895795,-0.0588350508064031
1721665098730422000,84.86242211914063,-0.0013253303196281,0.0363166372671723,-0.1065595095336437
1721665098740466200,84.87246606445312,-0.0085012132983654,0.0345091494537889,-0.0373041869997978
1721665098750510000,84.88251000976562,0.0084486063282936,-0.0158725457839667,0.0727203682959079
1721665098760554000,84.89255395507813,0.0551272092644125,-0.0305102890759706,0.1513052447110414
1721665098770596900,84.90259692382813,0.0798274968873709,-0.0483938824214041,0.0023123685956001
1721665098780641000,84.91264111328125,0.056480742765218,-0.054673401082307,-0.0607125351160764
1721665098790685000,84.92268481445312,0.0095950729496777,-0.0395776848897337,-0.0488584311932325
1721665098800729000,84.93272900390625,-0.0143588532853871,-0.0495446598917245,-0.1316758306115865
1721665098810773000,84.94277294921875,-0.0369077350281178,-0.0583973900415003,-0.1507727452695369
1721665098820817000,84.95281689453125,-0.0539326657176017,-0.0453641593366861,-0.0647562575489282
1721665098830861000,84.96286108398438,-0.0511515836317092,-0.0109327512942254,0.0319832842379808
1721665098840904000,84.97290405273438,-0.0059221565905958,0.0276454011641442,0.0716471861064434
1721665098850948000,84.98294799804688,0.0285817321661859,0.0770617585010826,0.0694534754544496
1721665098860992000,84.99299194335937,0.0353779681775718,0.1088520043849945,0.0397486575424671
1721665098871036200,85.0030361328125,0.0068698127042502,0.1330306062214076,0.0329033216923475
1721665098881079800,85.01307983398438,-0.0205338155932724,0.1561946241877973,0.0179676183670759
1721665098891124000,85.0231240234375,-0.0219710087895393,0.1538113823130726,-0.0058393736779689
1721665098901166800,85.03316674804688,-0.0205972362183034,0.1250619654297828,-0.0179144268751144
1721665098911211000,85.0432109375,-0.0106713238790631,0.0867616069994866,-0.0056324529290199
1721665098921255200,85.05325512695312,-0.0189357327468693,0.0294578574135899,0.0155769238382577
1721665098931299000,85.06329907226562,-0.0171431502416729,-0.0183250535026192,0.0052998599737882
1721665098941343000,85.07334301757813,-0.0314768690858036,-0.0588229219771921,0.0045312136888504
1721665098951387000,85.08338696289063,-0.0400807390410453,-0.0894353562533855,-0.0030465280890464
1721665098961431000,85.09343115234375,-0.0464855645820498,-0.1144943941861391,-0.0235953951209783
1721665098971474000,85.10347387695313,-0.0208452926952391,-0.1140162552803754,-0.0479424853920936
1721665098981518000,85.11351806640624,0.0064038756929337,-0.1218904957868158,-0.0484562801331281
1721665098991562000,85.12356201171875,0.0059792205400764,-0.0998721407242119,-0.0389724124729633
1721665099001606000,85.13360595703125,0.0059138271536678,-0.0729056617349386,-0.0237818576037883
1721665099011650000,85.14365014648438,0.0057392743043601,-0.0515638907596468,0.002857142996788
1721665099021694000,85.15369384765626,0.0048366263762116,-0.0197482181735336,0.0105798462033271
1721665099031738000,85.16373803710937,0.0066777972634881,0.0150442782662808,0.0221849438011646
1721665099041781000,85.17378100585937,-0.0037750615593045,0.0357245165929198,0.0270768074959516
1721665099051825200,85.1838251953125,0.0002539747610688,0.0612906272649765,-0.0412672454118728
1721665099061868800,85.19386889648437,0.0034038170941174,0.0881315801784396,0.0039385084927082
1721665099071913000,85.20391284179688,-0.0200417212273925,0.10971826582551,0.0563999326139688
1721665099081957000,85.21395703125,-0.0132155284691602,0.0828027863711118,-0.0658072279065847
1721665099092001000,85.2240009765625,0.0165121588617563,0.0441183970592915,-0.1038572648376226
1721665099102044200,85.23404418945313,0.0237523392483592,0.0115825935050845,-0.0475847579956054
1721665099112088000,85.24408813476562,0.0186980515334755,-0.0169207396626472,0.0087666593015193
1721665099122132000,85.25413208007812,0.0189279878318309,-0.0327957696646451,-0.0356377150923013
1721665099132176000,85.26417578125,0.0233512841667979,-0.0255088275268673,-0.065972647601366
1721665099142220000,85.27421997070313,0.0192684718325734,0.0041796237722039,-0.0618202040970325
1721665099152264200,85.28426416015625,0.0037846331052482,0.0120901046358048,-0.0255120423972606
1721665099162308000,85.29430810546874,-0.0092757778674364,0.0380602660641074,-0.0069102177798748
1721665099172351200,85.30435131835938,-0.0023782734386622,0.061101242172718,-0.020768647262454
1721665099182395000,85.31439477539062,0.0115752139162272,0.0784574506431818,-0.0375631301969289
1721665099192439000,85.32443896484375,0.0175465434107929,0.0726997638992965,-0.0254003987163305
1721665099202483000,85.33448291015625,0.0195231772460043,0.0521124645531177,-0.0008031330764293
1721665099212527000,85.34452709960938,0.014305442597717,0.0196096864856779,0.0146744220405817
1721665099222571000,85.35457104492187,0.0151510265763849,0.0065931146547198,0.0212730896532535
1721665099232615000,85.36461499023437,-0.0006415858391672,0.0089414313465356,0.0226011233866214
1721665099242657800,85.37465771484375,-0.0065106240030378,-0.0141103584170341,-0.0016775778234004
1721665099252702000,85.38470190429688,-0.0204644036188721,-0.0323320976756513,-0.0160568163096904
1721665099262746000,85.39474609375,-0.0074893328420817,-0.0430263640388846,-0.0218599496304988
1721665099272790000,85.4047900390625,-0.0094123367939144,-0.0512095243640244,-0.0080681556433439
1721665099282834200,85.41483422851563,-0.0096699648167937,-0.0505066367916762,-0.0121533791303634
1721665099292877800,85.4248779296875,-0.0089643738307058,-0.0640080695301294,-0.0180547121286392
1721665099302922000,85.434921875,-0.0095513799384236,-0.0563381194241344,-0.020710779595375
1721665099312964900,85.44496484375,-0.016345350927487,-0.0629081454642117,-0.0195487500786781
1721665099323009000,85.45500903320313,-0.0190270642921328,-0.0442269720003008,-0.0392985756874084
1721665099333053200,85.46505322265625,-0.0130216863974928,-0.0425122770369052,-0.0355640653342008
1721665099343097000,85.47509716796876,-0.0143467975214123,-0.0232797533005475,-0.0347796369582414
1721665099353141000,85.48514111328124,-0.0050746729157865,-0.0023640987828373,-0.0338192674934864
1721665099363185000,85.49518481445313,0.0058693304248154,0.0081852061517536,-0.0334609555751085
1721665099373228000,85.50522802734375,0.0103567049719393,0.0333674320727586,-0.0326373642325401
1721665099383272000,85.51527197265625,0.0088384093634784,0.042634880503267,-0.0288256969898939
1721665099393316000,85.52531616210938,0.0078648881562054,0.0482778548263013,-0.0325987857878208
1721665099403360000,85.53536010742188,0.009398673594743,0.0573389670297503,-0.0450017557650804
1721665099413404000,85.54540380859375,0.001353387370333,0.0542925850711762,-0.0367354472011327
1721665099423448000,85.55544799804687,-0.0111306119538843,0.0533100037746131,-0.02887012065351
1721665099433488400,85.56548828125,-0.0214220696698874,0.0525888498932123,0.0033165772020816
1721665099443531300,85.57553125,-0.0246019418150186,0.0530976761981844,0.0129044897586107
1721665099453575400,85.58557543945312,-0.0337873379852622,0.0440146444238722,-0.0018038345515727
1721665099463619300,85.59561938476563,-0.0322433964788913,0.0291628199897706,-0.0084095164269208
1721665099473663200,85.60566333007813,-0.0146752988234162,0.0166802089050412,-0.0298310746401548
1721665099483707400,85.61570727539062,-0.0199823191903531,-0.0007474573664367,-0.0274298587173223
1721665099493751300,85.62575122070312,-0.0131413672544062,-0.012526157965511,-0.0130897831976413
1721665099503794400,85.63579443359374,-0.003034253129363,-0.029905308920145,0.0026005378872156
1721665099513838300,85.64583837890625,-0.0066920449845492,-0.0309891586340963,0.0004413140267133
1721665099523882500,85.65588256835937,-0.0012177782919257,-0.0387805431626737,-0.0051987376868724
1721665099533926100,85.66592602539062,0.0128034405369311,-0.0351386795289814,-0.0279442379802465
1721665099543970300,85.67597021484374,0.0162144910894334,-0.0414516620680689,-0.057402972176671
1721665099554014500,85.68601440429687,0.0204538822248578,-0.0347841670028865,-0.070853405380249
1721665099564058400,85.69605834960937,0.0106194475613534,-0.0449400887057185,-0.0540413867890834
1721665099574101500,85.7061015625,0.0005113105230033,-0.0455371778160333,-0.0013356325179338
1721665099584145400,85.7161455078125,-0.0102743604507297,-0.0255276783578097,0.0330979674816131
1721665099594189300,85.72618920898438,-0.002336260927841,-0.0116574123069643,0.033838556715846
1721665099604233200,85.73623315429687,0.0016227788962423,0.0075758420817553,0.021542554244399
1721665099614277400,85.74627734375,0.0127801327265799,0.0282397137954831,0.0005962123274803
1721665099624321300,85.7563212890625,0.013792159313336,0.0411973950460553,-0.0438864879995584
1721665099634365400,85.76636547851562,-0.0009247866947203,0.0552007859572768,-0.0766226364314556
1721665099644408300,85.776408203125,-0.0129184452187269,0.0626876345813274,-0.0692313571363687
1721665099654452200,85.7864521484375,-0.0090960373863577,0.0672263009242713,-0.0660825377166271
1721665099664496400,85.79649633789063,-0.0070228113088756,0.0554629440248012,-0.0993681367248296
1721665099674540300,85.80654028320312,-0.0101199736066162,0.0462551168270409,-0.0267138194024562
1721665099684584400,85.81658447265625,0.011617080296576,0.0171779292941093,0.0237543850749731
1721665099694628400,85.82662841796875,0.0469881072767078,-0.0294664791114628,0.1025800845086574
1721665099704671500,85.83667138671875,0.0854888105846941,-0.0377666899450123,0.0519797780841588
1721665099714715100,85.84671508789063,0.0744648008104413,-0.0516670588731765,-0.0497954197824001
1721665099724759300,85.85675927734376,0.0279848622515797,-0.049531654279679,-0.0843979466080665
1721665099734803500,85.86680346679688,-0.007744841973111,-0.0614972557529807,-0.1335766957968473
1721665099744847400,85.87684741210937,-0.0265003227822482,-0.0674973729506134,-0.1456505799502134
1721665099754891500,85.8868916015625,-0.0367659884698688,-0.0641401714771986,-0.0714770902365446
1721665099764935200,85.89693505859375,-0.0241718067694455,-0.0250089151807129,0.0232908592164516
1721665099774978300,85.90697827148438,-0.0010299275696277,0.0073183601893484,0.0701543172001838
1721665099785022200,85.91702221679688,0.0293395647961646,0.0383934435412287,0.0616074381291866
1721665099795066400,85.92706640625,0.031748379503563,0.0785961284615099,0.0415495694845914
1721665099805110500,85.93711059570313,-0.0007166238367557,0.1014209776014089,0.0166150347143411
1721665099815154400,85.94715454101562,-0.0289161517523229,0.1348033149823546,-0.0098895258516073
1721665099825198300,85.9571982421875,-0.045444531096518,0.1511024156153202,-0.0371726695746183
1721665099835241200,85.9672412109375,-0.0336256446175277,0.1432087397560477,-0.0647796384245157
1721665099845285400,85.97728540039063,-0.0266327169902622,0.1041527406528592,-0.0326905557245016
1721665099855329300,85.98732934570313,-0.0219709357243031,0.0545472904846072,-0.0232107797175645
1721665099865373400,85.99737353515626,-0.0112649058580398,0.0054144262641668,-0.0104623573035001
1721665099875417300,86.00741723632812,-0.017373305735737,-0.0384228157661855,0.0035720132678747
1721665099885461200,86.01746118164063,-0.0293212254218757,-0.0680585139647126,-0.007857143241167
1721665099895505400,86.02750537109375,-0.0316886121403425,-0.0876665930151939,-0.0302975231081247
1721665099905548300,86.03754833984375,-0.0340510304227471,-0.1046478306934237,-0.0280810161024332
1721665099915592400,86.04759252929688,-0.0245848445497453,-0.1124435991361737,-0.0220388133287429
1721665099925636400,86.05763623046874,-0.0166563165728002,-0.1194901566468179,-0.0207043498545885
1721665099935680500,86.06768041992187,-0.0130155489176511,-0.0863370979771018,-0.0247661924660205
1721665099945724200,86.07772412109375,-0.0016245324619114,-0.0771260559089481,-0.0059843351066112
1721665099955768300,86.08776831054688,0.0002108662717044,-0.0533069350346922,0.0092670100390911
1721665099965811200,86.09781127929688,-0.0082631667587906,-0.0263660288780927,0.0326823724180459
1721665099975855400,86.10785546875,-0.0063382631108164,-0.0038232115499675,0.0444078815251588
1721665099985899500,86.1178994140625,0.0036192134104669,0.0252000538386404,-0.0074503160059452
1721665099995943400,86.127943359375,0.0009475099831819,0.0595586889058351,0.0922118352293968
1721665100005987300,86.1379873046875,-0.0210316090475767,0.0929994784757494,0.1128974803835153
1721665100016031200,86.14803125,-0.0166197108894586,0.0862358295597136,-0.057333998593688
1721665100026075400,86.15807543945313,0.0085467329405248,0.0686504885084927,-0.117465518951416
1721665100036118300,86.1681181640625,0.0112689244460314,0.0478388788871467,-0.0412193146169185
1721665100046162400,86.17816235351563,0.0102399467244744,0.0146067636318504,0.024162965875864
1721665100056206300,86.18820629882812,0.0136093500923365,-0.0034618308916687,-0.00915711992383
1721665100066250200,86.19825024414062,0.028601167519018,0.0101360479585826,-0.0827852507144212
1721665100076294400,86.20829443359375,0.0283752498086541,0.0155019589059054,-0.0887730929523706
1721665100086338300,86.21833837890625,0.0188101336058229,0.0281818461284041,-0.0546340919852256
1721665100096381400,86.22838134765625,0.0098888682644814,0.0400949867621064,-0.0192985747098922
1721665100106425300,86.23842529296876,0.0127397276509553,0.0466086064398288,-0.0232090261518955
1721665100116469500,86.24846948242188,0.0131446551900357,0.0624129092931747,-0.0368429992288351
1721665100126513200,86.25851318359375,0.0135551356870681,0.0545429065704345,-0.0256342074722051
1721665100136557300,86.26855737304687,0.0128329588923603,0.0440384636908769,-0.0064297407865524
1721665100146601500,86.2786015625,0.0067239744927734,0.0264123522378504,0.002575403445959
1721665100156645400,86.28864526367188,0.0016796967152506,0.0202957690536975,-0.0012812719821929
1721665100166688500,86.2986884765625,-0.0021687223412096,0.0099592300869524,0.0117260936290025
1721665100176732400,86.308732421875,-0.0097923490874469,-0.0030723931826651,-0.0147346277952194
1721665100186776300,86.3187763671875,-0.0036083997555077,-0.0155057582981884,-0.0243973591536283
1721665100196820200,86.3288203125,-0.0141456489261239,-0.0278781870067119,-0.022208324676752
1721665100206864400,86.33886450195313,-0.0121888157699257,-0.0455317709885537,0.0056628480672836
1721665100216908500,86.34890844726563,-0.0061236705120652,-0.0399298593282699,0.0095446579366922
1721665100226951400,86.35895141601563,0.0034166765756905,-0.0583225712396204,0.0012608137160539
1721665100236995600,86.36899560546875,0.0027758213888853,-0.058511664070934,-0.002898059529066
1721665100247039200,86.37903930664062,-0.0020336247194558,-0.0667220046639442,-0.0183159934133291
1721665100257083400,86.38908349609375,3.98205537348e-05,-0.0566030539706349,-0.0274520705491304
1721665100267127300,86.39912719726563,0.0003175415165722,-0.0413728977434337,-0.009500234273076
1721665100277171500,86.40917138671875,-0.008741232599318,-0.0302659589260816,-0.0040793782681226
1721665100287215400,86.41921533203126,0.0003409223921597,-0.012319237216562,-0.0059299745708703
1721665100297258500,86.42925854492188,-0.0081233929619193,0.0081156480468809,0.0016430910319089
1721665100307302100,86.43930224609375,-0.0007997720755636,0.015804010592401,0.0117804541647434
1721665100317346300,86.44934619140625,0.0013652239385992,0.0481895920209586,0.010654665005207
1721665100327390500,86.45939038085938,0.0010498743791133,0.0637822979502379,0.0183668468177318
1721665100337434400,86.46943432617188,-0.0002981792289763,0.0597701396994292,-0.0109650461286306
1721665100347478300,86.47947827148438,0.0063199968017637,0.0615470862440764,-0.0322808058798313
1721665100357521400,86.489521484375,0.0008035714678466,0.0608306085377931,-0.0489274047762155
1721665100367565300,86.4995654296875,-0.0125097913525998,0.0482036205463111,-0.0461059176146984
1721665100377609200,86.50960913085937,-0.0114338326841592,0.0298024330675601,-0.0418237102508544
1721665100387653400,86.5196533203125,-0.0100642248313874,0.0140635966658592,-0.0332645562201738
1721665100397697500,86.52969750976563,-0.0204110659964382,-0.0024818799436092,-0.0470639489918947
1721665100407741200,86.5397412109375,-0.0173502901863306,-0.0201119369193911,-0.034357027631998
1721665100417785300,86.54978540039062,-0.0199309543292969,-0.0178916305214166,-0.024662732091546
1721665100427828200,86.559828125,-0.0263528040703386,-0.0177168584764003,0.019105097964406
1721665100437871900,86.56987182617188,-0.0260612007126212,-0.0235756675072014,0.0298006795018911
1721665100447915800,86.57991577148438,-0.0113566027294844,0.00084843352288,0.0099584994345903
1721665100457960000,86.5899599609375,-0.0057945116229355,0.0204379540033638,-0.0230056125342845
1721665100468003800,86.60000390625,0.0015630845982581,0.0269154794543981,-0.0515735353708267
1721665100478047700,86.6100478515625,0.0069988459113985,0.012259615983814,-0.070649991762638
1721665100488091000,86.6200908203125,-0.0033387159686535,0.0196416890591382,-0.041800329375267
1721665100498134800,86.630134765625,-0.0126114250961691,-0.0022336042709648,-0.0003986439287662
1721665100508179000,86.64017895507813,-0.0104361268837004,-0.0104264092072844,0.0219938051432371
1721665100518222800,86.65022290039063,-0.003882321326062,-0.0080127721942961,0.0269961434751749
1721665100528267000,86.66026708984376,0.0071925418525934,-0.015640782854706,0.0186065007925033
1721665100538310700,86.670310546875,0.0101172701928764,-0.023812252742052,-0.0098912794172763
1721665100548353800,86.68035375976562,0.0099232819907367,-0.0090102587990462,-0.0376473013490438
1721665100558397700,86.69039770507813,-0.0009551087677478,0.0007191080547869,-0.0523047722548246
1721665100568441900,86.70044189453125,-0.0132562258057296,0.0073708210289478,-0.0371563029617071
1721665100578485800,86.71048583984376,-0.0142738784156739,0.0159098090544342,-0.0770084208786487
1721665100588530000,86.72053002929688,-0.0123147071719169,0.022209347590059,-0.0718722270339727
1721665100598573800,86.73057373046875,-0.0080358608089387,0.0323315131537616,-0.0058726914256811
1721665100608617700,86.74061767578125,0.0138005618155002,0.0019670622892677,0.0406114118516445
1721665100618660900,86.75066088867187,0.0612304215103387,-0.0151325410716235,0.0959381622761487
1721665100628704800,86.76070483398438,0.0902861278638243,-0.021615327219665,0.0396925434410572
1721665100638749000,86.7707490234375,0.076033949823305,-0.0483928595080971,-0.0336105931788682
1721665100648792800,86.78079272460937,0.037192324123159,-0.05266293804273,-0.1420095930993556
1721665100658836700,86.79083666992187,-0.0031061493217945,-0.0657856005966663,-0.1823281594842672
1721665100668881000,86.800880859375,-0.0315763839375227,-0.0778362500049173,-0.1167553248554468
1721665100678923800,86.810923828125,-0.0396565222796052,-0.0747692636497318,-0.0186935945540666
1721665100688968000,86.82096801757812,-0.0238258428759872,-0.0397356519304215,0.0316512758046388
1721665100699011800,86.83101171875,0.0062069648813456,-0.0032630934491753,0.042426936841011
1721665100709056000,86.84105590820313,0.0238570417318493,0.0549240148425102,0.0315285262078046
1721665100719099600,86.851099609375,0.0058329439371824,0.1138794771581888,0.0212134684205055
1721665100729143800,86.86114379882812,-0.01002425814718,0.1568313146561384,-0.0009703063368797
1721665100739186700,86.87118676757812,-0.0231172562152147,0.1832633945077657,-0.003032499563694
1721665100749230800,86.88123095703125,-0.0319463862936943,0.1782636865243315,-0.0303092135459184
1721665100759275000,86.89127490234375,-0.0285631735961884,0.1433453717477619,-0.0439361723601818
1721665100769319000,86.90131884765626,-0.0050513651054352,0.0923676103129982,-0.0327110139906406
1721665100779362800,86.91136279296875,-0.0125134446144104,0.0206513044930994,-0.0203588974177837
1721665100789406700,86.92140673828125,-0.0196699653055518,-0.0383750311017036,-0.0164385091036558
1721665100799451000,86.93145092773437,-0.0323586203563958,-0.0927286987103521,-0.0129185182839632
1721665100809493800,86.94149365234375,-0.0372262263927608,-0.1096720885962247,-0.0021603929042816
1721665100819538000,86.95153784179688,-0.0364785498306155,-0.1174395077273249,-0.0215454768538475
1721665100829581800,86.96158178710938,-0.0259453192479908,-0.1348132518544793,-0.0234860895276069
1721665100839625700,86.97162573242187,-0.0168069040246307,-0.1160857550308108,-0.0253600667059421
1721665100849670000,86.981669921875,-0.0055376873176544,-0.1038889751501381,-0.0192898068815469
1721665100859713800,86.9917138671875,0.0096407387223094,-0.0819091985322535,-0.0127665425926446
1721665100869757000,87.0017568359375,0.0115606739342212,-0.0463392879791557,0.0045154315978288
1721665100879800800,87.01180078125,0.0107346714388579,-0.0138284727357327,0.0187882871001958
1721665100889845000,87.02184497070313,0.0054532969698309,0.0071181614421308,0.0300239668637514
1721665100899888600,87.031888671875,-0.0086401833776384,0.038583120894432,0.0026554829448461
1721665100909932800,87.04193286132812,0.0060025283504277,0.0619146043822169,0.012053425887227
1721665100919977000,87.05197705078125,-0.0158732033710926,0.0978776059061288,0.1436614519596099
1721665100930019800,87.06201977539062,-0.0327305954739451,0.1020464160233736,0.0678238284260034
1721665100940064000,87.07206396484375,-0.0019707886163145,0.0807797561109066,-0.0876508109241724
1721665100950108000,87.08210791015625,0.0219712279852479,0.0473721381582319,-0.1430862824201584
1721665100960151800,87.09215185546876,0.0206947783086448,0.0109874040909111,-0.0193248781949281
1721665100970195700,87.10219580078125,0.0095469960242509,-0.0272721839375793,0.0560924740999937
1721665100980240000,87.11223999023437,0.0185568164318799,-0.0345997503466904,-0.0109954412668943
1721665100990283800,87.12228369140625,0.0283908857692033,-0.0189499074026942,-0.0898994666337966
1721665101000327000,87.13232690429687,0.019140461538732,-0.0027845161519944,-0.0643634588390588
1721665101010370800,87.14237084960938,0.0044080987658351,0.0164412855826318,-0.0256429753005504
1721665101020414700,87.15241479492188,0.0050046764194965,0.0469591734431684,-0.0144715929448604
1721665101030459000,87.162458984375,0.0076741148244589,0.0624197774253785,-0.0302127674341201
1721665101040502800,87.17250268554687,0.0104492786262184,0.0665884414121508,-0.0402186131417751
1721665101050547000,87.182546875,0.0134589818362146,0.0575580166079103,-0.0221235690027475
1721665101060589800,87.19258984375,0.0176285956710577,0.0311696297675371,-0.0095031568825244
1721665101070634000,87.20263403320313,0.0127772101171314,0.0168910751767456,-0.0080202248483896
1721665101080677600,87.212677734375,0.001231733752042,-0.0083598320662975,0.0026958149552345
1721665101090721800,87.2227216796875,-0.006675313045457,-0.0204882228858768,-0.0072480714321136
1721665101100766000,87.23276586914062,-0.0198113465376198,-0.0363398720122873,-0.0422100792199373
1721665101110809900,87.24280981445312,-0.0197283444292843,-0.0365597983732819,-0.035090018081665
1721665101120853000,87.25285302734375,-0.0102159813269972,-0.0562483953140676,-0.00856032307446
1721665101130897000,87.26289697265625,-0.0093995503775775,-0.0548433508217334,-0.0148532857388257
1721665101140940800,87.27294091796875,-0.0047448564395308,-0.0605469692908227,-0.012825579303503
1721665101150984700,87.28298461914062,-0.0040364889744669,-0.0549969339482486,-0.0133674310952424
1721665101161028900,87.29302880859375,-0.0099267891220748,-0.0467088519439101,-0.026356092005968
1721665101171073000,87.30307299804687,-0.0054173488736152,-0.0375746745042502,-0.0243570271432399
1721665101181116000,87.31311596679687,-0.0101014150366187,-0.0260313900962471,-0.0277162744432687
1721665101191159800,87.32315991210938,-0.00356901759319,-0.0171558635927736,-0.021611527827382
1721665101201203700,87.33320361328126,0.0046314591929316,0.0009374269805848,-0.0139934540390968
1721665101211247900,87.34324780273438,0.0091092621941119,0.0040336394302546,-0.0060790276527404
1721665101221291800,87.35329174804687,0.010291457716003,0.018573475305736,-0.0066752399802207
1721665101231336000,87.3633359375,0.0080185443479567,0.0250413561455905,-0.0089256492555141
1721665101241379800,87.3733798828125,0.0106518154609948,0.0292035903915762,-0.0023848493099212
1721665101251423000,87.38342309570312,-0.0037886516932398,0.0294604877620935,0.0040261867761611
1721665101261466600,87.39346655273438,-0.0002023176390677,0.0443608275130391,0.0004243628919124
1721665101271510800,87.4035107421875,-0.0026866087354719,0.0368881535448133,0.0006225158125162
1721665101281555000,87.41355493164062,-0.0096843586683273,0.0509236931599676,0.0024918168157339
1721665101291598800,87.42359887695312,-0.0167832308880984,0.0497699930801987,0.0012432780593633
1721665101301643000,87.43364306640625,-0.0180117497697472,0.0400879724994301,0.0044961423754692
1721665101311686000,87.44368579101562,-0.0226949391499161,0.0324506094887852,-0.0172667766213417
1721665101321729800,87.45372973632813,-0.0174671214990317,0.0206939745910465,-0.0204921684086322
1721665101331773700,87.46377368164063,-0.0162751352354884,0.0088069913119077,-0.0345376448959112
1721665101341817900,87.47381787109374,-0.0089219229284673,-0.0117024204924702,-0.0378624054044485
1721665101351862000,87.48386206054687,-0.0156206168495118,-0.0273611773952841,-0.0440349565595388
1721665101361906000,87.49390600585937,-0.0204578277476131,-0.0430821858793497,-0.0152349785327911
1721665101371949000,87.50394897460937,-0.0230427296742796,-0.040196401309967,0.0241653039634227
1721665101381992700,87.51399267578125,-0.027574966276437,-0.0319227862223982,0.0191407537996768
1721665101392036900,87.52403686523438,-0.0148136113155633,-0.0195996034830808,-0.0076969842433929
1721665101402080800,87.53408081054687,-0.0070277066797018,-0.0039706571966409,-0.0195487500786781
1721665101412125000,87.544125,0.0090307170651853,0.0151905548691749,-0.0231920750170946
1721665101422168800,87.5541689453125,0.0011400368805974,0.0316330094955861,-0.0449216762661933
1721665101432212000,87.5642119140625,0.0034561318032443,0.030020021340996,-0.0690408030003309
1721665101442256000,87.574255859375,-0.0130213210713118,0.0203394620649516,-0.0519762709528207
1721665101452299800,87.5842998046875,-0.0079806234903633,0.0151693659506738,-0.0953302595108747
1721665101462344000,87.59434399414063,-0.0007560790643095,0.0107801910810172,-0.1191243920743465
1721665101472387800,87.60438793945312,-0.0036590339642018,-0.0027099896110594,-0.0608159954905509
1721665101482432000,87.61443188476562,0.0113897012814879,-0.044061698435992,0.0251952315330505
1721665101492475000,87.62447485351562,0.0601850041106343,-0.0586060643561184,0.1295429102361202
1721665101502518800,87.63451879882813,0.0982645593971014,-0.0552890487626194,0.0441249729305505
1721665101512563000,87.64456298828125,0.0780618754543364,-0.0532058127477765,-0.0301303498476743
1721665101522606800,87.65460693359375,0.0447518726572394,-0.0418656496964395,-0.1200993745863437
1721665101532651000,87.66465112304688,0.0110805622670799,-0.0379632354304194,-0.1862514704078435
1721665101542695000,87.67469482421875,-0.0124053080648183,-0.0389420173346996,-0.1164928745269775
1721665101552738800,87.68473876953125,-0.0391721728287637,-0.0327931393161416,0.008590133690834
1721665101562781700,87.69478173828125,-0.0308509192071855,-0.0061082537472248,0.0680167206496
1721665101572825900,87.70482592773438,0.0012138327691704,0.0319786080628633,0.0650754065006971
1721665101582869800,87.71486987304688,0.0282679900418966,0.0684944211639463,0.0358615869760513
1721665101592914000,87.72491381835937,0.0192054895989596,0.119755675715208,0.0250958628118038
1721665101602958000,87.7349580078125,-0.0113273766350001,0.1548994698107242,0.0323725758165121
1721665101613001700,87.74500170898438,-0.0355659650303423,0.1661126454815268,0.011719663888216
1721665101623044900,87.755044921875,-0.0418240755770355,0.1657828290052712,-0.0152086750477552
1721665101633088800,87.7650888671875,-0.0235874310102313,0.131707540924102,-0.0186421566277742
1721665101643133000,87.7751328125,-0.015201660785079,0.0742740274786949,-0.0134942723453044
1721665101653176800,87.7851767578125,-0.003118132020533,0.0117503512874245,-0.0143944360554218
1721665101663221000,87.79522094726562,-0.0020821400362998,-0.0444812390223145,-0.0045984337061643
1721665101673265000,87.80526489257812,-0.0104151571609079,-0.0851743378080427,0.0147106623977422
1721665101683307800,87.81530786132812,-0.0253759949274361,-0.1072356552295386,1.1105915904e-05
1721665101693352000,87.82535205078125,-0.0220915664292871,-0.1164632100410759,-0.0051607437640428
1721665101703395800,87.83539575195313,-0.0234986567482352,-0.1144775891818106,-0.0220282919347286
1721665101713440000,87.84543994140626,-0.018346461616829,-0.1024612804345786,-0.0181324535399675
1721665101723484000,87.85548388671874,-0.015875395328179,-0.1001325452260673,-0.0264987153470516
1721665101733527800,87.86552783203125,0.0044513533856719,-0.0804438021548092,-0.022588848426938
1721665101743570700,87.87557080078125,-0.0027523674480617,-0.055898851224035,-0.0295984349280595
1721665101753614800,87.88561474609375,-0.0046007717937231,-0.0286843888230621,-0.0173375037699937
1721665101763659000,87.89565893554688,-0.0110392804086208,-0.0080215400226414,-0.0038683658659458
1721665101773703000,87.90570288085938,-0.01180770749785,0.0175545075215399,-0.0170563487410545
1721665101783747000,87.9157470703125,-0.012913257586956,0.0510847289405763,0.0030079496443271
1721665101793790700,87.92579077148437,-0.0345718394264578,0.0688264295972883,0.1507329977810382
1721665101803833900,87.93583374023437,-0.0448076944977045,0.0763677848875522,0.070618427580595
1721665101813877800,87.94587768554688,-0.0154516900233924,0.0639740211300551,-0.1134469309598207
1721665101823922000,87.955921875,0.0143689362879842,0.0371845061428844,-0.1613525914728641
1721665101833965800,87.9659658203125,0.0107099023237824,0.0095072485357522,-0.03646072191298
1721665101844010000,87.97601000976563,0.0103430417727679,-0.0020161621280014,0.0498562100589275
1721665101854054000,87.98605395507812,0.022714666763693,0.0019403204128146,-0.0117038817971944
1721665101864096800,87.9960966796875,0.0300338306706398,0.0168777773037552,-0.0641723201811313
1721665101874141000,88.00614086914062,0.0253968185197561,0.0268339386507868,-0.057531566992402
1721665101884184800,88.01618481445313,0.0142481594525277,0.0494258558176457,-0.023605331993103
1721665101894229000,88.02622900390625,0.0110774204619228,0.0594762713193893,-0.0176858788162469
1721665101904273000,88.03627294921876,0.0096956107147037,0.0720828010447323,-0.0249082312852144
1721665101914316800,88.04631689453124,0.0022340426623821,0.0783427382223308,-0.01874327891469
1721665101924359700,88.05635961914062,0.0055596068885177,0.0623195319212973,-0.0010112228691577
1721665101934403800,88.06640380859375,0.0168497933182865,0.0336944720700383,0.0017635025411844
1721665101944448000,88.07644799804687,0.0163154672458767,0.0118470896601676,0.0009293898046016
1721665101954492000,88.08649194335938,0.0166921916037797,0.0008864274457097,0.0118792383641004
1721665101964536000,88.0965361328125,0.0087587682560086,-0.0233399590551853,-0.0030506197422742
1721665101974579700,88.10657983398437,-0.0056361061908304,-0.0262730898976325,-0.0185240832060575
1721665101984622800,88.11662280273437,-0.0120351595781743,-0.0317466990031301,-0.0178460378140211
1721665101994666800,88.12666674804687,-0.0126238461863249,-0.0381809698343276,-0.0034305589705705
1721665102004711000,88.1367109375,-0.0051331251047551,-0.0422701388441026,-0.0022083236992359
1721665102014754800,88.1467548828125,-0.0010863339319825,-0.0519157729372382,-0.0187368491739034
1721665102024799000,88.15679907226563,-0.0079651336602866,-0.0598845598593354,-0.0297743760168552
1721665102034843000,88.1668427734375,-0.0142114807039499,-0.0667500617146492,-0.0331990897685289
1721665102044885800,88.1768857421875,-0.0207188167713582,-0.0656280719473958,-0.0324041399985551
1721665102054930000,88.18692993164062,-0.0189426739443093,-0.0590104073733091,-0.0280190567821264
1721665102064973800,88.19697387695312,-0.0139338328063488,-0.047382221160829,-0.0264794261246919
1721665102075018000,88.20701806640625,-0.010260624186322,-0.0066574120625853,-0.0262660756349563
1721665102085062000,88.21706176757813,-0.0065090896330773,-0.0060343117281794,-0.0202320561677217
1721665102095105800,88.22710571289062,-0.0067458940636366,0.0091685181006789,-0.0161275434583425
1721665102105148700,88.23714868164062,0.0013397241711616,0.0295991655804216,-0.0067681789606809
1721665102115192800,88.24719287109374,0.003737432962656,0.0412481023199856,-0.0164057758778333
1721665102125237000,88.25723706054687,0.0047664837494492,0.0562318825706839,-0.0125549456685781
1721665102135281000,88.26728100585937,0.0041343963909894,0.0644958530470728,0.0031838907331228
1721665102145325000,88.27732495117188,-0.0040995442733168,0.0642024230584502,0.0023445172995328
1721665102155368700,88.28736865234374,-0.0080836454734206,0.0589940407603979,0.0038929157853126
1721665102165411800,88.29741186523438,-0.0105736356582492,0.0591794803299009,-0.0175935243576765
1721665102175455700,88.30745581054687,-0.0055401715356856,0.0493593664526939,-0.0420902522325515
1721665102185500000,88.3175,-0.008321180556342,0.0364668593928217,-0.0500023405313491
1721665102195543800,88.32754370117188,-0.0143992583610117,0.0039300329253077,-0.0311275441914796
1721665102205588000,88.337587890625,-0.0219046655550599,-0.0137472241930663,-0.008845569756627
1721665102215632000,88.3476318359375,-0.041448228001967,-0.0191077283129096,0.0380693261533975
1721665102225674800,88.3576748046875,-0.0449993446122854,-0.0161770816884934,0.0568120205461978
1721665102235719000,88.36771899414063,-0.0369374725792557,-0.0097035017602145,0.0314537074059248
1721665102245762800,88.3777626953125,-0.0224255476240068,-0.0008143851228058,-0.0091793317556381
1721665102255807000,88.38780688476562,-0.0165251644738018,0.0128312783919274,-0.0080780925154685
1721665102265851000,88.39785083007813,-0.0048605917736887,0.009677344405651,-0.0174579152792692
1721665102275894800,88.40789477539063,-0.0072308280363678,0.0107325525470077,-0.0256254396438598
1721665102285937700,88.41793774414063,-0.0116387076064944,-0.0017892215043306,-0.0349760363131761
1721665102295981800,88.42798193359376,-0.0077140815086662,0.0034648996315896,-0.065502692002058
1721665102306026000,88.43802587890625,-0.0071522829074412,-0.0055272389888763,-0.1320055009573698
1721665102316070000,88.44806982421875,-0.0015028057783842,-0.0156489661611616,-0.0802571935415267
1721665102326114000,88.45811401367187,0.002901858921349,-0.0463579926796257,-0.0148123692065477
1721665102336157700,88.46815771484376,0.0455007913284003,-0.0826278681956231,0.1139139639496803
1721665102346200800,88.47820092773438,0.0908800751689821,-0.0790690066702663,0.053980596512556
1721665102356244700,88.48824462890624,0.0881192321535199,-0.0797002903111279,-0.0269914673000574
1721665102366289000,88.49828881835937,0.0565692247662693,-0.0525895805455744,-0.1167284368485212
1721665102376333000,88.5083330078125,0.0230022515334188,-0.0408455128684639,-0.1859855129480361
1721665102386377000,88.518376953125,-0.0127167851667851,-0.0480861316464841,-0.1412602360367774
1721665102396420900,88.5284208984375,-0.0220906896464526,-0.023200550584495,-0.0335872123032808
1721665102406463700,88.53846362304688,-0.0260606161907315,0.0085799045577645,0.0435761068761348
1721665102416508000,88.5485078125,0.0054524201869964,0.0386504870422184,0.0412801048934459
1721665102426551800,88.5585517578125,0.0344169411256909,0.0686198011092841,0.0102893388241529
1721665102436596000,88.56859594726562,0.0319010127820074,0.1036607193522155,0.0020037410378456
1721665102446640000,88.57864013671875,0.0035584231339395,0.1496434489786624,0.0191062670081853
1721665102456683800,88.58868383789063,-0.0279786517065018,0.1583914035797119,0.0268114345580339
1721665102466727000,88.59872680664063,-0.0364458896700292,0.1736762126035988,0.0004798924714326
1721665102476770800,88.60877075195313,-0.0273516058493405,0.1446392109505832,-0.014185177218914
1721665102486815000,88.61881494140626,-0.0067224401228129,0.1108515076391398,-0.0302870017141103
1721665102496859100,88.62885913085937,-0.0012655629564076,0.0334678237073123,-0.0020353052198886
1721665102506903000,88.63890307617187,-0.0042814036462455,-0.0232386906377971,0.0220627787262201
1721665102516947000,88.64894702148437,-0.0151108406964689,-0.0660628101028502,0.0257347452372312
1721665102526989800,88.65898974609375,-0.0247644389003515,-0.0950138870380818,0.0080821841686964
1721665102537034000,88.66903393554688,-0.0320703049343079,-0.1192486029759049,0.0053588966846466
1721665102547078000,88.67907788085938,-0.0285099090389907,-0.1071190431125462,-0.0140133277833461
1721665102557122000,88.6891220703125,-0.02087400733307,-0.1113043659731745,-0.0187596455276012
1721665102567166000,88.699166015625,-0.0128882692761719,-0.1039789915211498,-0.0131523270398378
1721665102577209900,88.7092099609375,0.0026445231594145,-0.087490213534981,-0.0086707977116107
1721665102587252700,88.71925268554688,0.01231368425861,-0.0613615005441009,-0.0025777415335178
1721665102597297000,88.729296875,0.0005088993702083,-0.039111967074126,-0.0022515783190727
1721665102607341000,88.73934106445313,-0.0045619010880589,-0.0069542030520737,0.0137175597071647
1721665102617385000,88.74938500976563,-0.0079797467075288,0.0259701614283025,-0.0036620296388864
1721665102627429000,88.75942919921874,-0.0070908350437879,0.0485156091049313,-0.0439981316804885
1721665102637472800,88.76947265625,-0.0346977308284491,0.0671032590664923,0.1121849481999874
1721665102647516000,88.77951586914062,-0.0595889379136264,0.0941837198242545,0.0847825620114803
1721665102657559800,88.78955981445313,-0.0291290638506412,0.0754841339208185,-0.0646481209993362
1721665102667604000,88.79960400390625,0.0085058164082467,0.0425602078318595,-0.1877174513071775
1721665102677648100,88.80964819335938,0.0023644641090184,0.0034080548778176,-0.1022913306951522
1721665102687692000,88.81969213867187,-0.0059860886722803,-0.0114529757760465,0.0168973587870597
1721665102697736000,88.82973583984375,0.0117057084280997,-0.0191566820211708,0.0190168351590633
1721665102707778800,88.83977880859375,0.0243368611380457,-0.0090681264661252,-0.0544955602973699
1721665102717823000,88.84982299804688,0.0208814599871635,0.0151303491145372,-0.0602151069879531
1721665102727867000,88.85986694335938,0.0157453392077237,0.0394957056947052,-0.0245271230131387
1721665102737911000,88.8699111328125,0.0051171238180249,0.0641042233809828,-0.0102256259381771
1721665102747955200,88.879955078125,0.0030381986521184,0.0746789550177752,-0.0287964708954095
1721665102757998800,88.88999877929687,0.0040025136396288,0.0917939020782709,-0.0163601831704378
1721665102768041700,88.90004174804687,0.0098012630462646,0.0861653946720063,-0.0025303952604532
1721665102778086000,88.9100859375,0.0190767486527562,0.0547241083562374,-0.0022930793732404
1721665102788130000,88.92013012695313,0.0205759011693298,0.0325562618203461,0.0050526072144508
1721665102798174000,88.93017407226563,0.0136249129876494,0.0138913088388741,0.012092588853836
1721665102808218000,88.94021801757812,0.0015793781459331,0.0005469663582742,0.0095610245496034
1721665102818261000,88.95026098632812,0.0005391483779996,-0.0198569392450153,-0.0150958623230457
1721665102828305000,88.96030493164062,-0.0042202480435371,-0.0408143870778381,-0.0103963063299655
1721665102838348800,88.97034887695312,-0.0074037734504789,-0.0626895342774689,-4.73462730646e-05
1721665102848393000,88.98039306640625,0.0042237551748752,-0.0689044632695615,0.0041167876690626
1721665102858437000,88.99043701171875,0.0184641697123646,-0.0761222856938838,-0.0181318690180778
1721665102868481000,89.00048095703124,0.0065687839310616,-0.0826651314660906,-0.0380675725877285
1721665102878524200,89.01052416992188,-0.0043792379975318,-0.0924625951200723,-0.0490466472417116
1721665102888567800,89.02056787109375,-0.0132402245189994,-0.0887397752046585,-0.0529851557344198
1721665102898612000,89.03061206054687,-0.0149394296523183,-0.0751562171407043,-0.0501952327549457
1721665102908655900,89.04065576171875,-0.0106759269889444,-0.0733686030715703,-0.0143166946440935
1721665102918700000,89.05069995117188,-0.0145329677432775,-0.0454442388355731,0.0056716158956289
1721665102928744200,89.060744140625,-0.0125404787518084,-0.0115942839428782,-0.0166875154286623
1721665102938787000,89.070787109375,-0.0082145783767104,0.0226955236718058,-0.0198848501652479
1721665102948831000,89.0808310546875,-0.0039243338368833,0.0461808825470507,-0.0184276370942592
1721665102958875000,89.090875,0.001364127960056,0.0682318247050046,-0.0117108960598707
1721665102968919000,89.1009189453125,-0.0065109893292188,0.0758439071439206,-0.0209679692268371
1721665102978963000,89.110962890625,-0.0036667058140039,0.0741414871402084,0.0019762685090303
1721665102989007000,89.12100708007813,-0.0164943309441208,0.0672172408349811,0.0001455459505319
1721665102999050000,89.13105004882813,-0.0210599583592265,0.0664513710290193,-0.023342297142744
1721665103009094000,89.14109399414062,-0.0092026395659893,0.0607243716843426,-0.0523585482686758
1721665103019137800,89.1511376953125,-0.0015468641158193,0.0541039306312799,-0.0613069938778877
1721665103029182000,89.16118188476563,-0.0027416999235749,0.0247651695527136,-0.0545750552743673
1721665103039226000,89.17122607421875,-0.009157485250011,0.0150762808397412,-0.0302168590873479
1721665103049270000,89.18127001953125,-0.0264412860713899,-0.0011560381673276,0.0073059390991926
1721665103059313200,89.19131323242188,-0.0396877211354672,0.0031691315554082,0.0344879605352878
1721665103069356800,89.20135668945312,-0.037138621174544,0.0164611593268811,0.0264040228009223
1721665103079401000,89.21140087890625,-0.019445435834676,0.0165016374677419,0.0168704707801342
1721665103089444900,89.22144482421875,-0.0184166773088276,0.0230357154116034,-0.0110895492911338
1721665103099489000,89.23148901367188,-0.0033223493557423,0.0218070503994822,-0.0185872115701437
1721665103109533200,89.241533203125,0.0045079789437353,0.0081698624521493,-0.0310544789552688
1721665103119576000,89.251576171875,-0.001611234588921,-0.0095209848001599,-0.0275081846505403
1721665103129620000,89.26161987304687,-0.0042572190530598,-0.0269615105532109,-0.0220376442849636
1721665103139664000,89.27166381835937,-0.0091076547589153,-0.0432417603552341,-0.1005745899051427
1721665103149708000,89.2817080078125,-0.023413681878522,-0.0522002889670431,-0.0992839655727148
1721665103159752000,89.291751953125,-0.0211465406641364,-0.0756102445185184,-0.0599701923161745
1721665103169795000,89.30179516601562,7.84720636904e-05,-0.0945008229494094,0.1042605849415063
1721665103179839000,89.3118388671875,0.0567057106275111,-0.084594638223946,0.1308738665789365
1721665103189883000,89.3218828125,0.0857543296530842,-0.0761960815824568,0.010753449204564
1721665103199926800,89.3319267578125,0.0661191433999687,-0.0660587184496223,-0.0923889453619718
1721665103209971000,89.34197094726562,0.0417310635313391,-0.0555180352129042,-0.1738601908683776
1721665103220015000,89.35201513671875,0.0031519612248986,-0.0600711684726178,-0.1580132179170847
1721665103230058000,89.36205810546875,-0.0222715991713106,-0.049999856313318,-0.0586702156335115
1721665103240102100,89.37210205078125,-0.0291535407047718,-0.0231955821484327,0.0404319636315107
1721665103250145800,89.38214575195312,-0.0066560968883335,0.0054899757184088,0.0608060586184263
1721665103260190000,89.39218994140624,0.0320044000912457,0.0572989272803068,0.0452946012318134
1721665103270233900,89.40223388671875,0.0309975611362606,0.0968370108120143,0.0381061510324478
1721665103280278000,89.41227807617187,0.0108444154236465,0.1340231243900954,0.0334819983631372
1721665103290321000,89.42232080078125,-0.0220848444275558,0.1768371608525514,0.0398538714826107
1721665103300365000,89.43236499023438,-0.038598026202619,0.1884067487455904,0.0293429988622665
1721665103310409000,89.44240893554688,-0.0352907282855361,0.1791287789210677,-0.0050678047835826
1721665103320452900,89.45245288085937,-0.0128602122254669,0.1517453896939754,-0.0388397260040044
1721665103330497000,89.4624970703125,0.0031211276952177,0.0925499811425805,-0.0337462022572755
1721665103340541000,89.472541015625,0.0063059682764112,0.0336861426331102,-0.0022281974434852
1721665103350584000,89.482583984375,-0.0038272301379591,-0.0100232352338731,0.0074245970427989
1721665103360628000,89.4926279296875,-0.0092620416030287,-0.0319235168747603,-0.0086427406609058
1721665103370671900,89.502671875,-0.0040944297067821,-0.0652669835500419,-0.0314583835810422
1721665103380716000,89.51271606445313,-0.0079109923202544,-0.0792797268114984,-0.03586392506361
1721665103390760000,89.52276000976562,-0.0089273297559469,-0.0870373552009463,-0.0561333906322717
1721665103400802800,89.532802734375,0.0038538258839398,-0.0931366949893534,-0.0522813913792371
1721665103410847000,89.54284692382812,0.0164973996840417,-0.0983007997542619,-0.0395674557566642
1721665103420891100,89.55289111328125,0.0103351507272571,-0.0887855140425264,-0.0271539643853902
1721665103430934800,89.56293481445313,0.0097477062281221,-0.072935618481785,-0.008483750706911
1721665103440979500,89.5729794921875,-0.0014446458503603,-0.0554312337122857,0.0214794258803129
1721665103451023600,89.58302368164063,-0.0053303281772881,-0.0317813319250941,0.0155202252149581
1721665103461066500,89.59306640625,-0.0038761107809841,-0.0114699269108474,-0.0445867452234029
1721665103471110700,89.60311059570313,-0.0250027777008712,0.0172521635740995,0.0542693503260612
1721665103481154600,89.61315454101563,-0.054031888308376,0.0330661110386252,0.1134247191280126
1721665103491198500,89.62319848632812,-0.0549009992931038,0.026845775219053,0.0076508070141077
1721665103501242400,89.63324243164062,-0.0185825353950262,0.0093273619242012,-0.1442570797652006
1721665103511286500,89.64328662109375,-0.0040163229692727,-0.0142972592912614,-0.1059673888593912
1721665103521329400,89.65332934570313,-0.0091062665194273,-0.0438360729865729,0.0496118799090385
1721665103531373600,89.66337353515625,0.0024279577992856,-0.0405015217363834,0.0866401725769042
1721665103541417500,89.67341748046876,0.0190343708157539,-0.0306925137750804,0.0081447280108928
1721665103551461400,89.68346142578125,0.0218807732228189,-0.0012640285864472,-0.0443505983799695
1721665103561505500,89.69350561523437,0.016243132662028,0.0430268024303019,-0.0215904850393533
1721665103571548400,89.70354833984375,0.0101789372522383,0.0627590923823416,0.0012590601503849
1721665103581592600,89.71359252929688,0.0052530251573771,0.0838800602138042,-0.0025356559574604
1721665103591636500,89.72363647460938,0.0056684010252356,0.0939605785928666,-0.0137701666772365
1721665103601680600,89.7336806640625,0.0014808131422847,0.0954844271592795,-0.0031412206351757
1721665103611724300,89.74372436523437,0.005578092393279,0.0872181185953319,-0.0289624751120805
1721665103621768400,89.7537685546875,0.0106163057561963,0.0577962092779576,-0.0227332253336906
1721665103631811300,89.76381127929687,0.0055946051366627,0.0189246268309652,-0.0065671034306287
1721665103641855500,89.77385546875,-0.0066223407492041,0.0128229489549994,0.025915947023034
1721665103651899600,89.78389965820313,-0.017484876351431,0.001633738681674,0.033045945033431
1721665103661943600,89.79394360351563,-0.0040368543006479,0.0177186120420694,0.0045516719549894
1721665103671987500,89.80398754882812,0.0005547843385487,0.0049191900931298,-0.0164145437061786
1721665103682031400,89.81403125,0.0138675626371055,0.000348667307198,-0.0258212544769048
1721665103692074500,89.82407446289062,0.0070600745793432,0.0042272623062133,-0.0435544795662164
1721665103702118400,89.83411840820312,0.0061157064013183,-0.0160560856573283,-0.0426660062938928
1721665103712162600,89.84416259765625,-0.0064917731720954,-0.0315342252962291,-0.0455313325971364
1721665103722206500,89.85420654296875,-0.0172495332255959,-0.0468709106378257,-0.0475514402478933
1721665103732250400,89.86425048828124,-0.0122673608988523,-0.055538785739988,-0.0461287139683961
1721665103742294500,89.87429443359375,-0.0068364218913018,-0.0655566141463816,-0.0586065027475357
1721665103752337400,89.88433740234375,0.0030659634418785,-0.079154492996633,-0.0628378567069768
1721665103762381600,89.89438159179687,0.0217212718121707,-0.0622239625923335,-0.0676098934143781
1721665103772425500,89.90442553710938,0.0254900497611612,-0.0480320633716881,-0.0557464371412992
1721665103782469600,89.9144697265625,0.0230458714794367,-0.0310424962565302,-0.0582481908291578
1721665103792513300,89.92451318359375,0.0239967424634844,-0.0119448509462177,-0.0281821383893489
1721665103802556400,89.93455639648438,0.0127017337281256,0.0237519008569419,-0.0004769698619842
1721665103812600300,89.94460034179687,0.0007367898419499,0.0381974825777113,0.0322229382127523
1721665103822644500,89.95464453125,0.0011470511432737,0.0549136395789682,0.0451630838066339
1721665103832688600,89.96468872070312,0.0098192370943725,0.0632050825841724,0.0100812490314245
1721665103842732500,89.97473266601563,0.0146714994311332,0.0554872016832232,-0.0281593420356512
1721665103852776400,89.9847763671875,0.0139097212783992,0.0370730085924267,-0.0291354935914278
1721665103862819300,89.9948193359375,-0.0035070582728832,0.0121884504437446,-0.0111351419985294
1721665103872863500,90.00486352539062,-0.0264871710397303,-0.0128451607868075,0.0246603940039873
1721665103882907400,90.01490747070312,-0.0465197591125965,-0.0272207460112869,0.0732277332961559
1721665103892951600,90.02495166015625,-0.0570218639045953,-0.0133260761715471,0.0957177975237369
1721665103902995500,90.03499536132813,-0.0567585367932915,-0.0012856558963656,0.0591232200980186
1721665103913038600,90.04503857421875,-0.0446517732836306,0.0163039229385554,0.0146516256868839
1721665103923082200,90.05508227539063,-0.0360845820769667,0.0300474938698112,-0.0094558106094598
1721665103933126400,90.06512646484374,-0.0178122086096555,0.0320896672219037,-0.0292062207400798
1721665103943170600,90.07517065429688,-0.0055282619021832,0.021304799965769,-0.0359399129092693
1721665103953214500,90.08521435546876,-0.002850567125529,0.0224951787941157,-0.030746435919404
1721665103963258600,90.09525854492188,-0.0030053192958235,0.0064971069343388,-0.0402303035795688
1721665103973301500,90.10530151367188,-0.0107661625556647,-0.0059589084044098,-0.1179208615034818
1721665103983345400,90.11534545898438,-0.0219034965112805,-0.0075188511975109,-0.089939798644185
1721665103993389300,90.12538940429688,-0.021384148812294,-0.0246148012965917,-0.0341208807885646
1721665104003433500,90.13543359375,0.0070174775466322,-0.0600477875970303,0.0890735372036695
1721665104013477600,90.1454775390625,0.0710937900073826,-0.0459517499662935,0.0652858343809843
1721665104023520500,90.1555205078125,0.0854520587708801,-0.0470415910296142,-0.0474304442167282
1721665104033564700,90.16556469726562,0.0570060087483376,-0.0434765920244157,-0.1485486394792795
1721665104043608300,90.1756083984375,0.0257229086689651,-0.0471449052736163,-0.238345814782381
1721665104053652500,90.18565258789064,-0.0064389470063149,-0.0600844663456082,-0.1914040308654308
1721665104063696400,90.1956962890625,-0.023393588938564,-0.0453515921160578,-0.0702928488880395
1721665104073740500,90.20574047851562,-0.0309753493044525,-0.0222020410664379,0.0283230081647634
1721665104083783400,90.21578344726562,0.0054890989355742,0.0148240596443414,0.0363186830937862
1721665104093827600,90.22582763671876,0.0496156062360852,0.0644518677748739,0.0109913496136665
1721665104103871500,90.23587158203124,0.053820802840963,0.1039678856052458,0.004375146344304
1721665104113915400,90.24591528320312,0.0259493378359824,0.1351958214312791,0.0079617726594209
1721665104123959600,90.25595947265624,-0.0158115363117307,0.1525796485610306,0.020016952112317
1721665104134003500,90.26600341796876,-0.0322564020909369,0.1689616051718592,0.0134463415503501
1721665104144046600,90.27604663085935,-0.0301906286675483,0.1626411699786782,0.0040536593049764
1721665104154090500,90.28609057617189,-0.0214470579806715,0.122330348508805,-0.0078413611501455
1721665104164134400,90.29613452148438,-0.0013082330543547,0.0630878859452903,0.0175730660915374
1721665104174178300,90.30617822265626,-0.0021207915462553,0.0043039808042347,0.0390332027494907
1721665104184222500,90.31622241210935,-0.0047261517390608,-0.0404429234169423,0.0354161812961101
1721665104194265300,90.32626538085935,-0.0132042033575475,-0.0801174928098917,0.0394996512174606
1721665104204309500,90.3363095703125,-0.0122988520156592,-0.1036462524354457,0.0372837287336587
1721665104214353700,90.34635375976562,-0.007516805370897,-0.1038001278229057,0.0457867686629295
1721665104224397300,90.35639721679688,-0.0017789923712611,-0.1098768173880875,0.0208884742498397
1721665104234441500,90.36644140625,0.0053838119301944,-0.1027921198241412,0.0097720369517803
1721665104244485400,90.3764853515625,0.0061239627730101,-0.0991968718111515,-0.0031628479450941
1721665104254528500,90.38652856445312,0.0116300859086215,-0.0779364955089986,-0.0051338557571172
1721665104264572400,90.39657250976562,0.011301000084728,-0.050633039650321,0.0027887539356946
1721665104274616600,90.40661645507812,0.0017369798604398,-0.0257940742090344,0.023448680126667
1721665104284660500,90.41666040039064,-0.0067475014988332,-0.0006150631584227,0.010908347505331
1721665104294704400,90.42670434570311,-0.0126700964808464,0.0270528420984745,-0.0457902757942676
1721665104304747500,90.43674755859377,-0.0309307064451277,0.0505199346646666,0.0780628983676433
1721665104314791400,90.44679150390624,-0.0659966860640794,0.0660438131414353,0.0948831002652645
1721665104324835600,90.45683569335938,-0.03820464297086,0.0478827180288732,-0.0700432580411434
1721665104334879500,90.46687939453123,-0.0059323857236653,0.0153027830719947,-0.2060731922090053
1721665104344923400,90.47692333984376,0.0077693188272416,-0.0130053197845816,-0.1165443124532699
1721665104354967300,90.48696728515624,0.0022903028942644,-0.0373660001896321,-0.0065817164778709
1721665104365010400,90.49701049804688,0.0065764557808637,-0.040050855359435,-0.0094932200103998
1721665104375054300,90.50705444335938,0.0180761202428489,-0.0210752289935946,-0.0716290659278631
1721665104385098500,90.51709838867188,0.0062331953011453,0.0067389528661966,-0.0877004952847957
1721665104395142700,90.527142578125,0.0060266398783773,0.037492110787332,-0.0535895513683557
1721665104405186300,90.53718627929688,-0.0003071662530303,0.0674975190810859,-0.0226297649592161
1721665104415229400,90.5472294921875,-0.0007055909860879,0.0897835851691663,-0.0210953949987888
1721665104425273300,90.5572734375,0.0027973025683313,0.1075869528852403,-0.012484218519926
1721665104435317500,90.5673173828125,0.002183773779869,0.1118923949941992,0.0076928925901651
1721665104445361200,90.57736108398436,0.0016078735880553,0.0917338424541056,0.0065220952451229
1721665104455405000,90.58740502929687,0.0121571054574102,0.0703787736058235,0.0193652102053165
1721665104465449200,90.59744921875,0.0128145464528352,0.0565181521661579,0.01810907266438
1721665104475492000,90.6074921875,0.0059065206300467,0.0296764686003327,0.010391630154848
1721665104485536000,90.61753588867188,-0.0036405484594404,0.0238030465222895,-0.0033949031352996
1721665104495580200,90.627580078125,-0.001199146656692,-0.0049066228725016,-0.0006926584392786
1721665104505624000,90.6376240234375,0.0019923428609967,-0.018055004389584,0.0167827924966812
1721665104515668200,90.64766821289062,0.0115068248551338,-0.0377449165046215,0.0310194076418876
1721665104525712100,90.65771215820313,0.0140805478006601,-0.0459971965432167,0.0217190798550844
1721665104535755300,90.66775537109376,0.0017596300836652,-0.0589963788479566,-0.0049982466787099
1721665104545799000,90.677798828125,0.0022698446281254,-0.0684548198059201,-0.0224666833519935
1721665104555843000,90.68784301757812,-0.0002430880408734,-0.0748250854901969,-0.0195382286846637
1721665104565887000,90.69788696289062,-0.016482275180146,-0.0832245189145207,-0.0106412210017442
1721665104575931100,90.70793115234376,-0.0101537297457456,-0.0734472212657332,-0.0056178398817777
1721665104585974000,90.71797412109376,-0.0036218437589704,-0.0667975541181862,-0.0235731832891702
1721665104596018200,90.72801806640624,0.0049807840872555,-0.0478013233557343,-0.0249076467633247
1721665104606062000,90.73806201171875,0.0067889294877648,-0.0392369086280465,-0.0171375972837209
1721665104616106000,90.74810595703126,0.0108580786228179,-0.0154926065556704,-0.0031429742008447
1721665104626150100,90.75815014648435,0.0112410865910351,-0.0035877953588962,-0.0096527944862842
1721665104636194000,90.76819409179689,0.0066252633586525,0.00907324103266,-0.0015104045629501
1721665104646237200,90.7782373046875,-0.0024188246447592,0.0347575712569057,0.0014443535894155
1721665104656281000,90.78828100585936,-0.0038954000033438,0.0483953437261283,-0.0128407768726348
1721665104666325000,90.79832495117188,-0.0051170507527887,0.0561290067180991,-0.0362298357665538
1721665104676369200,90.808369140625,-0.0027164924170821,0.0551234829373657,-0.0775017573535442
1721665104686413000,90.8184130859375,0.0026161738477647,0.0632303631559014,-0.0807768335014581
1721665104696456200,90.82845629882812,-0.0038704116925597,0.0568235648535192,-0.0518868391036987
1721665104706500000,90.8385,-0.0170030841838568,0.0298351662933826,-0.0049497313618659
1721665104716544300,90.84854418945312,-0.0324558701857924,0.0119883978269994,0.0450689757823944
1721665104726588000,90.858587890625,-0.0483384989723563,0.0065206339403986,0.0384884283483028
1721665104736632000,90.86863208007811,-0.0482927601344883,0.0132017191395163,0.0027174422651529
1721665104746676200,90.87867626953124,-0.0364946241825819,0.0231011818632483,-0.0137479548454284
1721665104756719000,90.88871899414065,-0.0320232509221881,0.0223692143268883,-0.0034673838496208
1721665104766763300,90.89876318359374,-0.014438859719038,0.0153882693983614,-0.0152343940109014
1721665104776807200,90.90880712890625,-0.0102634737305343,0.0156970430865883,-0.0407411757111549
1721665104786851000,90.91885107421876,-0.0147588854536414,0.021426088257879,-0.032361469900608
1721665104796895000,90.92889501953124,-0.0079749974671751,0.0136832190461456,-0.0240384627133607
1721665104806938000,90.93893823242188,-0.0069284840889275,0.0033231530733406,-0.097030633687973
1721665104816982000,90.94898193359376,-0.013118790096417,0.0027342472694814,-0.1208843874841928
1721665104827026200,90.95902612304688,0.0013176584698259,-0.0127618664175271,-0.0582873537957668
1721665104837070000,90.96907006835936,0.0310572554342448,-0.0363362187504768,0.1463321324735879
1721665104847114000,90.97911401367188,0.0841538356538861,-0.056120677281171,0.0971837784230709
1721665104857158100,90.989158203125,0.1065934118032455,-0.05923252569139,-0.0192138190358877
1721665104867201000,90.99920092773438,0.0849513427071273,-0.0512589164637029,-0.0855886176973581
1721665104877245200,91.0092451171875,0.0371929086450487,-0.0568384701617062,-0.1554436596900224
1721665104887289000,91.0192890625,-0.0031318682849407,-0.0616227818287909,-0.1615776324003934
1721665104897333200,91.02933325195312,-0.0283862095940858,-0.0576969866871833,-0.075176529276371
1721665104907377000,91.039376953125,-0.0439838839594274,-0.0390108447872102,0.0096685765773057
1721665104917420000,91.049419921875,-0.0237287391770631,0.0039664194129407,0.0427753118872642
1721665104927464000,91.0594638671875,0.0137554805647581,0.0412941334187984,0.0354553442627191
1721665104937508000,91.06950805664064,0.0311992942534387,0.0853235370203852,0.036938276296854
1721665104947552300,91.07955224609375,0.0037491234004497,0.1210899930588901,0.0585235006392002
1721665104957596200,91.08959619140624,-0.0174764738492667,0.1447396025851368,0.0518453380495309
1721665104967640000,91.09964013671876,-0.0418202031195163,0.1494172390073537,0.0322486571758985
1721665104977683000,91.10968286132812,-0.0463231405619531,0.1309190208949148,0.0021031097590923
1721665104987727000,91.11972705078124,-0.0362019248463213,0.0968434405528008,-0.0016863456517457
1721665104997771000,91.12977099609375,-0.0261527514535933,0.0430412693470716,0.0068342299342155
1721665105007815200,91.13981518554688,-0.0124827572152018,0.0064364627882838,0.0251332722127437
1721665105017859000,91.14985913085935,0.0020222265426069,-0.0250455939292907,0.0316945304244756
1721665105027902200,91.15990209960935,-0.0071856006551533,-0.0501611843548715,0.0075783262997865
1721665105037946000,91.16994604492189,0.0047278322394937,-0.0674088178843259,-0.0063753802508115
1721665105047990000,91.17998999023438,-0.001871858286485,-0.0738486416734755,0.0095855744689702
1721665105058034200,91.1900341796875,-0.0051693654619157,-0.0781678200468421,0.0167529818803071
1721665105068078000,91.200078125,0.0205317697666585,-0.0788046566456556,-0.0208224232763051
1721665105078121200,91.21012133789064,0.0243199100032448,-0.0685962741032242,-0.0208177471011877
1721665105088165000,91.2201650390625,0.0202547794561833,-0.0630924159899354,-0.0224894797056913
1721665105098209000,91.230208984375,0.0042780426453799,-0.0471549882762134,0.0034404958426952
1721665105108253000,91.2402529296875,-0.0131719815883785,-0.0358078109622001,0.0244283388137817
1721665105118297000,91.25029711914064,-0.0158297295555472,-0.009528291323781,-0.001409866797924
1721665105128341200,91.26034130859377,-0.0100436204347759,0.0131571493454277,-0.0741623837977647
1721665105138384100,91.27038403320311,-0.020613748961687,0.0355184726268053,0.0276268425941467
1721665105148428300,91.28042822265624,-0.0451988857723772,0.070289195626229,0.1143903492897748
1721665105158472000,91.29047192382812,-0.0356427565935999,0.0657167731441557,0.0184124395251274
1721665105168516000,91.30051611328123,0.0061240358382463,0.0498754992812871,-0.1487953077167272
1721665105178560000,91.31056005859377,0.0355449222423136,0.015257482625544,-0.1767658491820097
1721665105188604200,91.32060424804688,0.0304842047866433,-0.0095709614217281,-0.0580237344235181
1721665105198647000,91.33064697265624,0.0210233526758849,-0.0160088855147361,0.0134118547588586
1721665105208691200,91.34069116210938,0.0236595463983714,-0.0102037063673138,-0.0097118311971426
1721665105218735000,91.35073510742188,0.0259557675767689,0.0146434423804283,-0.0460644165605306
1721665105228779000,91.36077905273436,0.0150666362285614,0.0404648429878056,-0.0394072967588901
1721665105238823200,91.3708232421875,0.0095579558096826,0.0562529253587126,-0.0189104521751403
1721665105248866000,91.38086596679688,0.0111965898621827,0.078318918955326,-0.0221533796191215
1721665105258910200,91.39091015625,0.0113240886993706,0.0805767808847129,-0.0126174895107746
1721665105268954000,91.4009541015625,-0.0037771804511547,0.0829872030273079,-0.0016845920860767
1721665105278998000,91.410998046875,-0.0002033405523747,0.0584792231060564,0.0292985751986503
1721665105289042000,91.4210419921875,-0.0013036299444735,0.0559396216258406,0.0346504576206207
1721665105299085000,91.4310849609375,0.0098733784344047,0.0449640541031956,0.038014381095767
1721665105309129000,91.44112890625,0.0030528116993606,0.0219774385303258,0.0192553200900554
1721665105319173000,91.45117309570313,-0.0051513183485716,0.0172483641818165,0.0033884733945131
1721665105329217300,91.46121728515624,-0.0034364041894674,-0.0003650339201092,-0.0216717335820198
1721665105339261000,91.47126098632812,-0.0062213587328791,-0.0212732357837259,-0.0198164611041545
1721665105349305000,91.48130517578124,-0.01104315286614,-0.0324466639660298,-0.0180173027276992
1721665105359348000,91.49134790039062,-0.0088932813558727,-0.0467617511749267,-0.0064303253084421
1721665105369392000,91.50139208984376,-0.0026464959207922,-0.0666432403393089,-0.0189969614148139
1721665105379436000,91.51143603515624,-0.0053245560236275,-0.075097180429846,-0.0315372940361499
1721665105389480200,91.52148022460938,0.0003046089697629,-0.0678707363076508,-0.0541045151531696
1721665105399524000,91.53152416992188,-0.0118340109828859,-0.0656041065499186,-0.0394213252842426
1721665105409567200,91.54156713867188,-0.0137385294299572,-0.0593481148950755,-0.0347422275573015
1721665105419611000,91.55161083984376,-0.0118504506610333,-0.0578903173021972,-0.0290513224393129
1721665105429655000,91.56165502929689,-0.0068494275033473,-0.0381307009518146,-0.0444780241519212
1721665105439699700,91.57169970703124,-0.0022141689181327,-0.0209843358397483,-0.0408615872204303
1721665105449744000,91.58174389648435,0.0029126725763082,-0.0110872112035751,-0.0350000017106533
1721665105459787800,91.59178784179689,-0.0014205343224108,0.0026740415148437,-0.0249210907667875
1721665105469830700,91.60183056640624,-0.0107555680964142,0.0193234168902039,-0.0074754504472017
1721665105479874800,91.61187475585938,-0.0087081340473145,0.0418425610817968,0.0065232642889022
1721665105489918700,91.62191870117188,-0.0131581722587347,0.0492015455424785,-0.0065606736898422
1721665105499963000,91.631962890625,-0.0014073825798928,0.056256870881468,-0.0485170704096555
1721665105510006800,91.6420068359375,0.010280351800099,0.0663543403953313,-0.076401687157154
1721665105520050000,91.6520498046875,0.0143207132320851,0.0596450520150363,-0.072087915611267
1721665105530093600,91.66209350585936,-0.0011873100884258,0.0284358208894729,-0.0146691613435745
1721665105540137700,91.6721376953125,-0.0155314772613346,0.0331390301443636,0.035765140864253
1721665105550182000,91.68218188476564,-0.0223596427809447,0.0330177418522536,0.0277028304398059
1721665105560225800,91.69222583007812,-0.0222143890913575,0.0215812788195908,0.0103875385016202
1721665105570269700,91.70226977539062,-0.0214157860595732,0.0351462783135473,0.0225111070156097
1721665105580312800,91.71231274414062,-0.0119835024561733,0.039422494328022,0.0109153617680072
1721665105590356700,91.72235668945312,-0.0064535600535571,0.0361284212186932,-0.0213514155864715
1721665105600400600,91.73240063476564,-0.0137578917175531,0.0288464475169777,-0.0228887081563472
1721665105610444800,91.74244482421877,-0.0168917327638715,0.0248147077828645,0.0052595279633998
1721665105620488700,91.75248876953124,-0.0236568429846316,0.0042693478822708,-0.0156090725421905
1721665105630531800,91.76253173828124,-0.0079334964130073,-0.0009020634062588,-0.0810445445269346
1721665105640575700,91.77257568359374,-0.0083195731211453,-0.0182148711264133,-0.1086187801510095
1721665105650619600,91.78261962890625,0.0138668319847434,-0.045492023500055,-0.0006464812099933
1721665105660663800,91.79266381835936,0.0485791758604347,-0.0607533055178821,0.1624596759319305
1721665105670707700,91.80270776367188,0.0799973735615611,-0.0718833329498767,0.0020873276680707
1721665105680750800,91.81275073242188,0.0691572689868509,-0.0644417847722768,-0.0707014296889305
1721665105690794800,91.82279467773438,0.0336283480312675,-0.042002720079571,-0.0909340703785419
1721665105700839000,91.8328388671875,0.0088219696853309,-0.0426912868656218,-0.1491074424058198
1721665105710882600,91.84288256835936,-0.0187859490126371,-0.0556841855600476,-0.1519768603622913
1721665105720926700,91.8529267578125,-0.04422390326038,-0.0456780475914478,-0.0877203690290451
1721665105730971000,91.86297094726562,-0.051929216940701,-0.0230745861172676,-0.0167933138906955
1721665105741013800,91.873013671875,-0.0412842696119099,0.0055193479433655,0.032546178817749
1721665105751058000,91.88305786132813,-0.0070473612282425,0.0463856113389134,0.0547211857467889
1721665105761101800,91.89310180664064,0.0179544666245579,0.084702044121176,0.0538192684710025
1721665105771145700,91.90314575195312,0.0195813371740281,0.1145516773313283,0.0265507377952337
1721665105781189600,91.91318969726562,0.0062320993226021,0.1336903853043913,-0.0110842885941267
1721665105791232800,91.92323266601562,-0.009632263154909,0.1444350666806101,-0.0279138428419828
1721665105801276700,91.93327661132813,-0.0205398069426417,0.1252712242662906,-0.0323351664155721
1721665105811320800,91.94332080078124,-0.0194552265763282,0.0871272254414856,-0.0067547349572181
1721665105821364700,91.95336474609375,-0.0172682379260659,0.0487162462435662,0.0200666364729404
1721665105831408600,91.96340869140624,-0.0140855162367224,0.0014674422040581,0.034551088899374
1721665105841451500,91.97345141601562,-0.0078336162351071,-0.0332376682132482,0.0293394917309284
1721665105851495700,91.98349560546876,-0.0023004589620977,-0.0515751428060233,0.0035579847425222
1721665105861539800,91.99353979492189,0.0047243251081556,-0.0710096188552677,0.0035281741261482
1721665105871583700,92.00358374023438,0.0040839813780039,-0.0846869926825165,0.0039449382334947
1721665105881628000,92.0136279296875,0.0016880261521786,-0.0985213106371462,0.0176835407286882
1721665105891671600,92.02367163085935,-0.0030395138263702,-0.0981314345367252,0.0041378304570913
1721665105901714700,92.03371459960935,0.006656973671168,-0.0797116884879767,-0.0056716158956289
1721665105911758600,92.04375854492189,0.0024034078799188,-0.0631672347918152,-0.0128220721721649
1721665105921802800,92.053802734375,-0.0010655103396624,-0.0265441619239747,-0.0002110124021768
1721665105931847000,92.06384692382812,-0.0096019410818815,0.0023002397663891,0.0166734869033098
1721665105941890800,92.07389086914064,-0.0192465522617101,0.0275005858659744,0.014879004701972
1721665105951934000,92.08393383789064,-0.0229150116413831,0.0558102961577475,-0.0466004231333732
1721665105961977600,92.0939775390625,-0.0245952928785234,0.0627466712921857,0.0543090978145599
1721665105972021800,92.10402172851562,-0.0427816685628145,0.0843191822834312,0.1018605380624532
1721665105982065700,92.11406567382812,-0.0045714726340025,0.0624902123130857,-0.052561377364397
1721665105992109800,92.12410986328123,0.0401126685492694,0.0268194717340171,-0.2355196514457464
1721665106002154000,92.13415405273436,0.0509033079590648,-0.0096082246921956,-0.149071786570549
1721665106012196900,92.14419677734377,0.0202056796174496,-0.0314063611328601,0.0224205061227083
1721665106022240800,92.15424072265624,-0.0026754297543317,-0.0380531056709587,0.0257680629849433
1721665106032284700,92.16428466796874,-0.007778817307949,-0.0080078037582337,-0.0481289478749036
1721665106042328800,92.17432885742188,0.002117576675862,0.025669863307476,-0.0672749623715877
1721665106052372700,92.18437280273436,0.0015295476548373,0.0415722197078168,-0.0316910232931375
1721665106062416000,92.19441577148436,0.0016509820774197,0.0596621492803096,-0.0064800096690654
1721665106072459800,92.20445971679688,0.0059461950533092,0.0701278675846755,0.0027291327029466
1721665106082503700,92.21450366210938,0.0047571313992142,0.0728480863288044,-0.0179372232288122
1721665106092547600,92.22454760742188,9.66653075069e-05,0.062930795687437,-0.0004641103804111
1721665106102591700,92.234591796875,-0.0011716010626405,0.0608637801550328,0.0106423900455236
1721665106112634600,92.24463452148436,-0.0038432314246892,0.0557452680975198,0.0268254630833864
1721665106122678800,92.2546787109375,-0.0070060063045471,0.0383618793591857,0.0217617499530315
1721665106132723000,92.26472290039062,0.001831307080388,0.0306673793338239,0.0159469261944293
1721665106142766600,92.2747666015625,0.0140665192753076,0.0193256088472902,0.0185211605966091
1721665106152810800,92.28481079101564,0.0018465046495199,-0.0110768359400331,-0.0115109895735979
1721665106162854700,92.29485473632812,0.003388108068332,-0.0269216169342398,-0.0205804312139749
1721665106172897800,92.30489770507812,-0.002021568955481,-0.0517018379256129,-0.0193663792490959
1721665106182941700,92.31494165039062,-0.0139484458535909,-0.0539708057709038,-0.0253857856690883
1721665106192985900,92.32498583984376,-0.0123847767334431,-0.0564031474843621,-0.027831425255537
1721665106203029800,92.33502978515624,-0.0172716719921678,-0.063218088196218,-0.0241325707376003
1721665106213073700,92.34507373046876,-0.0082198390737175,-0.0632853082135319,-0.0235761058986186
1721665106223116800,92.35511669921875,-0.0072699910029768,-0.0588309591531753,-0.0197527482181787
1721665106233160700,92.36516064453124,-0.0161393800266087,-0.040478871513158,-0.0237122994989156
1721665106243204900,92.37520483398436,-0.0143168407745659,-0.0369109498985111,-0.0225713127702474
1721665106253248800,92.38524877929687,-0.0053108197592198,-0.0220129482351243,-0.0295171863853931
1721665106263292700,92.39529272460938,-0.000619008681178,-0.0001138356380164,-0.0167126498699188
1721665106273335800,92.40533569335938,-0.0009718407068401,0.019410802912712,-0.0183007958441972
1721665106283379700,92.41537963867188,0.0009661416184157,0.0306743935965001,-0.0239963771373033
1721665106293423600,92.42542358398435,-0.0020220073468983,0.0403220735162496,-0.0242588274657726
1721665106303467800,92.4354677734375,-0.0011548691235482,0.0417499143622815,-0.0184749833673238
1721665106313512000,92.44551196289062,0.0029169834252446,0.0470537198588252,-0.0127747258991003
1721665106323555600,92.4555556640625,0.0013943039026111,0.0503304034419357,-0.041046880659461
1721665106333599000,92.46559887695312,-0.0029114304672926,0.0554176435783505,-0.0608054740965366
1721665106343642600,92.475642578125,0.0028483751684427,0.0383881828442215,-0.0527677135914564
1721665106353686800,92.48568676757812,-0.0164211195774376,0.0196491417132318,-0.0377490081578493
1721665106363730700,92.49573071289062,-0.0194099261298775,0.0170906894020736,-0.0174053083091974
1721665106373774800,92.50577490234376,-0.0282112183533608,0.0029785774193704,0.0043874213039875
1721665106383817700,92.51581762695312,-0.0286089854992926,-0.0010290507867932,0.0241097743839025
1721665106393862000,92.52586181640623,-0.0205230019383132,0.0023531389974057,0.0175555304348468
1721665106403905800,92.53590576171877,-0.0042824996247887,0.0112955932572484,-0.0079220251709222
1721665106413949700,92.54594970703126,0.0031857904292643,0.0177012225158512,-0.0638461569666862
1721665106423993900,92.55599389648438,-0.0180079503774642,0.0197673612654209,-0.0628922172427177
1721665106434036700,92.56603662109374,-0.0262208482537418,0.0163734810434281,0.004530044645071
1721665106444080400,92.57608032226562,-0.0283854789417237,0.0085353347636759,0.0344710094004869
1721665106454124300,92.58612426757811,-0.0168758776076138,0.004589665877819,-0.0582318242162466
1721665106464168200,92.59616821289065,-0.001531155090034,-0.0070513798162341,-0.0808317785590887
1721665106474212000,92.60621215820312,-0.0024377485409379,-0.0255047358736395,-0.0272393045812845
1721665106484255200,92.61625512695312,0.0240589209794998,-0.0584850683249533,0.1403524735420942
1721665106494299100,92.62629907226562,0.0632616350769996,-0.0637178544119,0.0327542686104774
1721665106504343300,92.63634326171876,0.0737815677866339,-0.0749345372140407,-0.1198018529444932
1721665106514387500,92.64638745117188,0.0476378033570945,-0.0508547195769846,-0.0408726931363344
1721665106524431000,92.65643115234376,0.0190656427368521,-0.0460321217261254,-0.109953243625164
1721665106534475300,92.66647534179688,-0.0064013184096664,-0.0465311572894453,-0.2201449721813201
1721665106544518100,92.67651806640625,-0.0375410644955933,-0.0452026851646602,-0.1616051049292087
1721665106554562300,92.68656225585936,-0.0646421296499669,-0.0215583363354206,-0.0110714291125535
1721665106564606200,92.69660620117187,-0.0501074083410203,0.0244461667314171,0.0653337651759386
1721665106574650400,92.706650390625,-0.0075505615100264,0.0558516510814428,0.0781874015301466
1721665106584694300,92.7166943359375,0.0342888577666133,0.0932844328969716,0.0279448225021362
1721665106594737400,92.7267373046875,0.0390162516146898,0.1224341011442244,-0.0334831674069166
1721665106604781000,92.73678100585936,0.0144442665465176,0.1463140122950077,-0.0490320341944694
1721665106614825200,92.7468251953125,-0.0135987556330859,0.1573196826949715,-0.0322574250042438
1721665106624869400,92.75686938476562,-0.0310896233338862,0.1480672857031226,0.0104553430408239
1721665106634913300,92.76691333007813,-0.0359390361264348,0.1132015778966248,0.0583288548499345
1721665106644956400,92.77695629882813,-0.0199960554547607,0.0566635519862174,0.0610650018155574
1721665106655000300,92.78700024414064,-0.0019243191260844,0.0016100655451416,0.0243663794934749
1721665106665044200,92.79704418945312,0.0033401772733777,-0.0444943907648324,0.0099257662087678
1721665106675088100,92.80708813476562,-0.0060489978406578,-0.0764955029204487,0.0003664952248334
1721665106685132300,92.81713232421876,-0.012847060482949,-0.1059149280197918,0.005850479593873
1721665106695176400,92.82717651367189,-0.0063742112070322,-0.1344884038142859,0.0124725280821323
1721665106705219300,92.83721923828124,-0.0096388390261679,-0.1375222185522318,0.0189075295656919
1721665106715263500,92.84726342773438,-0.0085445409834384,-0.1159833175696432,0.0105991354256868
1721665106725307100,92.85730712890626,-0.005368760491535,-0.0888533185817301,0.0120060796141624
1721665106735351300,92.86735131835935,-0.0019424393046647,-0.0520801697187125,0.0175660518288612
1721665106745395200,92.87739526367189,-0.0062167556229978,-0.0197302441254258,0.0213379715830087
1721665106755438300,92.88743823242189,-0.0191484987147152,0.0263840029262006,0.0330529592961072
1721665106765482200,92.89748217773436,-0.0125265232916921,0.0607509674303233,0.0282265620529651
1721665106775526400,92.9075263671875,-0.0159112703591585,0.0772337540671229,-0.0258662626624107
1721665106785570000,92.91757006835938,-0.0202520760424435,0.0895225961454212,-0.0387760131180286
1721665106795614200,92.9276142578125,-0.0451035356391221,0.111221363864839,0.040989012992382
1721665106805657000,92.93765698242188,-0.0290366363268345,0.0839404120989143,-0.0554570988059043
1721665106815701200,92.947701171875,0.0252435276541858,0.0159738142013549,-0.1243850890815257
1721665106825745400,92.95774536132812,0.033694033678621,-0.0224092540763318,-0.0898164645254611
1721665106835789300,92.96778930664064,0.0160556472659111,-0.0539401183716952,-0.0250081845283508
1721665106845833200,92.97783325195311,-0.0075843176491558,-0.0641723201811313,-0.0475134463250637
1721665106855876000,92.9878759765625,-0.0065438686855137,-0.0393622885733842,-0.0572328763067722
1721665106865920300,92.99792016601565,-0.0034966099441051,-0.0088274495780467,-0.0598655628979206
1721665106875964200,93.00796411132812,0.0042281390890479,0.0395893753275275,-0.0504249498575925
1721665106886008300,93.01800830078125,0.0076101827427744,0.075269760517776,-0.0306879837304353
1721665106896052500,93.02805249023436,0.0107015728868544,0.098197193249315,-0.0266232185095548
1721665106906096000,93.03809619140624,0.0113142979577183,0.1211566285543143,-0.0283083951175212
1721665106916139300,93.04813916015624,0.0082833327639847,0.1100952824443578,-0.0007189619243144
1721665106926183200,93.05818310546876,0.0136829267852008,0.0899530965171754,0.0423018491566181
1721665106936227300,93.06822729492188,-0.0003447217844426,0.0623036036998033,0.0538625230908393
1721665106946271200,93.07827124023436,-0.0102908001288771,0.0326820801571011,0.0445563500851392
1721665106956315400,93.0883154296875,0.000970087141171,0.0120500648863613,0.0223328278392553
1721665106966358300,93.09835815429688,-0.0041203678656369,-0.0175596220880746,-0.0063075757116079
1721665106976402200,93.10840209960938,0.0028951369196176,-0.0474435959592461,-0.0237672445565462
1721665106986446000,93.11844604492188,0.0097260058529675,-0.0582986058421432,-0.00816869340837
1721665106996490200,93.128490234375,0.002660305250436,-0.0732937842696905,0.0147270290106534
1721665107006534400,93.13853442382812,-0.0056106794886291,-0.0743533763252198,-0.0041647184640169
1721665107016577300,93.14857739257812,-0.0069447045713663,-0.0755374715432524,-0.0108101478278636
1721665107026621400,93.15862133789062,-0.0025347061093896,-0.0656195963799953,-0.0127016606628894
1721665107036665000,93.1686650390625,-0.0133998720601201,-0.0628672289319336,-0.0013028992921113
1721665107046709200,93.17870922851564,-0.0130246820721775,-0.0591818184174597,0.0036462475478649
1721665107056753200,93.18875317382812,-0.0076861705884337,-0.0427140832193195,-0.0186035781830549
1721665107066796300,93.19879638671875,-0.0056608753059059,-0.0292309167899191,-0.0293722249567508
1721665107076840200,93.20884008789062,-0.0015723638832569,-0.004052490261197,-0.0248152923047542
1721665107086884400,93.21888427734376,-0.0016101386103779,0.0153346395149827,-0.0161971015632152
1721665107096928300,93.22892822265624,-0.0053334699824452,0.0284480958491563,-0.0256371300816535
1721665107106972200,93.23897216796875,-0.0019714462034404,0.0404874932110309,-0.0366927771031856
1721665107117015300,93.24901538085938,-0.0063191930841654,0.0564602844990789,-0.0258458043962717
1721665107127059200,93.25905908203126,-0.0232147252403199,0.047026977982372,-0.0247632698565721
1721665107137103400,93.26910327148435,-0.023162410531193,0.0550999559313058,-0.0163216047257184
1721665107147147300,93.27914721679689,-0.0144873750358819,0.0566125524513423,-0.0082224694222211
1721665107157191200,93.28919116210938,-0.0145149206299334,0.052623775076121,-0.0219850373148918
1721665107167235300,93.2992353515625,-0.0059822892799973,0.0570016978994011,-0.0454144282191991
1721665107177278200,93.3092783203125,0.0026799597989767,0.0583687484689056,-0.0463338811516761
1721665107187322000,93.31932202148438,-0.0122115390583872,0.0493874235033988,-0.0348100320965051
1721665107197366300,93.3293662109375,0.0089558982633054,0.0338058234900236,-0.0463970095157623
1721665107207410400,93.33941040039062,0.0118117260858416,0.011244885983318,-0.0602431640386581
1721665107217454000,93.3494541015625,0.0038208003971725,-0.0130368839666247,-0.050340194183588
1721665107227497200,93.35949731445312,-0.0059432724438607,-0.0317772402718663,-0.0308791223883628
1721665107237541000,93.369541015625,-0.0170358904749155,-0.0438590154707431,0.0019634090274572
1721665107247585300,93.37958520507811,-0.0163622289970517,-0.0384045494571328,0.0226554839223623
1721665107257629200,93.38962915039062,0.0051531449794769,-0.0337301279053092,0.0137128835320472
1721665107267673300,93.39967333984374,0.0111659755282104,-0.0221964881084859,-0.0203986449062824
1721665107277716200,93.40971630859374,0.0168069040246307,0.0020446575701236,-0.0497428128123283
1721665107287760400,93.41976049804688,0.0023111995518207,0.0030332302160561,-0.0680962156265974
1721665107297804300,93.42980419921876,-0.0103139618087559,0.0071953183315694,-0.0678583152174949
1721665107307848200,93.43984814453124,-0.0190155199848115,0.0095130937546491,-0.0522691164195537
1721665107317892400,93.44989233398438,-0.0306069543834775,0.0061943245954811,-0.1067950718551874
1721665107327935200,93.45993530273438,-0.0172221337620168,0.0095468498937785,-0.0866501094490289
1721665107337979400,93.4699794921875,-0.011892609302327,-0.0007883738987147,-0.0023936171382665
1721665107348023300,93.48002319335936,0.0159403503231704,-0.0308830679111182,0.1195516775757074
1721665107358067200,93.49006713867188,0.0719501876410096,-0.0340958924777805,0.1125707326471805
1721665107368111400,93.500111328125,0.0771885997511446,-0.0578099455423653,-0.0035112229913473
1721665107378154200,93.510154296875,0.0388814462538808,-0.0650397506654262,-0.0109007487207651
1721665107388198400,93.52019848632813,0.0081509385559707,-0.0498190929189324,-0.0489665677428245
1721665107398242300,93.5302421875,-0.000992956560105,-0.0511618858300149,-0.1693938591092824
1721665107408286200,93.5402861328125,-0.0031404169175773,-0.0609643179200589,-0.189473355063796
1721665107418330000,93.550330078125,-0.0151831022150814,-0.0437064552575349,-0.0682598817557096
1721665107428373200,93.56037329101562,-0.0146370126396417,0.001877045918256,0.057160395592451
1721665107438417200,93.57041723632813,-0.009220540548861,0.0435229153841733,0.0990741222143173
1721665107448464600,93.58046459960936,-0.005240531001985,0.0810560888342559,0.0701724373787641
1721665107458508800,93.5905087890625,-0.0083088325314223,0.1101049270555376,0.0270031577378511
1721665107468552700,93.600552734375,-0.0239059223748743,0.1398515382826328,0.007532733592391
1721665107478596600,93.6105966796875,-0.0276215818971395,0.1506662161551415,0.0096855277121067
1721665107488639500,93.62063940429688,-0.0265719267137348,0.1455083950005471,-0.0056996729463338
1721665107498683600,93.63068359375,-0.0189098676532506,0.1300850542888045,-0.0151566525995731
1721665107508727600,93.6407275390625,-0.0099692400243133,0.0917674524627625,-0.0011404022067785
1721665107518771700,93.65077172851562,-0.0126356096893548,0.0480703495554626,-0.0011363105535507
1721665107528815900,93.66081591796876,-0.0177256263047456,0.0109667996942996,-0.0078787705510854
1721665107538858800,93.67085864257812,-0.0138408207606524,-0.0169080263115465,-0.0272568402379751
1721665107548902700,93.68090258789064,-0.0155398797634989,-0.0556103896714746,-0.0405780941039323
1721665107558946600,93.69094653320312,-0.0148693600907921,-0.0821351162426173,-0.0299801277220249
1721665107568990700,93.70099072265624,-0.0115382429067045,-0.102678722577542,-0.0272200153589248
1721665107579034600,93.71103466796876,-0.00136135148108,-0.1148866083741187,-0.0193541042894124
1721665107589077800,93.72107788085935,0.0055759735014289,-0.1030988476857543,-0.0197498256087303
1721665107599121700,93.73112158203124,0.0042803076677024,-0.0885797623373568,-0.0225812496423721
1721665107609165600,93.74116552734375,3.33177477121e-05,-0.0712106943853199,0.0109942722231149
1721665107619209500,93.75120947265626,-0.0078458181295543,-0.0390824487186968,0.0123269821316003
1721665107629253600,93.76125366210935,-0.0161064276050776,-0.0146658003427088,0.0097767131268978
1721665107639296500,93.77129663085938,-0.0123757166441529,0.0182562260501086,-0.0277262113153934
1721665107649340700,93.78134057617189,-0.0047829964928328,0.044922260788083,-0.0531289481192827
1721665107659384800,93.791384765625,-0.0215030990168452,0.0667924395516514,0.0515875638961791
1721665107669428500,93.80142846679688,-0.0339011005580425,0.0834966138541698,-0.0375000018328428
1721665107679472600,93.81147265625,-0.0071845046766102,0.0667512307584285,-0.0806780493021011
1721665107689515500,93.821515625,0.0139453040484339,0.0327659590482711,-0.0527554386317729
1721665107699559700,93.8315595703125,0.0265244343101978,0.015058891313523,-0.0086468323141336
1721665107709603600,93.841603515625,0.0360224035609513,-0.0161095694102346,-0.0111374800860881
1721665107719647700,93.85164770507812,0.0249612035814672,-0.0309187237463891,-0.0599865589290857
1721665107729691600,93.86169165039064,0.0280263633057475,-0.0118903442800045,-0.0581330400168895
1721665107739734500,93.87173461914062,0.018453209926933,0.0148604461319744,-0.0285860430151224
1721665107749778700,93.88177880859377,0.0041670565515756,0.0359562795221805,-0.0048784196913242
1721665107759822600,93.89182250976565,-0.0084942721009254,0.0529886628657579,0.0142886375933885
1721665107769866800,93.90186669921874,0.0019926351219415,0.063768123294413,0.0026543139010667
1721665107779910700,93.91191064453125,0.0071485565803945,0.0631350860878825,-0.0095253687143325
1721665107789954600,93.92195458984376,0.0053910453885793,0.0681637279048562,0.0065980830907821
1721665107799997700,93.93199780273436,0.0009570084638893,0.0576937718167901,0.0352303033351898
1721665107810041600,93.94204150390624,-0.0042374183740466,0.0432981667175889,0.0533300236493349
1721665107820085500,93.95208544921876,-0.0089867317929863,0.0117849842093884,0.0617699352145195
1721665107830129700,93.96212963867188,-0.0074541884634643,-0.0016419219881296,0.0151268419831991
1721665107840173800,93.972173828125,-0.0024082301855087,-0.0085458561576902,-0.0389718279510736
1721665107850216700,93.982216796875,-0.0007187427286058,-0.0246224000811576,-0.0708469756394624
1721665107860260600,93.99226049804687,0.0034464871920645,-0.0206882755026221,-0.0510650013267993
1721665107870304500,94.00230444335938,-0.0017291618801653,-0.028190467826277,-0.0290489843517541
1721665107880348700,94.0123486328125,-0.0077425769507884,-0.0311275441914796,-0.0046831893801689
1721665107890392600,94.022392578125,-0.0099253278173506,-0.0290944309286773,-0.0074836337536573
1721665107900435700,94.03243579101564,-0.0033656770408153,-0.0362898953907191,-0.0274918180376291
1721665107910479600,94.04247973632812,-0.0040964024681597,-0.0341309637911617,-0.053773675763607
1721665107920523500,94.0525234375,-0.0064339055050164,-0.0455519369937479,-0.0500385808885097
1721665107930567700,94.06256762695313,-0.013024170615524,-0.0444992130704224,-0.0384007500648498
1721665107940611600,94.07261157226564,-0.0041452831111848,-0.031134266193211,-0.0505260721445083
1721665107950654700,94.08265478515624,0.0076067486766725,-0.0192557584814727,-0.0499105705946683
1721665107960698600,94.09269873046875,0.0116932142727077,-0.0047755438387393,-0.0525648844957351
1721665107970742800,94.10274267578124,0.0053253597412258,0.0169135792694985,-0.0461018259614706
1721665107980786700,94.11278662109376,0.0017173253118991,0.027276567851752,-0.0184779059767723
1721665107990830600,94.12283056640624,-0.0010644874263554,0.0321897665955126,-0.0103881230235099
1721665108000873500,94.13287353515624,-0.0118799690164625,0.0538287669517099,-0.0062917936205863
1721665108010917600,94.14291772460938,-0.0101911391466856,0.0678214903384447,0.0015595044016838
1721665108020961500,94.15296142578126,-0.0045933191396296,0.0580186198569834,0.0101274262607097
1721665108031005700,94.16300561523435,-0.0095586133968085,0.0554158900126814,0.0068494275033473
1721665108041049600,94.17304956054689,-0.0089536332409828,0.0499193384230136,0.0072685296982526
1721665108051092700,94.1830927734375,-0.005214885104075,0.0314846870660781,0.0187818573594093
1721665108061136600,94.19313671875,-0.0119474812947213,0.0174528007127344,0.0213975928157567
1721665108071180500,94.2031806640625,-0.0149321961939334,0.0072382806904613,0.0060322659015655
1721665108081224700,94.213224609375,-0.0120273415978997,-0.0053812546469271,0.0005173018723726
1721665108091268600,94.2232685546875,-0.0029631606545299,-0.0068079264491796,0.0057511108726263
1721665108101311700,94.23331176757812,-0.0116947486426681,-0.0040219489924609,0.0174146606594324
1721665108111355600,94.24335571289062,-0.0089632778521627,-0.014328677342832,0.0086456632703542
1721665108121399600,94.25339965820312,-0.0123631494235247,-0.0142417297117412,-0.0009463409394025
1721665108131443700,94.26344360351564,-0.004065642003715,-0.0054198330916464,-0.0064963762819767
1721665108141487600,94.27348754882811,0.0033525252982974,-0.0057556409172713,-0.0203857854247093
1721665108151530800,94.28353076171877,0.0032843554329127,-0.0167921448469162,-0.0387830273807048
1721665108161574700,94.29357470703124,-0.0052789633162319,-0.0296640475101768,-0.0352227045506238
1721665108171618800,94.30361889648438,-0.0191991329234093,-0.0295524038292467,-0.0280535435736179
1721665108181662500,94.31366235351562,-0.0253382932655513,-0.0205438985958695,-0.0079617726594209
1721665108191706600,94.32370654296876,-0.0248896727152168,-0.0143270699076354,0.021729016727209
1721665108201749500,94.33374951171876,-0.012093611767143,-0.0016670564293861,0.0176315182805061
1721665108211793700,94.34379370117188,0.0076087214380502,0.0274846576444804,-0.0208481422394514
1721665108221837600,94.35383764648438,0.0087279347263276,0.0421523576833307,-0.0600678074717521
1721665108231881700,94.3638818359375,0.0100274730175733,0.0402826182886958,-0.0778220753490924
1721665108241925600,94.37392553710936,-0.003984539591521,0.0374319050326943,-0.0853255828469991
1721665108251968500,94.38396850585936,-0.0166821086011827,0.043597295794636,-0.050782092732191
1721665108262012700,94.3940126953125,-0.0177932116482406,0.0375065777041018,-0.0968640449494123
1721665108272056600,94.404056640625,-0.0119334527693688,0.0199739897534251,-0.0714426034450531
1721665108282100700,94.41410083007813,-0.0119703507136553,0.0064820554956793,0.0136176064640283
1721665108292144600,94.42414453125,0.0044235885959118,-0.0234508720837533,0.034797172614932
1721665108302187800,94.43418774414064,0.0540177136525511,-0.0268887375779449,0.0949117418378591
1721665108312231400,94.4442314453125,0.078508815504238,-0.043904023656249,0.0429728802859783
1721665108322275600,94.45427563476562,0.0616389292459934,-0.0545902528434991,-0.0418845005273818
1721665108332319700,94.46431982421876,0.0297984144795686,-0.0641296500831842,-0.1323486153066158
1721665108342363600,94.47436376953124,0.0003428951535373,-0.0644933688290417,-0.1712666672438383
1721665108352406800,94.48440673828124,-0.0149034815561026,-0.063115504604578,-0.1223632278650999
1721665108362450700,94.49445068359375,-0.0127670540492981,-0.0501870494484901,0.0035614918738603
1721665108372494600,94.50449462890624,0.0033812399361282,-0.0188958391278982,0.0805430247455835
1721665108382538500,94.51453857421876,0.0240504454120993,0.0065644730821251,0.0795715493649244
1721665108392582700,94.52458276367187,0.0324438874870538,0.0490314496725797,0.057216509693861
1721665108402625500,94.53462548828124,0.0086876757811754,0.0947486602306365,0.0322194310814142
1721665108412669700,94.54466967773438,-0.0284577404603362,0.1253048342749476,0.0434568644106388
1721665108422713600,94.55471362304688,-0.0434348717745393,0.1481390357650816,0.0347504108637571
1721665108432757500,94.56475756835935,-0.045571737672761,0.1584052859745919,-0.0014151274949312
1721665108442798600,94.57479858398438,-0.0178073132388293,0.1420326817139983,-0.0428746806085109
1721665108452841500,94.58484155273436,-0.0165836897280067,0.1130846735186874,-0.0313654446005821
1721665108462885600,94.5948857421875,-0.0165327632583677,0.0647736470751464,-0.0103027828276157
1721665108472929500,94.60492944335938,-0.0206317230097949,0.0153007372453808,0.0145177701741456
1721665108482973700,94.6149736328125,-0.0338102074041962,-0.0205954826526343,0.0054857379347085
1721665108493017600,94.625017578125,-0.0343982364252209,-0.0480173041939735,-0.0145393974840641
1721665108503060500,94.635060546875,-0.0327735578328371,-0.0846156810119748,-0.0142880530714988
1721665108513104600,94.64510473632812,-0.0299720174808055,-0.0982528689593076,-0.0112666594237089
1721665108523148500,94.6551484375,-0.0211471982512623,-0.1147200196355581,-0.0183516492486
1721665108533192700,94.66519262695311,-0.0226877787567675,-0.1214838146820664,-0.0204103353440761
1721665108543236600,94.67523657226562,-0.0150405519392341,-0.1175546585395932,-0.0283744460910558
1721665108553279700,94.68527978515624,-0.0044010845031589,-0.0970994611404836,-0.0177010763853788
1721665108563323400,94.69532348632812,-0.0106730043794959,-0.0700485187381505,0.0065916533499956
1721665108573367600,94.70536743164062,-0.0146617817547172,-0.0371453431762754,0.0307049348652362
1721665108583411700,94.71541162109376,-0.004937602532655,-9.36696328222e-05,-0.0060328504234552
1721665108593455600,94.72545556640624,0.000861585265398,0.0447878207534551,-0.012200725403428
1721665108603498800,94.73549877929688,-0.0191776517439633,0.075289195870608,0.101620299565792
1721665108613542700,94.74554272460938,-0.0385772026102989,0.0922448607161641,0.0004220248043537
1721665108623586600,94.75558666992188,-0.0083786098320037,0.0803565622627735,-0.1165010578334331
1721665108633630500,94.76563037109376,0.0049754503250122,0.0501186603873968,-0.0839741682380437
1721665108643674600,94.77567456054688,0.0044347675770521,0.0324517785325646,0.0364420172125101
1721665108653717500,94.78571752929687,0.0032777064964175,0.0052953299291431,0.0623287381410598
1721665108663761700,94.79576171875,0.0233178933538496,-0.0065082128502428,-0.0409095180153846
1721665108673805600,94.8058056640625,0.0400949136968702,-0.0057845747508108,-0.0921112974643707
1721665108683849500,94.81584936523436,0.0388534622684121,0.0059727907992899,-0.0692880557596683
1721665108693893600,94.8258935546875,0.0225605721805244,0.0160242292143404,-0.0308913973480463
1721665108703936500,94.8359365234375,0.0216218300256878,0.0270358909636735,-0.0051040451407432
1721665108713980700,94.84598071289062,0.0288248202070593,0.0559374296687543,-0.0190875623077154
1721665108724024600,94.85602465820313,0.0211739401277154,0.065887745796889,-0.0330038594573736
1721665108734068700,94.86606884765624,0.0116807931825518,0.0657706952884793,-0.011650690305233
1721665108744112400,94.8761123046875,0.0049984658744186,0.0614572160035371,-0.0043313072025775
1721665108754155500,94.88615551757812,0.0011857026532292,0.0378898779332637,0.0026823709517717
1721665108764199400,94.89619946289062,0.0027498832300305,0.021164076320827,0.0065238488107919
1721665108774243600,94.90624365234376,0.0066363692745566,0.0109014793731272,0.0057096098184585
1721665108784287700,94.91628784179689,-0.0006416589044034,-0.0098391108386218,-0.0273714065283536
1721665108794331600,94.92633154296875,-0.0042364685259759,-0.0279534442000091,-0.0433937360465526
1721665108804374800,94.93637475585938,0.005725026583299,-0.0367179115444421,-0.0194423670947551
1721665108814418400,94.94641845703126,0.0012920856371521,-0.044206221473217,0.0014466916769742
1721665108824462600,94.95646264648435,-0.0072058397255837,-0.0336366044029593,-0.0006090718090534
1721665108834506500,94.96650659179689,-0.0037369945712387,-0.0425157841682434,-0.0069008654296398
1721665108844550700,94.97655053710938,-0.0245887170072644,-0.047761721997708,-0.0081207626134157
1721665108854593500,94.98659350585936,-0.0273021406844258,-0.0407306543171405,-0.0231488203972578
1721665108864637700,94.9966376953125,-0.0192316469535231,-0.0421454895511269,-0.0238280348330736
1721665108874681600,95.006681640625,-0.0216877348687499,-0.0392734412461519,-0.0169990655958652
1721665108884725500,95.0167255859375,-0.0107218119572848,-0.0279093127973377,-0.0164490304976701
1721665108894769700,95.02676977539062,-0.0001496376037597,-0.017436726360768,-0.0254693722993135
1721665108904812500,95.0368125,-0.0005441898792982,-0.008607815477997,-0.0250496855825185
1721665108914856700,95.04685668945312,0.0002205839481204,-0.0025762802287936,-0.0228378547519445
1721665108924900600,95.05690063476564,-0.0034415918212383,0.0106996731907129,-0.0246107096433639
1721665108934944500,95.06694458007811,-0.0052090398851782,0.0156790690384805,-0.0130909522414207
1721665108944988400,95.07698852539062,0.0081106065455824,0.0317146964296698,-0.0132253922760486
1721665108955031600,95.08703149414065,0.0026620588161051,0.0434963196381926,-0.0208253458857536
1721665108965075500,95.09707543945312,0.0016349807906895,0.053139469513297,-0.028234160837531
1721665108975119600,95.10711962890625,0.0005249737221747,0.0524602550774812,-0.0262111305773258
1721665108985163800,95.11716381835936,-0.0001692190870642,0.0529009845823049,-0.0316623817205429
1721665108995207400,95.12720751953124,-0.0057056642957031,0.0522187014065682,-0.0392506448924541
1721665109005250800,95.13725073242188,-0.0178347127024084,0.0433351377271115,-0.0295949277967214
1721665109015294500,95.14729443359376,-0.0248752057984471,0.0433406906850636,-0.0234977799654006
1721665109025338600,95.15733862304688,-0.0214257229316979,0.0430235875599086,-0.004101005578041
1721665109035382500,95.16738256835936,-0.0288408945590257,0.019528291812539,0.0040559973925352
1721665109045426700,95.1774267578125,-0.0181871063366532,0.00765577545017,-0.0009445873737335
1721665109055469600,95.18746948242188,-0.0009251520209014,-0.0046808512926101,-0.0294242474049329
1721665109065513700,95.197513671875,0.009124898154661,-0.0198486098080873,-0.0404535909414291
1721665109075557600,95.2075576171875,0.0076480305351316,-0.0293763166099786,-0.0492529834687709
1721665109085601500,95.2176015625,0.0113360713981091,-0.0465732428655028,-0.0327472543478012
1721665109095645700,95.22764575195312,0.0012428396679461,-0.0540342263959348,0.002426350364089
1721665109105688600,95.2376884765625,-0.0095613168105483,-0.0487793746076524,0.0324795433223247
1721665109115732700,95.24773266601562,-0.0161921331271529,-0.0303923617847263,0.038337037178874
1721665109125776600,95.25777661132813,0.0013550678707659,-0.0037858021490275,0.0064876084536314
1721665109135820500,95.26782055664064,0.0143566613283008,0.0222086169376969,0.0077250412940979
1721665109145864400,95.27786450195312,0.0199171449996531,0.0241996446244418,-0.0238859025001525
1721665109155907600,95.28790747070312,0.0208667008094489,0.0261709446974098,-0.0491530302256345
1721665109165951500,95.29795141601562,0.014916779429093,0.0291859086044132,-0.0579565144062042
1721665109175995600,95.30799560546876,-0.0012932546809315,0.0163987616151571,-0.0215881469517946
1721665109186039800,95.31803979492187,-0.01724887563847,0.0214513688296079,-0.0530395162701606
1721665109196083500,95.32808349609375,-0.0183843824744224,0.0276892403058707,-0.0657891077280044
1721665109206126600,95.33812670898438,-0.0177881701469421,0.0167825002357363,-0.032673020067811
1721665109216170500,95.34817041015626,0.0023607377819716,-0.0056081952705979,0.0072474869102239
1721665109226214700,95.35821459960935,0.0525444262295961,-0.0236582312241196,0.0674158321470022
1721665109236258600,95.36825854492189,0.0827588010989129,-0.0311197992764413,0.004384498694539
1721665109246302700,95.378302734375,0.0759770320042967,-0.0415215124338865,-0.0718342331111431
1721665109256345600,95.388345703125,0.0341626741036772,-0.0515843490257859,-0.1701964076638221
1721665109266389500,95.39838940429688,-0.0043712008215487,-0.0550898729287087,-0.1846101329416036
1721665109276433700,95.40843359375,-0.0203416540220379,-0.0474504640914499,-0.088052377462387
1721665109286477600,95.4184775390625,-0.0102047292806208,-0.0335178003288805,0.0148392572134733
1721665109296521700,95.42852172851562,0.0023582535639405,-0.0018858137466013,0.0592874707490205
1721665109306564600,95.43856469726562,0.0342388080798089,0.0385121014848351,0.0350362420678138
1721665109316608800,95.44860888671874,0.0436688997261226,0.0809473677627742,-0.0219663326144218
1721665109326652400,95.45865234375,0.0238579185146838,0.1165349601030349,-0.0506669419199228
1721665109336696600,95.46869653320311,-0.0125295920316129,0.1518517726778984,-0.03330897988379
1721665109346740500,95.47874047851562,-0.0384806103680282,0.1653809702061116,-0.0080208093702793
1721665109356783600,95.48878369140624,-0.0419780970949679,0.1697935259513557,-0.0287771816730499
1721665109366827500,95.49882763671874,-0.0346698929734528,0.1285392861515283,-0.0481178419589996
1721665109376871700,95.50887158203123,-0.0178191498070955,0.0874754543572664,-0.0424994175553321
1721665109386915600,95.51891552734376,-0.0174320501856505,0.0271735458686947,-0.0183294374167919
1721665109396959500,95.52895947265624,-0.0186110308371484,-0.0467256569482386,0.000451250898838
1721665109407002600,95.53900268554688,-0.0205553698379546,-0.098256814482063,0.0078939681202173
1721665109417046500,95.54904663085938,-0.0228920691572129,-0.1387161045119166,0.012072130587697
1721665109427090700,95.55909057617188,-0.0281119226973503,-0.1539621889606118,-0.0011637830823659
1721665109437134600,95.56913452148436,-0.0231404178950935,-0.1589433383740484,-0.0102338092446327
1721665109447178800,95.5791787109375,-0.0105219785362482,-0.1595104707375168,-0.0098608842790126
1721665109457222000,95.58922192382812,-0.0070530603166669,-0.1445994634620845,0.0087783497393131
1721665109467265800,95.59926586914062,-0.0032732495170086,-0.117241647067666,0.0322474881321191
1721665109477310000,95.60931005859376,0.006398761126399,-0.0915742679782211,0.0494324316889047
1721665109487353900,95.61935375976564,-0.0030824761852622,-0.0597536269560456,0.0723076958417892
1721665109497397000,95.62939697265624,-0.0250132990948855,-0.0145374977879226,0.0787760150730609
1721665109507441000,95.63944091796876,-0.0235705529406666,0.0339617447040975,0.0425923565357923
1721665109517484800,95.64948486328124,-0.0177660313803702,0.0764788440465927,0.0506277789533138
1721665109527529000,95.65952905273436,-0.0356717634923756,0.1160590131543576,0.1403442902356386
1721665109537572900,95.66957275390624,-0.0374387000996619,0.1350780402705073,0.0374637614756822
1721665109547615700,95.67961572265624,-0.0003707330085337,0.1306691377870738,-0.128940852689743
1721665109557660000,95.68965991210938,0.0142647452611476,0.1022118357181549,-0.1326777011305093
1721665109567704000,95.6997041015625,0.0109486064504832,0.0794755416445434,0.0011275427252054
1721665109577747700,95.70974780273436,0.0109546708650887,0.0521155332930386,0.067900985315442
1721665109587792000,95.7197919921875,0.0251461316943168,0.0426307888500392,0.0028542203873395
1721665109597834800,95.72983471679689,0.0415511769197881,0.046779871353507,-0.0795177733510732
1721665109607879000,95.73987890625,0.0378399743769317,0.0569581510186195,-0.0773597185343503
1721665109617922800,95.7499228515625,0.0303982070036232,0.0772007285803556,-0.0436053329706192
1721665109627967000,95.75996704101564,0.0158875972226262,0.0848408680699765,-0.0201367790997028
1721665109638011000,95.77001098632812,0.0122289285846054,0.0898294701375067,-0.0299386266678571
1721665109648053800,95.7800537109375,0.0178793555617332,0.0717870329685509,-0.01652384929955
1721665109658098000,95.79009790039062,0.0227589442968368,0.06001578502357,-0.0199812962770462
1721665109668141800,95.80014184570312,0.0248957371298223,0.0270130946099758,-0.0322708690077066
1721665109678186000,95.81018603515624,0.0322745222695171,-0.0099419866912066,-0.0177343941330909
1721665109688230000,95.82022998046877,0.0202399472132325,-0.0319713015392422,-0.0227355634212493
1721665109698273000,95.83027294921877,0.0125516577329486,-0.0514778199113905,-0.0256768775701522
1721665109708317000,95.84031689453126,0.0077607701946049,-0.0672673635870218,-0.0437882883220911
1721665109718360800,95.85036083984374,0.0051667351134121,-0.0697714553624391,-0.0246007727712392
1721665109728405000,95.86040502929689,0.0007528641939163,-0.0740592156842351,-0.0087391867727041
1721665109738449000,95.87044897460936,0.0079911448843777,-0.082046268915385,0.0086743048429489
1721665109748491800,95.88049169921877,0.0068164750818163,-0.0686440587677061,0.0013514146089553
1721665109758536000,95.89053588867188,0.0007191080547869,-0.0686399671144783,0.0002770633757114
1721665109768579800,95.90057983398438,-0.0021724486682564,-0.0655738575421273,0.002771218279004
1721665109778623700,95.91062377929688,-0.0245260270345956,-0.0550314207397401,-0.0020762217521667
1721665109788668000,95.92066796875,-0.0312538009196519,-0.051226037107408,0.0191600430220365
1721665109798710800,95.93071069335936,-0.0329642580993473,-0.039698388659954,0.0100111064046621
1721665109808755000,95.9407548828125,-0.0288046542018651,-0.0249324889436364,-0.0037403555721044
1721665109818798800,95.950798828125,-0.0146011376086622,-0.0096497257463634,-0.014793079984188
1721665109828842800,95.9608427734375,-0.005364595773071,-0.0044514264509081,0.0017997428983449
1721665109838887000,95.97088696289065,-0.0170186470791697,0.0107128249332308,0.0068505965471267
1721665109848929800,95.9809296875,-0.0112622755095362,0.0313923326075077,-0.0012403554499149
1721665109858974000,95.99097387695312,-0.007525134807825,0.0449678534954786,-0.0031494039416313
1721665109869017900,96.00101782226562,-0.0087064535468816,0.0518431460924446,-0.0099643446534872
1721665109879062000,96.01106201171876,-0.0156756349723786,0.0668831865750253,-0.0149643448978662
1721665109889106000,96.02110595703124,-0.0103071667417883,0.0667540072374045,-0.021579963645339
1721665109899149000,96.03114916992187,-0.0137787883751094,0.0681461922481656,-0.0210755212545394
1721665109909192700,96.04119262695312,-0.0227767722144722,0.0598128097973763,-0.0132043494880199
1721665109919236900,96.05123681640625,-0.0220035958848893,0.040850042913109,-0.0087707509547471
1721665109929281000,96.06128100585936,-0.0198349466089159,0.0341847398050129,-0.0224666833519935
1721665109939325000,96.07132495117187,-0.0237442290071398,0.0273464182175695,-0.0343318931907415
1721665109949368000,96.0813681640625,-0.0231022778417915,0.0094454353459179,-0.0535457122266292
1721665109959412000,96.09141186523438,-0.0172249833062291,-0.0106038116008043,-0.0570393995612859
1721665109969455900,96.10145581054688,-0.0139957921266555,-0.0206290926612913,-0.0467027144640684
1721665109979499800,96.11149975585936,-0.0242205412819981,-0.0234799520477652,-0.0154974288612604
1721665109989544000,96.1215439453125,-0.0227162741988897,-0.0278073137275874,0.0237894563883543
1721665109999586800,96.1315869140625,-0.0141707103021442,-0.0187716282263398,-0.003172200295329
1721665110009631000,96.141630859375,0.0064429655943065,-0.0072243982955813,-0.0320417364269495
1721665110019675000,96.1516748046875,0.0231155026495456,-2.58650936186e-05,-0.0333604178100824
1721665110029718800,96.16171875,0.028339155581966,-0.0031263153269886,-0.0395890830665826
1721665110039761700,96.17176171875,0.0202947461403906,0.0014661270298063,-0.0450783281326293
1721665110049805800,96.18180590820312,0.0218100460741668,-0.0104180797703564,-0.0577455020040273
1721665110059850000,96.19185009765626,0.0100973233833909,-0.0292174727864563,-0.0297960033267736
1721665110069894000,96.20189379882812,-0.005083513809368,-0.0193815768182277,-0.0258142402142286
1721665110079938000,96.21193798828124,-0.0217577313650399,-0.012982231169939,-0.0720902536988258
1721665110089981000,96.22198095703123,-0.0110089583355933,-0.0113667587973177,-0.0658475599169731
1721665110100024800,96.23202490234377,0.0084510905463248,-0.0382552041143178,0.0317418766975402
1721665110110068700,96.24206884765626,0.0632915187586098,-0.0371364292174577,0.1354565181940794
1721665110120113000,96.25211279296876,0.0999424294814467,-0.0342144042909145,0.034308512315154
1721665110130157000,96.26215698242189,0.0908647314693778,-0.0374566010825336,-0.0564653990656137
1721665110140200000,96.27219995117188,0.0529316719815134,-0.044221126781404,-0.1503694251656532
1721665110150244000,96.282244140625,0.0146991180904209,-0.0558000670246779,-0.1530085414975881
1721665110160287700,96.29228784179688,-0.0213019504215568,-0.0510034803979098,-0.0471019429147243
1721665110170332000,96.30233178710938,-0.0341144510477781,-0.0358566185399889,0.0472071568548679
1721665110180375800,96.31237573242188,-0.0197642925255,-0.0125742348909378,0.0924438904196024
1721665110190419000,96.3224189453125,0.0088927698992192,0.0235404500633478,0.0677706369340419
1721665110200462800,96.332462890625,0.0278496915645897,0.0654649903401732,0.0417488914489746
1721665110210507000,96.34250708007812,0.022005203320086,0.1016181076087057,0.0283434664309024
1721665110220550700,96.35255053710938,-0.0152118899181485,0.1311775257006287,0.0174766199797391
1721665110230594800,96.3625947265625,-0.0453654745109379,0.1651074139617383,0.0229430686920881
1721665110240637700,96.3726376953125,-0.0531368391647934,0.1621840738609433,-0.0092126495033502
1721665110250681900,96.38268188476565,-0.0348342897549271,0.1346845109082758,-0.0490823030769825
1721665110260726000,96.39272607421876,-0.0137274965792894,0.0989668624475598,-0.0589250671774148
1721665110270770000,96.40277001953125,-0.0071512599941343,0.0526643993474543,-0.0317424612194299
1721665110280813800,96.41281372070311,-0.0008460954353213,-0.0162054310001432,-0.0201619135409593
1721665110290857000,96.42285693359376,-0.0120567868880927,-0.0598990267761051,-0.0264238965451717
1721665110300900900,96.43290087890624,-0.0130197867013514,-0.0926556334741413,-0.045899581387639
1721665110310944800,96.44294482421876,-0.0235724526368081,-0.1097100825190544,-0.0341939460247755
1721665110320989000,96.45298901367188,-0.0175151984244585,-0.1245540159076452,-0.0368149421781301
1721665110331033000,96.463033203125,-0.0110074970308691,-0.1350046827733516,-0.0269733471214771
1721665110341076000,96.47307592773436,0.003786313605681,-0.1383985629953444,-0.0302209507405757
1721665110351120000,96.48311987304687,-0.0040396307796239,-0.1152362985946238,-0.0381067355543375
1721665110361163800,96.49316381835938,-0.01045329721421,-0.0752989866122603,-0.04584171372056
1721665110371208000,96.5032080078125,-0.0154256787993013,-0.0530148202203214,-0.0150917706698179
1721665110381251800,96.513251953125,-0.0195548144932836,-0.0151529993377625,-0.0079641107469797
1721665110391295000,96.523294921875,-0.0234045487239956,0.0221086636945605,-0.0427718047559261
1721665110401339000,96.5333388671875,-0.0221342365272343,0.0588281826741993,-0.0023415946900844
1721665110411383000,96.54338305664062,-0.0397089100539684,0.0865165461972355,0.125841133108735
1721665110421426700,96.5534267578125,-0.0485069874070584,0.0898022898696362,0.0435322677344083
1721665110431469800,96.5634697265625,-0.017977701369673,0.0715033937215805,-0.1040729534149169
1721665110441513700,96.573513671875,0.0069938044100999,0.0267452374540269,-0.1574205127209424
1721665110451561200,96.58356127929687,0.0104866149619221,0.0065453299902379,-0.0015419687449932
1721665110461605400,96.59360546875,0.0144999422565102,-0.004045183737576,0.1040291142731904
1721665110471649300,96.60364916992188,0.0392971143826842,-0.0011512158617377,0.0436088401019573
1721665110481692400,96.6136923828125,0.0579686432354152,0.0035788814000785,-0.0265969150245189
1721665110491736000,96.62373608398435,0.049866439191997,0.0208589558944106,-0.029994740769267
1721665110501780200,96.6337802734375,0.0276208512447774,0.04497457549721,-0.0014233108013868
1721665110511824400,96.64382446289062,0.0062586220033466,0.0667594140648841,0.031354338684678
1721665110521868300,96.65386840820312,0.0013640548948198,0.0756491152241826,0.0354284562557935
1721665110531911400,96.66391137695312,0.0052666883565485,0.0852050252072513,0.032068624433875
1721665110541955300,96.67395532226564,0.0055967240285128,0.0837158095628023,0.0142009593099355
1721665110551999200,96.68399926757812,0.0103093586988747,0.0623398440569639,-0.0054553427964448
1721665110562043100,96.69404321289062,0.0118443131811916,0.0406657723873853,0.002810381245613
1721665110572087300,96.70408740234376,0.0121277332324534,0.0085584233783185,0.009216741156578
1721665110582130200,96.71413012695312,0.0010376724846661,-0.0175768654838204,-0.0243166951328516
1721665110592174300,96.72417431640623,-0.0064513680964708,-0.0362906260430812,-0.0446650711566209
1721665110602218200,96.73421826171877,-0.0040140579469501,-0.0565234128631651,-0.048786535000801
1721665110612262100,96.74426220703126,-0.0010541852280497,-0.0581407849319279,-0.0380763404160737
1721665110622306300,96.75430639648438,0.0042488896161317,-0.0625949878618121,-0.0627086773693561
1721665110632349200,96.76434912109374,0.0094549338266253,-0.0583250554576516,-0.0549450576305389
1721665110642393300,96.77439331054688,0.0065145695257931,-0.0678780428312718,-0.0445364763408899
1721665110652437200,96.78443725585936,-0.0101397742856293,-0.0597397445611655,-0.0524766216903924
1721665110662481400,96.7944814453125,-0.0196885238755494,-0.0640589229345321,-0.0543728107005357
1721665110672525000,96.80452514648438,-0.0121873544652014,-0.045628217100352,-0.0556371315479278
1721665110682568200,96.81456811523438,-0.0094823332902044,-0.0387299820192158,-0.0574222613990306
1721665110692612000,96.82461206054688,-0.005499766460061,-0.0181032274454832,-0.0588975946485996
1721665110702656300,96.83465625,-0.0046356969766318,-0.0158171623349189,-0.0455383468598127
1721665110712700400,96.84470043945312,-0.0025835867524147,-0.011267390076071,-0.0359662163943052
1721665110722744300,96.85474438476562,-0.0002057517051696,0.0099719434380531,-0.0251660054385662
1721665110732787500,96.86478735351562,-0.0057009150553494,0.014351181435585,-0.0080500354647636
1721665110742831000,96.8748310546875,-0.0073593497868627,0.0320377909041941,-0.0036602760732173
1721665110752875300,96.88487524414064,-0.0065098202854394,0.0504429239057004,-0.0009089315384626
1721665110762919200,96.89491918945312,-0.0114757721297442,0.0572433977007865,0.0079974284946918
1721665110772963300,96.90496337890625,-0.0085303663276135,0.0546349687680602,0.0064069444328546
1721665110783006200,96.91500610351562,-0.0114349286627024,0.0684787852033972,0.0192260939955711
1721665110793050400,96.92505029296876,-0.0096736911438405,0.0616311112657189,0.0256546657383441
1721665110803094300,96.93509423828124,-0.0081646748203784,0.0551081392377614,0.0134358201563358
1721665110813138200,96.94513818359376,-0.0123141226500272,0.046831163149327,-0.0156511581182479
1721665110823181000,96.95518115234376,-0.0077935034204274,0.0297813902795314,-0.0279471605896949
1721665110833225200,96.96522509765624,-0.0148486826289445,0.0120082715712487,-0.0272264450997114
1721665110843269400,96.97526928710936,-0.0250236012931913,-0.0021849428236484,-0.0315998378783464
1721665110853313300,96.98531323242187,-0.0278702959612011,-0.0265698808871209,-0.0092231708973646
1721665110863357200,96.99535717773438,-0.0326174904882907,-0.0198093007110059,0.0281020588904619
1721665110873400300,97.005400390625,-0.026546353881061,-0.0111057697735726,0.0276209973752498
1721665110883444200,97.0154443359375,-0.0185684338044375,-0.0012723580233752,-0.0056681087642908
1721665110893488000,97.02548803710935,-0.0001554828226566,0.0108728378005325,-0.0462123005986213
1721665110903532300,97.0355322265625,0.0167265322647988,0.0086418638780713,-0.0455552979946136
1721665110913576400,97.04557641601562,0.0214564103309065,0.0078169573612511,-0.0842541542232036
1721665110923619300,97.05561938476562,0.0070312138110399,-0.0023506547793745,-0.0997673651754856
1721665110933663500,97.06566357421876,-0.0032504531633108,-0.0219356452152133,-0.0588397269815206
1721665110943707100,97.07570703125,-0.0196161892917007,-0.0313116685867309,-0.0163595986485481
1721665110953751300,97.08575122070312,-0.0320776845231652,-0.0433745929546654,-0.063721653804183
1721665110963795200,97.09579516601562,-0.0288383372757583,-0.0378140362180769,-0.0764414346456527
1721665110973838300,97.10583837890626,-0.0196025991577655,-0.0441167896240949,-0.0621902064532041
1721665110983882200,97.11588232421876,0.0256425369091331,-0.0609907675355672,0.0689075320094823
1721665110993926400,97.12592651367189,0.0909209917012602,-0.0533256397351622,0.0512888732105493
1721665111003970000,97.13596997070312,0.1042790704462677,-0.0559361144945025,-0.0535334372669458
1721665111014014200,97.14601416015626,0.0689356621254235,-0.0568270719848573,-0.1387871239215135
1721665111024057000,97.15605712890626,0.0389726316686719,-0.0554476003251969,-0.1884521953225135
1721665111034101200,97.16610131835938,0.0061276160348206,-0.0586234538823366,-0.1014788452684879
1721665111044145400,97.1761455078125,-0.0173289551373571,-0.0393295553475618,0.0175075996398925
1721665111054189300,97.18618920898436,-0.0169888364627957,-0.0048072541512548,0.0964788450241088
1721665111064233200,97.19623315429688,0.0035883798807859,0.0380827701568603,0.0791372496008872
1721665111074276000,97.20627612304688,0.0293473827764391,0.0756051299519836,0.0337204832941293
1721665111084320300,97.2163203125,0.0238894096314907,0.1123949376888573,0.0210474642038345
1721665111094364200,97.2263642578125,-0.0066015902221202,0.1571060399442911,0.0378378554850816
1721665111104408300,97.236408203125,-0.0382509663306176,0.1918894762948155,0.0401888025254011
1721665111114452500,97.24645239257812,-0.0560047227513045,0.207657246530056,0.0165559980034828
1721665111124495400,97.25649536132812,-0.046751814302802,0.1960062639638781,-0.0018938509225845
1721665111134539300,97.26653930664062,-0.0247886965587735,0.1718365760862827,-0.0148708213955163
1721665111144583200,97.27658325195311,-0.0042843993209302,0.1226705402486026,-0.0167278474390506
1721665111154627300,97.28662744140624,0.0048049891289323,0.0576866114236414,0.0051782794207334
1721665111164670200,97.29667016601564,0.0014814707294106,-0.0109273444667458,0.0042523967474699
1721665111174714400,97.30671435546876,-0.0094886899657547,-0.0660403060100972,-0.0120540104091167
1721665111184758300,97.31675830078125,-0.0075080375425517,-0.1067731522843241,-0.0098491938412189
1721665111194802200,97.32680224609376,-0.0108772217147052,-0.1344810972906649,-0.0267494752377271
1721665111204846000,97.33684619140624,-0.0092948478940874,-0.1509853651069104,-0.0097515786856412
1721665111214889200,97.34688916015624,-0.0068149407118558,-0.1642063734687864,-0.0131803840905427
1721665111224933000,97.35693310546876,-0.0045364743858575,-0.1588521529592573,-0.0242675952941179
1721665111234977300,97.36697729492188,-0.0162763773445039,-0.1390066118910908,-0.031636078235507
1721665111245021400,97.377021484375,-0.0080475512467324,-0.1009983682751655,-0.019086393263936
1721665111255065000,97.38706518554687,-0.0192572197861969,-0.065788961597532,-0.0089531217843294
1721665111265108200,97.39710815429687,-0.0231741740342229,-0.0393935604944825,-0.0067430445194244
1721665111275152100,97.40715209960938,-0.0255869342643767,0.0074656597055494,-0.0213140061855316
1721665111285196300,97.4171962890625,-0.0426556310303509,0.0560682164415717,0.1216881050825118
1721665111295240200,97.427240234375,-0.0561307602837681,0.0840960410520434,0.1077180319190025
1721665111305284400,97.43728442382812,-0.040322219646722,0.072719345382601,-0.0689741675049066
1721665111315327200,97.4473271484375,-0.0101801793612539,0.0634545273005962,-0.1785766979962587
1721665111325371400,97.45737133789062,0.0007226882513612,0.0189998840242624,-0.0643131899565458
1721665111335415300,97.46741528320312,0.0063658087048679,0.0054014206521213,0.0638069940000772
1721665111345459200,97.47745922851564,0.0176693660728633,0.0020252222172915,0.031949381968379
1721665111355503400,97.48750341796875,0.034077333907783,0.0186009478345513,-0.0367716875582933
1721665111365546200,97.49754614257812,0.0326893866807222,0.0296470963753759,-0.0493669652372598
1721665111375590400,97.50759033203126,0.0276927474372088,0.0563344661623239,-0.0177022454291582
1721665111385634300,97.51763427734376,0.010300810066238,0.0759311470359563,-0.0011222820281982
1721665111395678200,97.52767822265623,0.0108937344580888,0.0863204391032457,-0.0060439563393592
1721665111405722000,97.53772216796877,0.011326645982638,0.1009193116895854,-0.0161368958085775
1721665111415765200,97.54776513671877,0.0035158991664648,0.0837321761757135,-0.0039046062231063
1721665111425809200,97.55780908203126,0.0037106910862028,0.0831529149830341,0.0061222822725772
1721665111435853300,97.56785327148438,0.0143020085316151,0.070579264613986,0.0159533559352159
1721665111445894000,97.57789379882811,0.0227849555209279,0.0447917662762105,-0.003845569512248
1721665111455937800,97.58793774414065,0.0116773591164499,0.0141221949853003,-0.0097252752006053
1721665111465980700,97.59798071289065,0.0075598407950252,0.0011791267819702,-0.0219680861800909
1721665111476024800,97.60802490234374,0.0076052143067121,-0.0084450261317193,-0.0235614928513765
1721665111486068700,97.61806884765625,0.0008667728971689,-0.0329122356511652,-0.0147083243101835
1721665111496113000,97.62811279296876,0.0096808515369892,-0.0436269602805376,-0.0106932434499263
1721665111506156800,97.63815673828124,0.01011295934394,-0.0520871839813888,-0.0283212545990943
1721665111516200000,97.64819995117188,0.0082066873311996,-0.0608095657497644,-0.0290986687123775
1721665111526243800,97.65824389648438,0.0107138478465378,-0.0734041127763688,-0.0286918414771556
1721665111536287700,97.66828784179688,-0.007043050379306,-0.0883737183712422,-0.0215285257190465
1721665111546332000,97.67833178710936,-0.0236080354068428,-0.0833697726041078,-0.0282540345817804
1721665111556375800,97.68837573242187,-0.0113107908263802,-0.0724406745716929,-0.0174427177101373
1721665111566419000,97.6984189453125,-0.0142490362353622,-0.072858315461874,-0.0359358212560415
1721665111576462800,97.708462890625,-0.002609013454616,-0.059026335594803,-0.0337742593079805
1721665111586506800,97.7185068359375,-0.0004116495408117,-0.0474197766922414,-0.0321066183567047
1721665111596551000,97.72855102539064,0.0076115709822624,-0.0228543674953281,-0.0285036254286766
1721665111606593800,97.73859375,0.0036651714440435,0.003279606192559,-0.0268991128414869
1721665111616638000,97.74863793945312,0.0073119304485619,0.0163740655653178,-0.0158440503418445
1721665111626681900,97.75868188476562,-0.0044128480061888,0.0484651940919458,-0.0129582657724618
1721665111636726000,97.76872607421876,-0.0104129652038216,0.0513797663643956,-0.0133352823913097
1721665111646769700,97.77876977539064,-0.0087586221255362,0.0651700990468263,-0.0127653735488653
1721665111656812800,97.78881274414064,-0.0119430243153125,0.0752883190877735,-0.006055646777153
1721665111666856700,97.79885668945312,-0.0061995122272521,0.0797448601052165,-0.0162257431358099
1721665111676900900,97.80890087890624,-0.0027758944541215,0.0629334260359406,-0.0325602073431015
1721665111686944800,97.81894482421876,-0.0076926733944565,0.0572252775222063,-0.0328664968132972
1721665111696989000,97.82898901367189,-0.0136018243730068,0.0321200623601675,-0.0177355631768703
1721665111707031800,97.83903173828124,-0.0286597658384591,0.0180323541663587,0.0194014505624771
1721665111717075700,97.84907568359375,-0.0488704869572073,0.0099231358602643,0.0342447994291782
1721665111727120000,97.85911987304688,-0.0467044680297374,0.0079129650816321,0.0065606736898422
1721665111737163800,97.86916381835935,-0.0436348513260483,0.008116378699243,0.0015565817922353
1721665111747208000,97.8792080078125,-0.0321087372485548,0.0110702600687742,0.0302583601415157
1721665111757250800,97.88925073242189,-0.0139187813676893,-0.0031286534145474,0.0173579620361328
1721665111767295000,97.899294921875,-0.0092190792441368,-0.0106171094737946,-0.0276525615572929
1721665111777338600,97.90933862304688,-0.0007972147922962,-0.0162578918397426,-0.0414502007633447
1721665111787382800,97.9193828125,-0.0044043724387884,-0.0283034266814589,-0.0193225401073694
1721665111797427000,97.92942700195312,-0.0059296092446893,-0.0251939163587987,-0.0367886386930942
1721665111807469800,97.9394697265625,-0.0150862907771021,-0.0251518307827413,-0.1202308920115232
1721665111817514000,97.94951391601562,-0.005700768924877,-0.0338977395571768,-0.1127145250320434
1721665111827558000,97.95955786132812,0.0182349640663713,-0.042853930081427,0.0266384160786867
1721665111837601800,97.96960180664064,0.0606103899158537,-0.0564342732749879,0.1147007304131984
1721665111847645700,97.97964575195311,0.1018395683396607,-0.0678968936622142,-0.0143611183077096
1721665111857688800,97.98968872070311,0.1023094508737325,-0.0565790885731577,-0.1092728601455688
1721665111867732700,97.99973266601565,0.0590468669261783,-0.0463106464065611,-0.13241525080204
1721665111877777000,98.00977685546874,0.0218839880932122,-0.0552304504431784,-0.1442459738492965
1721665111887821000,98.01982104492188,-0.0079239248670637,-0.0540713435359299,-0.1124333700031042
1721665111897864000,98.02986401367188,-0.0303572904713451,-0.0329142814777791,-0.0511333903878927
1721665111907907800,98.03990795898436,-0.0223275671422481,0.0084919340133666,0.0019458733707666
1721665111917951700,98.04995166015624,0.0028942601367831,0.0413223365999758,0.0192611653089523
1721665111927996000,98.05999584960938,0.0239844675038009,0.081774904628098,0.0272504104971885
1721665111938039800,98.07003979492188,0.0145874744094908,0.1385918936103582,0.047220016336441
1721665111948083000,98.0800830078125,-0.0102726799502968,0.1527823315262794,0.0433843836963176
1721665111958126800,98.090126953125,-0.0302934314548969,0.1647401880845427,0.0226432089626789
1721665111968171000,98.1001708984375,-0.0299250365339219,0.1588213194295764,0.0009346505016088
1721665111978214700,98.11021459960938,-0.0291700534481555,0.1272805182620883,-0.0049544075369834
1721665111988258800,98.1202587890625,-0.0220600753124803,0.0786987120531499,-0.0051245034068822
1721665111998301700,98.1303017578125,-0.0104582656502723,0.0273965409696102,0.0227349788993597
1721665112008345900,98.14034594726564,-0.0065060208931565,-0.01561930167526,0.0406435605555772
1721665112018390000,98.15039013671876,0.0005237316131591,-0.0454991838932037,0.0449333667039871
1721665112028434000,98.16043383789062,0.0050656858917325,-0.0668815791398286,0.0065898997843265
1721665112038477800,98.17047778320313,0.014950754763931,-0.07494052856341,-0.0136924252659082
1721665112048520700,98.18052075195313,0.0081241966795176,-0.0828638689085841,0.0040016368567943
1721665112058564900,98.19056494140624,0.0105210286881774,-0.0888192701816558,0.0054968438506126
1721665112068608800,98.20060888671875,0.0188336606118828,-0.0981204747512936,0.0023550386935472
1721665112078653000,98.21065283203124,0.0064713879711925,-0.0892307735919952,-0.0087140523314476
1721665112088696800,98.22069677734376,0.0024288345821201,-0.0739784055329859,-0.0163707045644521
1721665112098740000,98.23073999023435,-0.0147764941755682,-0.0515678362824022,0.0015332009166479
1721665112108783900,98.24078393554689,-0.0310648542188107,-0.034109921003133,-0.0003197334736585
1721665112118827800,98.25082788085938,-0.0360131973411887,-0.0054357613131403,-0.0616191285669803
1721665112128872000,98.26087182617188,-0.035913828619942,0.0170085640765726,0.0231003050804138
1721665112138915800,98.27091577148435,-0.0496093956910073,0.0569879616349935,0.1169026243716478
1721665112148959000,98.280958984375,-0.0420552539844065,0.0608449293240904,0.0208072257071733
1721665112159003000,98.2910029296875,-0.0057144321240484,0.041283612024784,-0.0999228479981422
1721665112169046800,98.301046875,0.0147103701367974,0.018276099794358,-0.1802618746042251
1721665112179090700,98.31109057617188,0.0284303409967571,0.002534486913681,-0.1513455767214298
1721665112189134800,98.321134765625,0.0188411863312125,-0.0235090320117771,-0.0489355880826711
1721665112199177700,98.331177734375,0.0194423670947551,-0.0135661685377359,0.0002034136176109
1721665112209222000,98.34122192382812,0.0152870009809732,0.0086316347450017,-0.0125882634162902
1721665112219266000,98.35126611328126,0.0092835227824747,0.0187298349112272,-0.0122656073331832
1721665112229309700,98.36130981445312,0.0011548691235482,0.0473949345119297,-0.0209328979134559
1721665112239353900,98.37135375976564,0.0054538084264844,0.0725822749994695,-0.0266623814761638
1721665112249396700,98.38139672851564,0.0004864683426916,0.0761681706622242,-0.0293365691214799
1721665112259441000,98.39144091796877,0.0009514555059373,0.0846457838892936,-0.0037315877437591
1721665112269484800,98.40148486328124,-0.0014670768778771,0.0715289665542543,0.0218564424991607
1721665112279529000,98.41152905273438,0.0007233458384871,0.050680532053858,0.0134568629443645
1721665112289571800,98.42157177734374,0.0104004710484296,0.0359893050089478,0.01911620388031
1721665112299615700,98.43161572265625,0.0152769910436123,0.0273345816493034,0.0264168822824955
1721665112309660000,98.44165991210936,0.0088675623927265,0.0136785428710281,0.0081879826307296
1721665112319703800,98.45170385742188,0.0034776860479265,-0.000909077668935,-0.0110217447519302
1721665112329748000,98.461748046875,0.0061357993412762,-0.0255706407167017,-0.0068646250724792
1721665112339790800,98.47179077148438,0.0061797115482389,-0.0357354763783514,-0.0082779990017414
1721665112349835000,98.4818349609375,0.0090449647862464,-0.057967181930691,-0.0050192894667387
1721665112359878700,98.49187866210936,0.0160769823148846,-0.0687513185344636,-0.0096031101256608
1721665112369922800,98.5019228515625,0.0010756664074957,-0.0703819884762168,-0.030992519634962
1721665112379966700,98.511966796875,-0.0104615535859018,-0.0776826668784022,-0.0200613757759332
1721665112390009900,98.522009765625,-0.0159016257479786,-0.07437631880939,-0.0246709153980016
1721665112400053800,98.5320537109375,-0.015695874042809,-0.0676674688205122,-0.0260971488088369
1721665112410098000,98.54209790039064,-0.0161094963449984,-0.0641764118343591,-0.0321931275963783
1721665112420141800,98.55214184570312,-0.0173896723486483,-0.0489829343557357,-0.0435182392090559
1721665112430185700,98.56218579101562,-0.0122875999692827,-0.0339724122285842,-0.0151835406064987
1721665112440228900,98.57222875976562,-0.0115937724862247,-0.0062982233613729,-0.0241074362963438
1721665112450272500,98.5822724609375,-0.0055729047615081,0.0059599313177168,-0.0156628485560417
1721665112460316400,98.59231640625,-0.014778174676001,0.0215564366392791,-0.0089624741345644
1721665112470360600,98.60236059570312,-0.0053606502503156,0.0379999141789972,-0.0210872116923332
1721665112480404500,98.61240454101562,-0.0072932257480919,0.0463020247086882,-0.0303466229468584
1721665112490447600,98.62244750976562,-0.0017510814510285,0.050278527124226,-0.0420043275147676
1721665112500491300,98.6324912109375,0.0029033202260732,0.0571631720714271,-0.0497889900416135
1721665112510535400,98.64253540039064,0.0011437632076442,0.0466223427042365,-0.0453115523666143
1721665112520579600,98.65257958984375,0.0019314795192331,0.032713936600089,-0.037369068929553
1721665112530623500,98.66262353515626,-0.0176257461268454,0.0233848211102187,0.0081470660984516
1721665112540666600,98.67266650390626,-0.024075652918592,0.0215942844316363,0.0108563250571489
1721665112550710500,98.68271044921876,-0.0394865725401788,0.0285267140433192,0.0010112228691577
1721665112560754400,98.69275439453124,-0.0304478913642466,0.0286585237294435,0.0009919336467981
1721665112570798300,98.70279833984377,-0.0175566994786262,0.0329521292701363,-0.0016021744996309
1721665112580841500,98.71284155273436,-0.0157897628713399,0.0381979209691286,-0.0086953476309776
1721665112590885400,98.72288549804688,-0.0033761253695935,0.0305529591739177,-0.0238169289171695
1721665112600929500,98.73292944335938,-0.0057280953232198,0.0170589790895581,-0.0179167649626731
1721665112610973400,98.74297338867189,-0.0042482320290058,0.0105118955336511,-0.0004682020336389
1721665112621017300,98.75301733398436,-0.0180296507526189,-0.0010030395627021,-0.0515922400712966
1721665112631060500,98.763060546875,-0.0124247434176504,-0.0173629304721951,-0.1430295837968588
1721665112641104400,98.7731044921875,0.0042637949243187,-0.0225821264252066,-0.0869715964883565
1721665112651148500,98.7831484375,0.022388868875429,-0.0596104190930724,0.1263537588059902
1721665112661192400,98.7931923828125,0.0515315959252417,-0.0781400552570819,0.1671960568040609
1721665112671236600,98.80323657226562,0.0823925981350243,-0.0750125708863139,-0.0427209513515233
1721665112681279500,98.81327954101565,0.0571489243503659,-0.0533911061868071,-0.1283826342850923
1721665112691323400,98.82332348632812,0.0144220547147095,-0.0472869440928101,-0.1757739155352115
1721665112701367300,98.8333671875,-0.0064544368363916,-0.055388709744811,-0.1590098277390003
1721665112711411500,98.84341137695311,-0.0404470881354063,-0.0571622952885925,-0.096454295104742
1721665112721455600,98.85345556640624,-0.0500321511477231,-0.0546868450857698,-0.0313783040821552
1721665112731498500,98.86349853515624,-0.0300976896870881,-0.0175002931162714,0.0122580085486173
1721665112741542700,98.87354272460938,0.0036922055814415,0.0247274678908288,0.0436041639268398
1721665112751586600,98.88358666992188,0.0223246445327997,0.0608034282699227,0.0548684852629899
1721665112761630500,98.89363037109376,0.021891879138723,0.0946709188193082,0.0501437948286533
1721665112771674400,98.90367431640624,0.0036108839735388,0.1309985158719122,0.0154454064130783
1721665112781717500,98.91371752929687,-0.0176725809432566,0.152497669366002,-0.0074742814034223
1721665112791761400,98.92376147460938,-0.0252201467785984,0.1562177128024399,-0.0380921225070953
1721665112801805600,98.9338056640625,-0.0199570386186242,0.1301905604898929,-0.0143307231694459
1721665112811849500,98.94384936523436,-0.0303461845554411,0.0829552004538476,0.0265536604046821
1721665112821892600,98.953892578125,-0.0212125185724347,0.0242633575104176,0.0460030417621135
1721665112831936300,98.96393627929687,-0.014591712193191,-0.0099297117315232,0.0513069933891296
1721665112841980400,98.97398046875,-0.0040023675091564,-0.0313505392923951,0.0328512992441654
1721665112852024600,98.98402465820313,-0.0022214754417538,-0.0559507275417447,0.004020926079154
1721665112862068500,98.994068359375,-0.0012630056731402,-0.0607883768312633,0.0018190321207046
1721665112872111600,99.00411157226564,-0.0059852118894457,-0.0657411769330501,0.0086252050042152
1721665112882155500,99.01415551757812,-0.0050636400651186,-0.0667743193730711,0.0036737200766801
1721665112892199400,99.02419946289062,-0.0036441286560147,-0.0626889497555792,-0.0044102176576852
1721665112902243300,99.03424340820312,0.0021223989814519,-0.0473185082748532,-0.0273152924269437
1721665112912287500,99.04428759765624,-0.0012974924646317,-0.0351974239788949,-0.0198725752055645
1721665112922330400,99.05433032226564,-0.0023530659321695,-0.0147585931926965,-0.0209486800044775
1721665112932374500,99.06437451171875,0.0029854455515742,0.0031682547725737,-0.0139092828869819
1721665112942418700,99.07441870117188,0.0061702861327677,0.0183640703387558,-0.0488432336241006
1721665112952462300,99.08446240234376,0.0137825147021561,0.0392664269834756,-0.0888210237473249
1721665112962506500,99.09450659179689,-0.0091624536860734,0.0597651712633669,0.072360302811861
1721665112972549400,99.10454931640623,-0.0338784503348171,0.0662763067230582,0.0803419492155313
1721665112982593500,99.11459350585938,-0.0026490532040596,0.0547147560060024,-0.0578384409844875
1721665112992637400,99.12463745117188,0.0340365635059773,0.0138832716628909,-0.2087175692379474
1721665113002681600,99.134681640625,0.0342571474540978,-0.0188530228994786,-0.1390162565022707
1721665113012725200,99.14472534179689,0.005344502833113,-0.0449766213238239,0.0066676411956548
1721665113022768400,99.15476831054688,-0.0067592650018632,-0.0416901469990611,0.0038636896908283
1721665113032812300,99.16481225585936,-0.0098296123579144,-0.0198285899333655,-0.0500298130601644
1721665113042856400,99.1748564453125,-0.0127677847016602,-0.0017896598957479,-0.0427238739609718
1721665113052900600,99.18490063476564,-0.0053033671051263,0.0312608151823282,-0.0242938987791538
1721665113062943500,99.19494360351564,-0.0045564942605793,0.0517163048423826,-0.0038993455260992
1721665113072987600,99.20498754882811,0.0023678251098841,0.0662757222011685,-0.0030950434058904
1721665113083031300,99.21503125,0.0018484774108976,0.0758686031937599,0.003550970479846
1721665113093075500,99.22507543945312,0.0003222907569259,0.0657997752524912,0.0088975922048091
1721665113103119400,99.23511938476562,-0.0026057255189865,0.0557889611087739,0.0351736047118902
1721665113113162500,99.24516259765625,-0.0120884972006082,0.0416143052838742,0.0410492187470197
1721665113123206400,99.25520629882811,-0.012478665561974,0.0238825414992868,0.0359837520509958
1721665113133250600,99.26525048828124,-0.0051309331476688,0.0218199098810553,0.0171866971224546
1721665113143294500,99.27529443359376,-0.006127396839112,0.0089466920435428,-0.0121381815612316
1721665113153338400,99.28533837890625,-0.0046112201225012,-0.0066575581930577,-0.0250806652426719
1721665113163381500,99.29538159179688,0.0087280077915638,-0.0230859842941164,-0.0179886611551046
1721665113173425400,99.30542529296876,-0.0004543927039951,-0.0327713658757507,-0.0218336461454629
1721665113183469600,99.31546948242188,-0.0054246553972363,-0.0408797073990106,-0.0158732764363288
1721665113193513500,99.32551342773438,-0.0080435326587408,-0.0514766508676111,-0.0269967279970645
1721665113203557400,99.33555737304688,-0.0033124855488538,-0.0527624528944492,-0.0330716639965772
1721665113213600500,99.3456005859375,-0.0091958444990217,-0.0548293222963809,-0.0387123002320528
1721665113223644400,99.35564453125,-0.0059611003614962,-0.045320466325432,-0.039735798060894
1721665113233688300,99.36568823242187,-0.0075554568808525,-0.0423791521765291,-0.020388123512268
1721665113243732500,99.375732421875,-0.0017723434347659,-0.0373196768298745,-0.033387305817008
1721665113253775400,99.385775390625,0.0007082213345915,-0.0136067928090691,-0.0417564902335405
1721665113263819500,99.39581958007813,0.0064829322785139,0.0026204116314649,-0.0371948814064264
1721665113273863700,99.40586376953124,0.0066341042522341,0.0157147248737514,-0.0363186830937862
1721665113283907300,99.4159072265625,0.0016958441324532,0.0232451203785836,-0.0211281282246112
1721665113293951500,99.42595141601562,0.0012849252440035,0.0384169705472886,-0.0338905791640281
1721665113303994400,99.43599438476562,-0.001723170530796,0.0437805434070527,-0.0461257913589477
1721665113314038500,99.44603857421876,0.0126337099932134,0.0493462147101759,-0.0630260727554559
1721665113324082400,99.45608251953124,0.0096321900896728,0.0382123878858983,-0.0563029019802808
1721665113334126600,99.46612670898438,-0.0090657153133302,0.0277704888485372,-0.0380517904967069
1721665113344170500,99.47617041015624,-0.0172874540831893,0.0261623229995369,-0.0024421324551105
1721665113354213400,99.48621337890626,-0.0144230776280164,0.0204097508221864,-0.0023339959055185
1721665113364257500,99.49625756835935,-0.0052595279633998,0.0246660930924117,0.0091331545263528
1721665113374301400,99.50630151367189,-0.0123495592895895,0.0265277953110635,0.0171539638966321
1721665113384345600,99.516345703125,-0.01236015374884,0.029539690478146,-0.0151204122424125
1721665113394389500,99.52638940429688,-0.0129855921708047,0.0277219735316932,-0.034377485898137
1721665113404432600,99.5364326171875,-0.0311728446379303,0.0211338273130357,-0.0427080918699502
1721665113414476300,99.54647631835938,-0.043238253223896,0.0293953135713934,-0.0292915609359741
1721665113424520400,99.5565205078125,-0.0348397696476429,0.0193676944233477,-0.0552934326767921
1721665113434564400,99.566564453125,-0.023710692063719,0.0055823301769793,-0.1097334633946418
1721665113444608500,99.5766083984375,-0.0221956843908876,-0.0106581721365451,-0.0555740031838417
1721665113454651100,99.58665112304688,-0.0033368893377482,-0.0476562157966196,0.1178822830587625
1721665113464695300,99.5966953125,0.0466939466357231,-0.0667744655035436,0.181392339938879
1721665113474739200,99.6067392578125,0.0835561620216816,-0.0765786511592566,-0.0307797536671161
1721665113484783000,99.616783203125,0.0610766191881149,-0.0590428483381867,-0.0622533348172903
1721665113494826200,99.626826171875,0.0147658266510814,-0.0472980500087142,-0.1001665936261415
1721665113504870100,99.6368701171875,-0.0062673898316919,-0.0631990912348031,-0.1924129156470298
1721665113514914300,99.64691430664062,-0.0296285378053784,-0.0657300710171461,-0.1701420471280813
1721665113524958200,99.65695825195311,-0.0614716098550707,-0.0463217523224651,-0.0419692562013864
1721665113535002000,99.66700219726565,-0.052650809213519,-0.0129617729038,0.0318488442033529
1721665113545045200,99.67704516601565,0.0028751170448958,0.0285682150974869,0.0464455248326063
1721665113555089200,99.68708911132812,0.0380957027036696,0.0697794925384223,0.0399094010621309
1721665113565133300,99.69713330078125,0.0397205274265259,0.1044815342158079,0.0077367317318916
1721665113575177200,99.70717724609376,0.0253791367325931,0.1327282622739672,-0.0186152686208486
1721665113585221400,99.71722143554688,0.0012562836714088,0.1438512754432857,-0.0189759186267852
1721665113595264300,99.72726416015624,-0.021506167756766,0.1402690330423414,-0.0023760814815759
1721665113605308400,99.73730834960938,-0.0180424371689558,0.1149804241374135,0.0073310735404491
1721665113615352000,99.74735205078125,-0.0149578420918434,0.0652927025131881,0.0065425535112619
1721665113625396200,99.75739624023436,-0.0141663994532078,0.0251855869218707,0.0158837978303432
1721665113635440000,99.76744018554687,-0.0249540431883186,-0.0082991879202425,-0.0056821372896432
1721665113645483300,99.77748315429687,-0.0208361595407128,-0.0602606996953487,-0.0075958619564771
1721665113655527200,99.78752709960938,-0.0275667829699814,-0.0842711053580045,0.000139700731635
1721665113665571300,99.7975712890625,-0.017401728112623,-0.1047160736240446,0.0011176058530807
1721665113675615200,99.807615234375,-0.0052361470878124,-0.1148567977577447,0.011163783571124
1721665113685658000,99.817658203125,0.0091095544550567,-0.1055222754403948,0.0029442367583513
1721665113695702300,99.82770239257812,0.0212303464900702,-0.0827285520911216,0.0020937574088573
1721665113705746200,99.83774609375,0.0257242238432168,-0.0510476118005812,0.0140817168444395
1721665113715790300,99.84779028320312,0.0179748518254607,-0.0231711783595383,0.024093992292881
1721665113725834200,99.85783422851564,0.0018878595732152,0.0126727268293499,0.0215764565140008
1721665113735877400,99.86787744140624,-0.0082546181261539,0.045817456062138,0.0292377849221229
1721665113745921000,99.87792114257812,-0.0042252895448356,0.0679065382733941,-0.0002408230185508
1721665113755965200,99.88796508789062,-0.0018832564633339,0.0863064105778932,-0.0644873774796724
1721665113766009300,99.89800927734376,-0.009192483498156,0.0833347012907266,0.0470294622004032
1721665113776053200,99.90805322265624,-0.0289943315550684,0.0759827310927212,0.0393242946505546
1721665113786096400,99.91809643554689,-0.0066265054676681,0.0436351435869932,-0.1034235495954751
1721665113796140300,99.92814038085938,0.0213867060955613,-0.0230982592537999,-0.1258995852977037
1721665113806184200,99.93818408203126,0.00924794001244,-0.0566866406008601,-0.0395645331472158
1721665113816228000,99.94822802734376,-0.0110196989253163,-0.0723233318023383,-0.0230991360366344
1721665113826272300,99.95827221679689,-0.0138383365426212,-0.0675838821902871,-0.0759194565981626
1721665113836315100,99.96831518554689,-0.0132571025885641,-0.0402193437941372,-0.0837315916538238
1721665113846359300,99.978359375,-0.00574409660995,-0.0048437867693603,-0.0710071346372366
1721665113856403200,99.9884033203125,-0.0092221479840576,0.0311542860679328,-0.0151180741548538
1721665113866447000,99.99844702148438,-0.0067464785855263,0.070868310688436,0.0010842881053686
1721665113876490200,100.008490234375,0.0016289894413203,0.1067781207203865,-0.006320435193181
1721665113886534100,100.0185341796875,0.003733633570373,0.1188745089665055,0.0001145662903785
1721665113896578300,100.02857836914062,0.007210077509284,0.110057580782473,0.0221884509325027
1721665113906622200,100.03862231445312,0.0125561147123575,0.0782657274633645,0.0164554602384567
1721665113916666400,100.04866625976562,0.0080232935883104,0.0546330690719187,0.0259276374608278
1721665113926709200,100.05870922851562,-0.0030373218692839,0.0357670405603945,0.0214472771763801
1721665113936753200,100.06875317382811,-0.0018790186796337,0.0113537531852722,0.0272837282449007
1721665113946797000,100.07879711914065,-0.0057815790761262,-0.0023347265578806,-0.006370704075694
1721665113956841200,100.08884130859374,0.0028132307898253,-0.0395503584913909,-0.0429904159426689
1721665113966885400,100.09888549804688,-0.0014303981292992,-0.0566322800651192,-0.0232037654548883
1721665113976928300,100.10892822265625,0.0021655074708163,-0.0638106472618877,-0.0036187750190496
1721665113986972400,100.11897241210936,-0.0093690091088414,-0.0696624420300126,-0.0266793326109647
1721665113997016000,100.12901611328124,-0.0185147308558225,-0.0843456318989396,-0.0364922860950231
1721665114007060200,100.13906030273438,-0.0152274528134614,-0.0747068659380078,-0.0380891998976469
1721665114017104100,100.14910424804688,-0.0077386314280331,-0.0608361614957451,-0.0299573313683271
1721665114027147300,100.15914721679688,-0.0092052699144929,-0.0524456420302391,-0.0297679462760686
1721665114037191200,100.16919116210936,0.0052076516456902,-0.0316609204158186,-0.0299830503314733
1721665114047235300,100.1792353515625,0.0057618514623492,-0.0061840954624116,-0.015369418567419
1721665114057279200,100.189279296875,0.0053390960056334,0.0093289693593978,-0.0133019646435976
1721665114067322400,100.199322265625,0.0054473056204617,0.0206540809720754,-0.0193225401073694
1721665114077366000,100.20936596679688,0.004123874996975,0.0404395624160766,-0.0242582429438829
1721665114087410200,100.21941015625,-1.16173725575e-05,0.0379097516775131,-0.0173772512584924
1721665114097454300,100.22945434570312,-0.0035185295149683,0.0556650424681603,-0.0172077399104833
1721665114107498200,100.23949829101562,-0.007432926479727,0.0538335892572999,-0.023528759625554
1721665114117541400,100.24954125976562,-0.0099849490500986,0.0530669887989759,-0.0265600901454687
1721665114127585300,100.25958520507812,-0.0030251199748367,0.0454283106140792,-0.037965865778923
1721665114137629200,100.26962915039064,-0.0071119508970528,0.0437692913606762,-0.0462502945214509
1721665114147673000,100.27967309570312,-0.0084184303857386,0.0218256089694798,-0.0361550169646739
1721665114157717200,100.28971728515624,-0.0216699800163507,0.0108003570862114,-0.0206125799179077
1721665114167760100,100.29976000976562,-0.0238376794442534,0.015469225680083,0.0005909516304731
1721665114177804300,100.30980419921876,-0.0189029995210468,0.0119962888725101,0.0008498948276042
1721665114187848400,100.31984838867189,-0.009595876667276,0.003598462883383,0.0186684601128101
1721665114197892000,100.32989208984375,-0.005125453254953,0.0067449442155659,0.0205699098199605
1721665114207935200,100.33993530273438,-0.0022688217148184,0.0173690679520368,0.0018073416829109
1721665114217979100,100.34997924804688,0.0015426993973553,0.0190900465257465,-0.0480371779382228
1721665114228023300,100.36002319335938,-0.0155837189052253,0.0155722476631402,-0.0777700529009103
1721665114238067200,100.37006713867189,-0.0239798643939197,0.0275324423089623,-0.073046531510353
1721665114248111400,100.380111328125,-0.0242174725420773,0.0264845406912267,-0.0676665920376777
1721665114258154200,100.390154296875,-0.0187292503893375,0.0177802791014313,-0.1100865146160125
1721665114268198100,100.4001982421875,-0.0086016779981553,0.0104294779472053,-0.0278583132624626
1721665114278242000,100.41024194335938,-0.0035261282995343,-0.0309340674459934,0.0511783985733985
1721665114288286200,100.4202861328125,0.0359048415958881,-0.0511015339449048,0.1082932014584541
1721665114298330400,100.43033032226562,0.0706889355335384,-0.0438055317178368,0.0262660756349563
1721665114308373200,100.44037329101562,0.0567567101623862,-0.0639972558751702,-0.046994390887022
1721665114318417400,100.45041748046874,0.0241642079848796,-0.0526681987397372,-0.0577624531388282
1721665114328461000,100.4604609375,-0.0094037150960415,-0.0528372716963291,-0.1355979724913835
1721665114338505200,100.47050512695311,-0.0227672737337648,-0.0636789837062358,-0.1849696139037609
1721665114348549000,100.48054907226565,-0.0402794764835387,-0.0581489682383835,-0.1123462762415409
