time,seconds_elapsed,x,y,z
1732511451688012300,0.02401220703125,0.3902548706054687,-0.263661457824707,9.689184481048583
1732511451697946400,0.0339462890625,0.3669114044189452,-0.2231096672058105,9.676016371917724
1732511451707880200,0.043880126953125,0.3345896820068359,-0.2223614791870117,9.739163440704344
1732511451717814300,0.053814208984375,0.3208230224609374,-0.2714426132202148,9.809942027282714
1732511451727748000,0.063748046875,0.3088520141601562,-0.3268085266113281,9.8319387550354
1732511451737682400,0.073682373046875,0.3164835319519042,-0.4082113830566406,9.87608184814453
1732511451747616300,0.0836162109375,0.3476081535339355,-0.4650736724853515,9.87623148574829
1732511451757550300,0.09355029296875,0.3966892875671386,-0.4996399589538574,9.820117384338378
1732511451767484200,0.103484130859375,0.4447229583740234,-0.4634276588439941,9.731681560516355
1732511451777417200,0.113417236328125,0.4483142608642578,-0.4329015876770019,9.661501524353026
1732511451787351000,0.12335107421875,0.4352957893371582,-0.3922001594543456,9.58952583694458
1732511451797285400,0.133285400390625,0.390703783416748,-0.3800795135498047,9.61556277999878
1732511451807219200,0.14321923828125,0.3091512893676758,-0.3742436470031738,9.674071083068847
1732511451817153300,0.1531533203125,0.2510918991088867,-0.3805284263610839,9.71013374557495
1732511451827087000,0.163087158203125,0.2246060432434082,-0.4095581214904785,9.738714527893066
1732511451837021400,0.173021484375,0.2371756019592285,-0.4412812934875488,9.782259070587155
1732511451846955300,0.182955322265625,0.2733879020690918,-0.4957493812561034,9.792284790039062
1732511451856889300,0.192889404296875,0.3073556381225585,-0.4762964927673339,9.772682263946532
1732511451866823200,0.2028232421875,0.3060088996887207,-0.4324526748657226,9.718363813781735
1732511451876757200,0.21275732421875,0.31917700881958,-0.3497030799865722,9.706841718292235
1732511451886691300,0.22269140625,0.2672527603149414,-0.2928407905578613,9.739313078308104
1732511451896625400,0.23262548828125,0.1102829139709472,-0.2081459068298339,9.836128607940672
1732511451906559200,0.242559326171875,-0.0435445426940917,-0.0499789596557617,9.893589447784423
1732511451916492300,0.2524921875,-0.0905307502746581,0.1023521209716796,9.81188731613159
1732511451926426000,0.262426025390625,0.0387561393737792,0.1019032081604003,9.696367086029053
1732511451936360400,0.2723603515625,0.2235585800170898,-0.0784101043701171,9.674669633483886
1732511451946294300,0.282294189453125,0.3371335212707519,-0.2837128967285156,9.77926631851196
1732511451956228400,0.292228271484375,0.3314472923278808,-0.3993827644348144,9.911097047424317
1732511451966162200,0.302162109375,0.3426701126098632,-0.4661211357116699,10.012401705169678
1732511451976096300,0.31209619140625,0.304512523651123,-0.493504817199707,9.987262587738035
1732511451986030300,0.3220302734375,0.3274070770263672,-0.4809352584838867,9.813084416961669
1732511451995964400,0.33196435546875,0.4441244079589843,-0.4399345550537109,9.69696563644409
1732511452005898200,0.341898193359375,0.6063315704345703,-0.4192845657348633,9.69112976989746
1732511452015832000,0.35183203125,0.7140706451416016,-0.4358943397521972,9.479991110992431
1732511452025766100,0.36176611328125,0.7686883705139159,-0.4852747489929199,9.307010041046142
1732511452035700200,0.3717001953125,0.7728782234191894,-0.5617395645141601,9.781959795379638
1732511452045634300,0.38163427734375,0.7537246101379395,-0.5576993492126464,10.261548315429687
1732511452055568100,0.391568115234375,0.6296750366210937,-0.493504817199707,10.031854593658446
1732511452065501200,0.401501220703125,0.479438882446289,-0.3497030799865722,9.553612812042235
1732511452075435300,0.411435302734375,0.4649240348815918,-0.1948281600952148,9.368960009002684
1732511452085369300,0.421369384765625,0.5141548065185546,-0.1216553718566894,9.504382040405272
1732511452095303400,0.431303466796875,0.6528688652038573,-0.1212064590454101,9.872939458465575
1732511452105237200,0.4412373046875,0.7339724464416504,-0.1535281814575195,10.154557428741455
1732511452115171000,0.451171142578125,0.7378630241394043,-0.1877951927185058,10.158298368835448
1732511452125105200,0.461105224609375,0.6887818901062012,-0.165349552154541,9.925761532592771
1732511452135039200,0.471039306640625,0.6444891593933105,-0.1282394264221191,9.616460605621338
1732511452144973300,0.480973388671875,0.6552630668640136,-0.0908300254821777,9.403227020263673
1732511452154907100,0.4909072265625,0.6827963859558105,-0.079158292388916,9.454103805541992
1732511452164841200,0.50084130859375,0.7562684494018554,-0.1252466743469238,9.71596961212158
1732511452174775300,0.510775390625,0.7776666267395019,-0.1767220100402832,10.129717586517334
1732511452184709400,0.52070947265625,0.6621463966369628,-0.2096422828674316,10.379462747192385
1732511452194643200,0.530643310546875,0.4279635467529296,-0.2088940948486328,10.212766456604005
1732511452204577300,0.540577392578125,0.1500865165710449,-0.2057517051696777,9.866953954315186
1732511452214511000,0.550510986328125,-0.0806546684265136,-0.2455553077697753,9.605836335754391
1732511452224445400,0.560445556640625,-0.1919850456237793,-0.2862567359924316,9.604040684509275
1732511452234378200,0.570378173828125,-0.2005143890380859,-0.2976291938781738,9.708787007141114
1732511452244312300,0.580312255859375,-0.1444002876281738,-0.271292975616455,9.929053559875488
1732511452254246100,0.59024609375,-0.091877488708496,-0.2225111167907714,10.095749850463866
1732511452264180200,0.60018017578125,-0.0757166275024414,-0.1022024833679199,10.001927072906494
1732511452274114000,0.610114013671875,-0.0514753356933593,0.0215478149414062,9.756970315551758
1732511452284048400,0.62004833984375,-0.0270844062805175,0.1122282028198242,9.619752632904053
1732511452293982200,0.629982177734375,0.0058358665466308,0.1759738220214843,9.498097261047365
1732511452303916300,0.639916259765625,0.0643441696166992,0.211288296508789,9.488969367218017
1732511452313850000,0.64985009765625,0.1381155082702636,0.2171241630554199,9.69786346206665
1732511452323784400,0.659784423828125,0.1827075141906738,0.1675941162109374,9.8825162651062
1732511452333718300,0.66971826171875,0.1807622253417968,0.0915782135009765,9.9461122467041
1732511452343652400,0.67965234375,0.1457470260620117,0.0612017799377441,9.897629663085937
1732511452353586200,0.689586181640625,0.1246481239318847,0.0410007034301757,9.703400053405762
1732511452363520300,0.699520263671875,0.1382651458740234,0.0613514175415039,9.545532381439209
1732511452373454300,0.709454345703125,0.1496376037597656,0.0552162757873535,9.542240354156494
1732511452383388200,0.71938818359375,0.1420060859680175,0.0393546897888183,9.714772511291503
1732511452393321200,0.7293212890625,0.1177647941589355,0.0215478149414062,10.03005894241333
1732511452403255300,0.73925537109375,0.1212064590454101,0.053570262145996,10.235960285186769
1732511452413189000,0.749189208984375,0.0872387229919433,0.1013046577453613,10.28444286880493
1732511452423123500,0.75912353515625,0.0992097312927246,0.1460463012695312,10.198550884246826
1732511452433057300,0.769057373046875,0.172981069946289,0.2066495307922363,10.04936219329834
1732511452442991400,0.778991455078125,0.2913444145202636,0.2506429862976074,10.008211852264404
1732511452452925200,0.78892529296875,0.4905120651245117,0.2554313896179199,10.109666147613526
1732511452462859300,0.798859375,0.7023989120483398,0.2271498825073242,10.159645107269286
1732511452472793300,0.80879345703125,0.8277952239990234,0.201112939453125,10.045920528411864
1732511452482727200,0.81872705078125,0.8910919303894043,0.1173158813476562,9.90810429534912
1732511452492661200,0.8286611328125,0.9894038360595704,0.1273416007995605,9.769689511871338
1732511452502595000,0.838594970703125,1.0046668716430665,0.1565209335327148,9.623044660186768
1732511452512529200,0.848529052734375,0.9074024291992188,0.1967734489440918,9.373299499511718
1732511452522463200,0.858463134765625,0.7812579292297362,0.2388216156005859,9.239972394561766
1732511452532397300,0.868397216796875,0.5430348640441894,0.2491466102600097,9.322422714233396
1732511452542331100,0.8783310546875,0.2117372093200683,0.1837549774169921,9.54478419342041
1732511452552264200,0.88826416015625,-0.0585083030700683,0.0688332977294921,9.688137017822266
1732511452562198300,0.8981982421875,-0.3296516410827637,-0.1285387016296386,9.778518130493165
1732511452572132400,0.90813232421875,-0.5566518859863281,-0.3470096031188964,9.847052153015136
1732511452582066200,0.918066162109375,-0.4854243865966796,-0.277727392578125,9.728239895629882
1732511452592000300,0.928000244140625,0.1475426773071289,0.0038905776977539,9.4749034324646
1732511452601934000,0.93793408203125,0.6872855140686035,0.2807201446533203,9.591022212982176
1732511452611868200,0.9478681640625,1.0335469291687012,0.615459464263916,9.86351228942871
1732511452621802200,0.95780224609375,1.1634323692321775,0.7924807495117187,10.207678778076172
1732511452631735800,0.96773583984375,1.0155904167175291,0.835726016998291,10.43856960067749
1732511452641669600,0.977669677734375,0.6844423995971679,0.7627028663635254,10.331429076385495
1732511452651603700,0.987603759765625,0.2899976760864257,0.6108206985473632,10.111611436462402
1732511452661537500,0.99753759765625,-0.0237923789978027,0.3815758895874023,9.958382530212402
1732511452671471600,1.0074716796875,-0.1577180343627929,0.1426046363830566,9.932644862365722
1732511452681405700,1.01740576171875,-0.132130004119873,-0.1048959602355956,9.92725790863037
1732511452691339800,1.02733984375,-0.0972644424438476,-0.3398269981384277,9.815328981018066
1732511452701273600,1.037273681640625,-0.0525227989196777,-0.496048656463623,9.611372927093504
1732511452711207700,1.047207763671875,0.000598550415039,-0.5823895538330078,9.42253027114868
1732511452721140700,1.057140625,0.0845452461242675,-0.5984007774353027,9.36521906890869
1732511452731074800,1.06707470703125,0.1916857704162597,-0.5256769020080566,9.373299499511718
1732511452741008600,1.077008544921875,0.2997241203308105,-0.4191349281311035,9.392752388000488
1732511452750942700,1.086942626953125,0.3924994346618652,-0.294935717010498,9.387066159057616
1732511452760876500,1.09687646484375,0.4683656997680663,-0.1457470260620117,9.182361917114257
1732511452770810600,1.106810546875,0.4480149856567382,-0.0170586868286132,9.000552228546143
1732511452780744700,1.11674462890625,0.4167407264709472,0.0395043273925781,9.36596725692749
1732511452790678800,1.1266787109375,0.4697124382019043,0.0378583137512207,9.974244116210937
1732511452800612600,1.136612548828125,0.5128080680847168,-0.0007481880187988,10.233266808319092
1732511452810546700,1.146546630859375,0.5135562561035156,-0.0667383712768554,9.951199925231933
1732511452820480500,1.15648046875,0.4465186096191406,-0.0863408973693847,9.687837742614745
1732511452830414800,1.166414794921875,0.395192911529541,-0.1116296524047851,9.777919580078123
1732511452840348700,1.1763486328125,0.3550900337219238,-0.1170166061401367,10.028263291168212
1732511452850282800,1.18628271484375,0.3036146980285644,-0.0965162544250488,10.127323384857178
1732511452860216600,1.196216552734375,0.2651578338623047,-0.0620996055603027,10.062380664825438
1732511452870151000,1.20615087890625,0.2442085693359375,-0.01915361328125,9.93294413757324
1732511452880083700,1.216083740234375,0.2534861007690429,0.0511760604858398,9.832836580657958
1732511452890017800,1.226017822265625,0.2747346405029297,0.1010053825378417,9.766098209381102
1732511452899951600,1.23595166015625,0.2941875289916992,0.1304839904785156,9.78719711151123
1732511452909885700,1.2458857421875,0.3116951286315917,0.1439513748168945,9.811737678527832
1732511452919819500,1.255819580078125,0.3188777336120605,0.1358709442138671,9.848847804260254
1732511452929753900,1.26575390625,0.3042132484436035,0.125097036743164,9.836727158355712
1732511452939687700,1.275687744140625,0.2696469619750976,0.0794575675964355,9.806949275207518
1732511452949621800,1.285621826171875,0.2413654548645019,0.0134673843383789,9.762506906890868
1732511452959555600,1.2955556640625,0.2084451820373535,-0.0519242485046386,9.725696056365964
1732511452969490000,1.305489990234375,0.1804629501342773,-0.1108814643859863,9.698910925292967
1732511452979423700,1.315423828125,0.1693897674560547,-0.1746270835876464,9.707889181518556
1732511452989357800,1.32535791015625,0.1740285331726074,-0.1994669258117675,9.74335329360962
1732511452999291600,1.335291748046875,0.1725321571350097,-0.2000654762268066,9.776423204040526
1732511453009225700,1.345225830078125,0.1779191108703613,-0.1599625984191894,9.80605144958496
1732511453019159800,1.355159912109375,0.1640028137207031,-0.1123778404235839,9.84465795135498
1732511453029093600,1.36509375,0.1460463012695312,-0.0647930824279785,9.854534033203125
1732511453039027700,1.37502783203125,0.1598129608154296,-0.0184054252624511,9.7683427734375
1732511453048960800,1.384960693359375,0.1758241844177246,0.0243909294128417,9.846303964996338
1732511453058894600,1.39489453125,0.2091933700561523,0.0447416435241699,10.014346994018554
1732511453068828700,1.40482861328125,0.208744457244873,0.0366612129211425,9.90166987838745
1732511453078762800,1.4147626953125,0.1816600509643554,0.0495300468444824,9.676016371917724
1732511453088696800,1.42469677734375,0.2160766998291015,0.0767640907287597,9.585485621643066
1732511453098630700,1.434630615234375,0.2358288635253906,0.0811035812377929,9.68514426574707
1732511453108564700,1.444564697265625,0.2506429862976074,0.0929249519348144,9.875932210540771
1732511453118498800,1.454498779296875,0.2108393836975097,0.1209071838378906,10.05519805984497
1732511453128432600,1.4644326171875,0.1500865165710449,0.107888712310791,10.057442623901366
1732511453138366700,1.47436669921875,0.091278938293457,0.1036988594055175,9.918728565216064
1732511453148300500,1.484300537109375,0.0956184288024902,0.0619499679565429,9.783306533813477
1732511453158234600,1.494234619140625,0.1120785652160644,0.0384568641662597,9.731831198120116
1732511453168168700,1.504168701171875,0.1298854400634765,0.0218470901489257,9.797073193359374
1732511453178102800,1.514102783203125,0.1705868682861328,0.0290296951293945,9.817274269866942
1732511453188036600,1.52403662109375,0.1943792472839355,0.0068833297729492,9.732280110931397
1732511453197970700,1.533970703125,0.2439092941284179,-0.0571615646362304,9.612270752716064
1732511453207903700,1.54390380859375,0.2905962265014648,-0.1337760177612304,9.5515178855896
1732511453217837800,1.553837890625,0.3625719139099121,-0.220865103149414,9.592817864227294
1732511453227771600,1.563771728515625,0.4156932632446289,-0.2841618095397949,9.694571434783937
1732511453237705700,1.573705810546875,0.4188356529235839,-0.2868552864074707,9.777470667266844
1732511453247639600,1.5836396484375,0.39579146194458,-0.2697965995788574,9.77417863998413
1732511453257573600,1.59357373046875,0.3218704856872558,-0.1934814216613769,9.693972884368897
1732511453267507700,1.6035078125,0.2267009696960449,-0.1005564697265625,9.630825815582275
1732511453277441800,1.61344189453125,0.165349552154541,-0.0404021530151367,9.6779616607666
1732511453287375600,1.623375732421875,0.1273416007995605,-0.0308253463745117,9.78091233215332
1732511453297309700,1.633309814453125,0.1191115325927734,-0.0260369430541992,9.929652110290526
1732511453307243500,1.643243408203125,0.1601122360229492,-0.0142155723571777,10.021529598999022
1732511453317177900,1.653177734375,0.1719336067199706,0.0323217224121093,9.989956064605712
1732511453327111700,1.663111572265625,0.1421557235717773,0.0942716903686523,9.849296717071532
1732511453337045800,1.673045654296875,0.0840963333129882,0.1578676719665527,9.697264911651612
1732511453346979600,1.6829794921875,0.0210989021301269,0.1696890426635742,9.62798270111084
1732511453356914000,1.692913818359375,-0.0375590385437011,0.1312321784973144,9.726144969177245
1732511453366846700,1.7028466796875,-0.0784101043701171,0.0664390960693359,9.879822788238524
1732511453376780800,1.71278076171875,-0.0980126304626464,0.0079307929992675,9.978134693908691
1732511453386714600,1.722714599609375,-0.1340752929687499,-0.048482583618164,9.930849211120606
1732511453396648700,1.732648681640625,-0.1280897888183593,-0.1072901618957519,9.706243167877195
1732511453406582500,1.74258251953125,-0.1300350776672363,-0.1167173309326171,9.447819026184082
1732511453416516900,1.752516845703125,-0.1454477508544921,-0.1354220314025878,9.16141265258789
1732511453426450700,1.76245068359375,-0.2373252395629882,-0.1928828712463378,9.160365189361572
1732511453436384800,1.772384765625,-0.2744353652954101,-0.2736871772766113,9.67990694961548
1732511453446318600,1.782318603515625,-0.1649006393432617,-0.3743932846069335,10.338013130950928
1732511453456253000,1.7922529296875,-0.0935235023498535,-0.4086602958679199,10.414627584075928
1732511453466186800,1.802186767578125,-0.0722749626159667,-0.3607762626647949,9.935039064025878
1732511453476120800,1.812120849609375,-0.0972644424438476,-0.2439092941284179,9.645939213562013
1732511453486054700,1.8220546875,-0.0643441696166992,-0.1036988594055175,9.637709145355224
1732511453495988500,1.831988525390625,0.0149637603759765,0.0080804306030273,9.724050042724608
1732511453505922800,1.8419228515625,0.038905776977539,0.0595557662963867,9.699060562896728
1732511453515856600,1.851856689453125,0.0637456192016601,0.0828992324829101,9.644143562316891
1732511453525789700,1.861789794921875,0.0957680664062499,0.0716764122009277,9.749787710571288
1732511453535723800,1.871723876953125,0.1629553504943847,0.0959177040100097,9.974543391418456
1732511453545657600,1.88165771484375,0.2231096672058105,0.0927753143310546,10.128520485687256
1732511453555591700,1.891591796875,0.2401683540344238,0.0993593688964843,10.161440758514404
1732511453565525800,1.90152587890625,0.2079962692260742,0.1376665954589843,10.05489878463745
1732511453575459800,1.9114599609375,0.1722328819274902,0.1735796203613281,9.935637614440918
1732511453585393700,1.9213935546875,0.1470937644958496,0.2044049667358398,9.861267725372311
1732511453595327500,1.931327392578125,0.0975637176513671,0.151283617401123,9.788394212341307
1732511453605261800,1.94126171875,0.1153705924987792,0.2172738006591796,9.746495683288574
1732511453615195600,1.951195556640625,0.1764227348327636,0.3618237258911133,9.734225399780271
1732511453625129700,1.961129638671875,0.1880944679260253,0.4017769660949706,9.732579386138916
1732511453635064300,1.971064208984375,0.1719336067199706,0.3978863883972168,9.71596961212158
1732511453644998400,1.980998291015625,0.1852513534545898,0.3345896820068359,9.711031571197507
1732511453654932200,1.99093212890625,0.2000654762268066,0.2723404388427734,9.753079737854003
1732511453664866300,2.0008662109375,0.211288296508789,0.1859995414733886,9.775974291229248
1732511453674800400,2.01080029296875,0.2244564056396484,0.1039981346130371,9.781361244964598
1732511453684734500,2.020734375,0.2500444358825683,0.050427872467041,9.738265615081788
1732511453694667300,2.030667236328125,0.2639607330322265,-0.0324713600158691,9.61496422958374
1732511453704601300,2.040601318359375,0.2407669044494629,-0.1054945106506347,9.746794958496093
1732511453714535200,2.05053515625,0.232387198638916,-0.1574187591552734,9.975291579437256
1732511453724469500,2.060469482421875,0.1867477294921875,-0.1979705497741699,9.83163947982788
1732511453734403300,2.0704033203125,0.1262941375732421,-0.180014037322998,9.656114570617676
1732511453744337400,2.08033740234375,0.1031003089904785,-0.1283890640258789,9.607332711791992
1732511453754271200,2.090271240234375,0.065092357635498,-0.0610521423339843,9.670779055786133
1732511453764205300,2.100205322265625,0.0680851097106933,0.0481833084106445,9.890895970916748
1732511453774139400,2.110139404296875,0.0246902046203613,0.1378162330627441,10.03754082260132
1732511453784073500,2.120073486328125,0.0154126731872558,0.2246060432434082,9.994894105529784
1732511453794007300,2.13000732421875,-0.0269347686767578,0.3107973030090332,9.884162278747558
1732511453803941400,2.13994140625,-0.0335188232421874,0.3494038047790527,9.798120656585692
1732511453813875500,2.14987548828125,-0.0451905563354492,0.3479074287414551,9.74215619277954
1732511453823809300,2.159809326171875,-0.036361937713623,0.3081038261413574,9.766247846984864
1732511453833743400,2.169743408203125,-0.0059855041503906,0.2436100189208984,9.817872820281982
1732511453843677200,2.17967724609375,0.0420481666564941,0.1210568214416503,9.871891995239258
1732511453853611300,2.189611328125,0.0495300468444824,-0.0010474632263183,9.885808292388916
1732511453863544300,2.19954443359375,0.0712274993896484,-0.0948702407836914,9.913042336273191
1732511453873478400,2.209478515625,0.0623988807678222,-0.1488894157409667,9.896731837463378
1732511453883412500,2.21941259765625,0.0348655616760253,-0.1580173095703125,9.83807389678955
1732511453893346300,2.22934619140625,0.0254383926391601,-0.1253963119506836,9.684396077728271
1732511453903280400,2.2392802734375,-0.0221463653564453,-0.0796072052001953,9.511265370178222
1732511453913214500,2.24921435546875,-0.0430956298828125,-0.0366612129211425,9.514856672668456
1732511453923148300,2.259148193359375,-0.0149637603759765,-0.0237923789978027,9.690531219482422
1732511453933082400,2.269082275390625,0.0564133766174316,0.0154126731872558,9.877727861785887
1732511453943016200,2.27901611328125,0.0894832870483398,0.0278325942993164,9.986215124511718
1732511453952950300,2.2889501953125,0.0679354721069335,0.0178068748474121,9.935936889648437
1732511453962884400,2.29888427734375,0.0176572372436523,0.0302267959594726,9.789740950775146
1732511453972818400,2.308818359375,-0.0534206245422363,0.0603039543151855,9.571419686889648
1732511453982752300,2.318752197265625,-0.1089361755371093,0.0992097312927246,9.341127414703369
1732511453992686300,2.328686279296875,-0.0814028564453124,0.1243488487243652,9.573065700531004
1732511454002620200,2.3386201171875,0.0680851097106933,0.0478840332031249,9.931298123931883
1732511454012554500,2.348554443359375,0.1726817947387695,-0.0302267959594726,9.989058238983151
1732511454022488300,2.35848828125,0.1867477294921875,-0.0993593688964843,9.693523971557616
1732511454032421400,2.36842138671875,0.1472434020996093,-0.0646434448242187,9.581146131134032
1732511454042355200,2.378355224609375,0.0752677146911621,0.0020949264526367,9.763704007720946
1732511454052289300,2.388289306640625,0.0067336921691894,0.077213003540039,9.912743061065672
1732511454062223400,2.398223388671875,-0.0492307716369628,0.1221042846679687,9.941473480987549
1732511454072157400,2.408157470703125,-0.0724246002197265,0.1599625984191894,9.879822788238524
1732511454082091300,2.41809130859375,-0.053570262145996,0.1822586013793945,9.801412683868408
1732511454092025300,2.428025390625,0.0049380409240722,0.1599625984191894,9.745148944854735
1732511454101959200,2.437959228515625,0.0623988807678222,0.1464952140808105,9.746196408081056
1732511454111893500,2.4478935546875,0.0728735130310058,0.1173158813476562,9.81263550415039
1732511454121827300,2.457827392578125,0.0757166275024414,0.072125325012207,9.880271701049804
1732511454131761400,2.467761474609375,0.0327706352233886,0.0438438179016113,9.896282924652098
1732511454141695200,2.4776953125,-0.0077811553955078,0.01271919631958,9.903764804840089
1732511454151629300,2.48762939453125,-0.0371101257324218,-0.0273836814880371,9.892392346954344
1732511454161563400,2.4975634765625,-0.0595557662963867,-0.0324713600158691,9.829694190979003
1732511454171497500,2.50749755859375,-0.0809539436340332,-0.0634463439941406,9.775375740814209
1732511454181431300,2.517431396484375,-0.079158292388916,-0.0775122787475585,9.758317053985596
1732511454191365000,2.527365234375,-0.0525227989196777,-0.0640448944091796,9.781959795379638
1732511454201299500,2.537299560546875,-0.0237923789978027,-0.0638952568054199,9.807547825622558
1732511454211232500,2.547232421875,0.005087678527832,-0.0368108505249023,9.82520506286621
1732511454221166300,2.557166259765625,0.0029927520751953,-0.0034416648864746,9.827748902130129
1732511454231100400,2.567100341796875,0.0323217224121093,0.0218470901489257,9.859920986938477
1732511454241034200,2.5770341796875,0.0173579620361328,0.0532709869384765,9.835978970336914
1732511454250968300,2.58696826171875,0.0052373161315917,0.0869394477844238,9.737966339874268
1732511454260902400,2.59690234375,-0.0008978256225585,0.0965162544250488,9.6404026222229
1732511454270836500,2.60683642578125,-0.0094271690368652,0.1128267532348632,9.817423907470705
1732511454280770300,2.616770263671875,0.0205003517150878,0.1080383499145507,9.87084453201294
1732511454290704100,2.6267041015625,-0.0061351417541503,0.0525227989196777,9.673173257446289
1732511454300638500,2.636638427734375,-0.0128688339233398,0.0404021530151367,9.6273841506958
1732511454310572300,2.646572265625,0.0203507141113281,0.0264858558654785,9.695469260406494
1732511454320506400,2.65650634765625,0.0233434661865234,0.0130184715270996,9.867702142333984
1732511454330440200,2.666440185546875,0.0190039756774902,0.0401028778076171,9.97170027694702
1732511454340374300,2.676374267578125,-0.0023942016601562,0.0254383926391601,9.964068759155271
1732511454350308400,2.686308349609375,-0.0288800575256347,0.0456394691467285,9.873538008880615
1732511454360242400,2.696242431640625,-0.0246902046203613,0.0570119270324707,9.828646727752686
1732511454370176300,2.70617626953125,-0.0160112236022949,0.0876876358032226,9.781361244964598
1732511454380109300,2.716109375,-0.0044891281127929,0.0980126304626464,9.740360541534423
1732511454390043100,2.726043212890625,-0.0148141227722167,0.088735099029541,9.760411980438231
1732511454399977200,2.735977294921875,0.0415992538452148,0.0724246002197265,9.802609784698486
1732511454409911300,2.745911376953125,0.0640448944091796,0.0354641120910644,9.845256501770018
1732511454419845400,2.755845458984375,0.0728735130310058,0.019752163696289,9.859771349334716
1732511454429779200,2.765779296875,0.0377086761474609,0.0113724578857421,9.799317757415771
1732511454439713300,2.77571337890625,0.0341173736572265,0.0134673843383789,9.707140993499756
1732511454449647400,2.7856474609375,0.0026934768676757,0.0377086761474609,9.61601169281006
1732511454459581400,2.79558154296875,-0.0104746322631835,0.0339677360534667,9.588029460906982
1732511454469515300,2.805515380859375,-0.0080804306030273,0.0386065017700195,9.677812023162842
1732511454479449300,2.815449462890625,0.0278325942993164,0.0489314964294433,9.853037657165526
1732511454489383200,2.825383056640625,0.0496796844482421,0.0303764335632324,9.936385802459716
1732511454499317500,2.8353173828125,0.0068833297729492,0.0252887550354003,9.87578257293701
1732511454509251300,2.845251220703125,-0.0369604881286621,0.0463876571655273,9.726294606781003
1732511454519185400,2.855185302734375,-0.0884358238220214,0.0724246002197265,9.43644656829834
1732511454529119200,2.865119140625,-0.1141734916687011,0.098311905670166,9.547926583099365
1732511454539053600,2.875053466796875,0.0225952781677246,0.0674865592956543,9.79991630783081
1732511454548987400,2.8849873046875,0.1162684181213378,-0.0231938285827636,9.878027136993408
1732511454558920400,2.89492041015625,0.1188122573852539,-0.091278938293457,9.660753336334228
1732511454568854300,2.904854248046875,0.0790086547851562,-0.0849941589355468,9.592219313812254
1732511454578788400,2.914788330078125,0.0273836814880371,-0.0136170219421386,9.763853645324708
1732511454588722200,2.92472216796875,-0.0122702835083007,0.0745195266723632,9.886107567596436
1732511454598656500,2.934656494140625,-0.0546177253723144,0.1503857917785644,9.879523513031003
1732511454608590300,2.94459033203125,-0.077213003540039,0.1942296096801757,9.84465795135498
1732511454618524400,2.9545244140625,-0.0659901832580566,0.2003647514343261,9.777769942474364
1732511454628458200,2.964458251953125,0.0164601364135742,0.1767220100402832,9.714473236083984
1732511454638392600,2.974392578125,0.0839466957092285,0.1379658706665039,9.756671040344235
1732511454648326400,2.984326416015625,0.1063923362731933,0.0992097312927246,9.820865572357176
1732511454658260200,2.99426025390625,0.0908300254821777,0.0677858345031738,9.866953954315186
1732511454668194600,3.004194580078125,0.0378583137512207,0.0275333190917968,9.878924962615969
1732511454678128400,3.01412841796875,-0.0131681091308593,0.012120645904541,9.881019889068602
1732511454688062500,3.0240625,-0.0528220741271972,0.0161608612060546,9.86994670639038
1732511454697996300,3.033996337890625,-0.0939724151611328,0.0064344169616699,9.846303964996338
1732511454707930600,3.0439306640625,-0.0995090065002441,-0.0179565124511718,9.811438403320311
1732511454717864400,3.053864501953125,-0.0806546684265136,-0.0185550628662109,9.779415956115722
1732511454727798500,3.063798583984375,-0.0233434661865234,-0.0294786079406738,9.77492682800293
1732511454737732400,3.073732421875,0.0098760818481445,-0.0239420166015624,9.751732999420163
1732511454747665400,3.08366552734375,0.0118213706970214,0.0020949264526367,9.77358008956909
1732511454757599200,3.09359912109375,0.0360626625061035,0.0251391174316406,9.784054721832277
1732511454767533600,3.103533447265625,0.0314238967895507,0.0662894584655761,9.78076269454956
1732511454777467400,3.11346728515625,0.0252887550354003,0.1268926879882812,9.803208335113524
1732511454787401500,3.1234013671875,0.0008978256225585,0.1345242057800293,9.770288062286376
1732511454797335300,3.133335205078125,0.0164601364135742,0.1481412277221679,9.713725048065186
1732511454807269400,3.143269287109375,0.0215478149414062,0.1539770942687988,9.750386260986328
1732511454817203500,3.153203369140625,0.028730419921875,0.15322890625,9.898826763916016
1732511454827137500,3.163137451171875,0.0341173736572265,0.1071405242919921,9.760561618041992
1732511454837071400,3.1730712890625,0.0347159240722656,0.0615010551452636,9.59566097869873
1732511454847005400,3.18300537109375,0.0763151779174804,0.017208324432373,9.668833766937256
1732511454856939500,3.192939453125,0.1020528457641601,0.0097264442443847,9.877727861785887
1732511454866873600,3.20287353515625,0.0885854614257812,0.0073322425842285,9.954791227722168
1732511454876807400,3.212807373046875,0.0266354934692382,0.0272340438842773,9.88311481552124
1732511454886741500,3.222741455078125,-0.0110731826782226,0.0233434661865234,9.824456874847412
1732511454896675300,3.23267529296875,-0.012120645904541,0.0543184501647949,9.859920986938477
1732511454906609400,3.242609375,0.0145148475646972,0.0730231506347656,9.906757556915284
1732511454916543500,3.25254345703125,0.0384568641662597,0.1168669685363769,9.835679695129397
1732511454926477300,3.262477294921875,0.0411503410339355,0.1195604454040527,9.744849669647216
1732511454936410400,3.272410400390625,0.0565630142211914,0.1147720420837402,9.71028338317871
1732511454946344400,3.282344482421875,0.0634463439941406,0.0947206031799316,9.76894132385254
1732511454956278500,3.292278564453125,0.0609025047302246,0.0824503196716308,9.824157599639893
1732511454966212600,3.302212646484375,0.0628477935791015,0.0453401939392089,9.84450831375122
1732511454976146400,3.312146484375,0.0811035812377929,0.0254383926391601,9.853935482788083
1732511454986080500,3.32208056640625,0.086191259765625,0.0085293434143066,9.827599264526366
1732511454996014300,3.332014404296875,0.0689829353332519,0.0209492645263671,9.727641345214844
1732511455005948400,3.341948486328125,0.0088286186218261,0.0402525154113769,9.572317512512209
1732511455015882500,3.351882568359375,-0.0369604881286621,0.0362123001098632,9.53894832687378
1732511455025816300,3.36181640625,-0.0097264442443847,0.0308253463745117,9.680355862426758
1732511455035750400,3.37175048828125,0.0586579406738281,0.019752163696289,9.918578927612304
1732511455045684200,3.381684326171875,0.0809539436340332,0.0230441909790039,9.966911873626708
1732511455055618600,3.39161865234375,0.0469862075805664,0.0284311447143554,9.866804316711423
1732511455065552400,3.401552490234375,-0.0046387657165527,0.033818098449707,9.805003986358642
1732511455075486500,3.411486572265625,-0.0321720848083496,0.0803553932189941,9.743502931213378
1732511455085420300,3.421420166015625,-0.0586579406738281,0.1273416007995605,9.478045822143557
1732511455095354600,3.431354736328125,-0.0679354721069335,0.1473930397033691,9.58937619934082
1732511455105288400,3.441288330078125,0.0936731399536132,0.0767640907287597,9.87084453201294
1732511455115222500,3.451222412109375,0.2084451820373535,-0.0193032508850097,9.88850176925659
1732511455125155300,3.4611552734375,0.1632546257019043,-0.0879869110107421,9.694421797180174
1732511455135089400,3.47108935546875,0.1406593475341797,-0.0968155296325683,9.622895022583007
1732511455145023200,3.481023193359375,0.0858919845581054,-0.0327706352233886,9.829544553375245
1732511455154957600,3.49095751953125,0.0350151992797851,0.0365115753173828,9.96571477279663
1732511455164891400,3.500891357421875,-0.0225952781677246,0.0860416221618652,9.917531464385986
1732511455174825500,3.510825439453125,-0.0516249732971191,0.1548749198913574,9.855581496429442
1732511455184759300,3.52075927734375,-0.0453401939392089,0.184503165435791,9.79303297805786
1732511455194693600,3.530693603515625,0.0115220954895019,0.1620575248718261,9.757568865966796
1732511455204627500,3.54062744140625,0.0890343742370605,0.1111807395935058,9.784503634643556
1732511455214561500,3.5505615234375,0.1102829139709472,0.0852934341430664,9.821464122772216
1732511455224495400,3.560495361328125,0.1004068321228027,0.055515550994873,9.823110136413574
1732511455234429400,3.570429443359375,0.0603039543151855,0.0629974311828613,9.84361048812866
1732511455244363500,3.580363525390625,0.0071826049804687,0.0547673629760742,9.83837317199707
1732511455254297600,3.590297607421875,-0.0405517906188964,0.0450409187316894,9.858873523712155
1732511455264231400,3.6002314453125,-0.084245970916748,0.0457891067504882,9.900173502349851
1732511455274165500,3.61016552734375,-0.0767640907287597,0.0426467170715332,9.891644158935549
1732511455284099300,3.620099365234375,-0.0284311447143554,0.010175357055664,9.894337635803222
1732511455294033400,3.630033447265625,0.0149637603759765,-0.0306757087707519,9.85019454269409
1732511455303967500,3.639967529296875,0.0246902046203613,-0.0706289489746093,9.787646024322507
1732511455313900500,3.649900634765625,0.0275333190917968,-0.1072901618957519,9.749937348175049
1732511455323834400,3.65983447265625,0.0570119270324707,-0.08933364944458,9.746645320892334
1732511455333768400,3.6697685546875,0.0585083030700683,-0.0969651672363281,9.74799205932617
1732511455343702500,3.67970263671875,0.0399532402038574,-0.0556651885986328,9.776572841644288
1732511455353636600,3.68963671875,0.0233434661865234,-0.0478840332031249,9.795427179718017
1732511455363570400,3.6995703125,0.0249894798278808,-0.0315735343933105,9.731232647705076
1732511455373504500,3.70950439453125,0.0190039756774902,-0.0067336921691894,9.700706576538083
1732511455383438300,3.719438232421875,0.0061351417541503,-0.002543839263916,9.83822353439331
1732511455393372400,3.729372314453125,0.0059855041503906,-0.0299275207519531,9.796175367736817
1732511455403306500,3.739306396484375,-0.0309749839782714,-0.0794575675964355,9.67182651901245
1732511455413240300,3.749240234375,-0.0225952781677246,-0.1132756660461425,9.769090961456298
1732511455423174400,3.75917431640625,0.0469862075805664,-0.1438017372131347,9.97259810256958
1732511455433108500,3.7691083984375,0.0818517692565918,-0.1280897888183593,9.968857162475585
1732511455443042600,3.77904248046875,0.069581485748291,-0.1080383499145507,9.816675719451904
1732511455452976400,3.788976318359375,0.0628477935791015,-0.0722749626159667,9.75517466430664
1732511455462910500,3.798910400390625,0.062548518371582,-0.0136170219421386,9.855880771636963
1732511455472844300,3.80884423828125,0.063147068786621,0.0227449157714843,9.950900650024414
1732511455482778600,3.818778564453125,0.0538695373535156,0.0378583137512207,9.931896674346923
1732511455492712400,3.82871240234375,0.0359130249023437,0.0480336708068847,9.777470667266844
1732511455502646500,3.838646484375,0.0270844062805175,0.0538695373535156,9.67182651901245
1732511455512580400,3.848580322265625,0.0109235450744628,0.0417488914489746,9.712976860046384
1732511455522513400,3.858513427734375,0.0225952781677246,-0.009576806640625,9.791985514831543
1732511455532447200,3.868447265625,-0.0002992752075195,-0.0369604881286621,9.868001417541503
1732511455542381600,3.878381591796875,0.0019452888488769,-0.0540191749572753,9.88341409072876
1732511455552315400,3.8883154296875,0.0207996269226074,-0.0845452461242675,9.853486569976804
1732511455562249500,3.89824951171875,0.0451905563354492,-0.0990600936889648,9.813682967376709
1732511455572183300,3.908183349609375,0.0269347686767578,-0.1116296524047851,9.747393508911133
1732511455582117600,3.91811767578125,0.0233434661865234,-0.1123778404235839,9.657012396240232
1732511455592051500,3.928051513671875,0.026785131072998,-0.1075894371032714,9.651026892089844
1732511455601985500,3.937985595703125,0.0335188232421874,-0.0876876358032226,9.712228672027589
1732511455611919400,3.94791943359375,0.0477343955993652,-0.0966658920288085,9.782707983398437
1732511455621853400,3.957853515625,0.0849941589355468,-0.0800561180114746,9.770288062286376
1732511455631787500,3.96778759765625,0.1029506713867187,-0.0664390960693359,9.759065242004391
1732511455641721000,3.97772119140625,0.1300350776672363,-0.0468365699768066,9.759813430023192
1732511455651655000,3.987655029296875,0.1267430503845214,-0.0158615859985351,9.78166052017212
1732511455661589200,3.99758935546875,0.1210568214416503,0.0321720848083496,9.804106160736085
1732511455671523000,4.007523193359375,0.1213560966491699,0.0058358665466308,9.803208335113524
1732511455681457200,4.01745703125,0.0936731399536132,-0.0107739074707031,9.784054721832277
1732511455691391000,4.027390869140625,0.0773626411437988,-0.0448912811279296,9.787945299530028
1732511455701325000,4.037324951171875,0.0531213493347167,-0.0638952568054199,9.783755446624756
1732511455711259100,4.047259033203125,0.0538695373535156,-0.088735099029541,9.78151088256836
1732511455721193000,4.05719287109375,0.0468365699768066,-0.1222539222717285,9.753528650665285
1732511455731126000,4.0671259765625,0.0597054039001464,-0.1288379768371582,9.78704747390747
1732511455741060000,4.07706005859375,0.0731727882385253,-0.1457470260620117,9.802909059906003
1732511455750994000,4.086993896484375,0.0879869110107421,-0.1738788955688476,9.79946739501953
1732511455760928300,4.09692822265625,0.0924760391235351,-0.1815104133605957,9.786448923492433
1732511455770862000,4.106862060546875,0.0674865592956543,-0.1828571517944335,9.720758015441891
1732511455780796200,4.116796142578125,0.060603229522705,-0.1952770729064941,9.675717096710205
1732511455790730000,4.12672998046875,0.0764648155212402,-0.2081459068298339,9.708787007141114
1732511455800664000,4.1366640625,0.0752677146911621,-0.2178723510742187,9.788094937133788
1732511455810598100,4.14659814453125,0.0635959815979003,-0.2073977188110351,9.778518130493165
1732511455820532000,4.156531982421875,0.0445920059204101,-0.2060509803771972,9.751433724212646
1732511455830466000,4.166466064453125,0.0520738861083984,-0.1916857704162597,9.763554370117188
1732511455840400000,4.17639990234375,0.0487818588256835,-0.1572691215515136,9.813982242584228
1732511455850334200,4.186334228515625,0.0595557662963867,-0.1414075355529785,9.894936186218262
1732511455860268000,4.19626806640625,0.0399532402038574,-0.1265934127807617,9.911246685028075
1732511455870202000,4.2062021484375,0.0163104988098144,-0.1102829139709472,9.728389533233642
1732511455880136000,4.216135986328125,-0.0396539649963378,-0.0809539436340332,9.322123439025878
1732511455890070000,4.226070068359375,-0.0465372947692871,-0.0802057556152343,9.454103805541992
1732511455900004000,4.236004150390625,0.0927753143310546,-0.1602618736267089,9.917681101989746
1732511455909938200,4.245938232421875,0.1720832443237304,-0.2513911743164062,10.109815785217284
1732511455919872000,4.2558720703125,0.1566705711364746,-0.3006219459533691,9.817423907470705
1732511455929806000,4.26580615234375,0.1036988594055175,-0.2509422615051269,9.596558804321289
1732511455939740200,4.275740234375,0.0311246215820312,-0.1861491790771484,9.7675945854187
1732511455949673200,4.285673095703125,-0.0255880302429199,-0.1164180557250976,9.970054263305665
1732511455959607000,4.29560693359375,-0.0626981559753418,-0.0688332977294921,10.020631773376463
1732511455969541000,4.305541015625,-0.1045966850280761,-0.0466869323730468,9.896282924652098
1732511455979475000,4.315474853515625,-0.0490811340332031,-0.0592564910888671,9.791237326812745
1732511455989409000,4.325408935546875,0.0240916542053222,-0.0659901832580566,9.77417863998413
1732511455999343000,4.335343017578125,0.0751180770874023,-0.0935235023498535,9.797671743774414
1732511456009277200,4.345277099609375,0.1185129821777343,-0.1221042846679687,9.852139831542967
1732511456019211000,4.3552109375,0.1339256553649902,-0.1527799934387207,9.860968450164794
1732511456029145000,4.36514501953125,0.1161187805175781,-0.1734299827575683,9.841515561676024
1732511456039079200,4.3750791015625,0.0846948837280273,-0.1794154869079589,9.81877064590454
1732511456049013200,4.38501318359375,0.0348655616760253,-0.2051531547546386,9.816825357055665
1732511456058947000,4.394947021484375,-0.0176572372436523,-0.2311900978088378,9.804106160736085
1732511456068881200,4.404881103515625,-0.0390554145812988,-0.251540811920166,9.765499658966064
1732511456078815000,4.41481494140625,-0.0243909294128417,-0.2600701553344726,9.733477211761477
1732511456088749000,4.4247490234375,-0.0077811553955078,-0.2563292152404785,9.735123225402832
1732511456098683100,4.43468310546875,0.0219967277526855,-0.2603694305419922,9.76190835647583
1732511456108617000,4.444616943359375,0.0284311447143554,-0.2389712532043457,9.778518130493165
1732511456118551000,4.454551025390625,0.0430956298828125,-0.1873462799072265,9.78719711151123
1732511456128484900,4.46448486328125,0.0221463653564453,-0.1307832656860351,9.78016414413452
1732511456138419200,4.474419189453125,0.0173579620361328,-0.0941220527648925,9.809792389678954
1732511456148353000,4.48435302734375,-0.0187047004699707,-0.0713771369934082,9.791686239624022
1732511456158287000,4.494287109375,-0.0145148475646972,-0.060603229522705,9.674071083068847
1732511456168220200,4.50422021484375,0.0151133979797363,-0.0649427200317382,9.756671040344235
1732511456178154000,4.514154052734375,0.0251391174316406,-0.0881365486145019,9.859023161315918
1732511456188088000,4.524088134765625,0.0133177467346191,-0.112976390838623,9.71716671295166
1732511456198022100,4.534022216796875,0.0245405670166015,-0.1566705711364746,9.594912790679931
1732511456207956000,4.5439560546875,0.0541688125610351,-0.1629553504943847,9.674519995880129
1732511456217890000,4.55389013671875,0.079158292388916,-0.1711854187011718,9.853636207580566
1732511456227823900,4.563823974609375,0.1093850883483886,-0.1903390319824218,9.917980377197264
1732511456237758200,4.57375830078125,0.1170166061401367,-0.1696890426635742,9.873538008880615
1732511456247692000,4.583692138671875,0.0668880088806152,-0.15322890625,9.84555577697754
1732511456257626000,4.593626220703125,0.0505775100708007,-0.1212064590454101,9.898078575897216
1732511456267560000,4.603559814453125,0.0471358451843261,-0.1117792900085449,9.963320571136476
1732511456277494300,4.613494384765625,0.048482583618164,-0.0932242271423339,9.89658219985962
1732511456287428000,4.623427978515625,0.0441430931091308,-0.0793079299926757,9.725396781158446
1732511456297362200,4.633362060546875,0.0547673629760742,-0.0793079299926757,9.632471829223633
1732511456307296000,4.6432958984375,0.0595557662963867,-0.0920271263122558,9.682001876068115
1732511456317230000,4.65322998046875,0.0740706138610839,-0.1149216796875,9.785102185058593
1732511456327164200,4.6631640625,0.0649427200317382,-0.1355716690063476,9.8319387550354
1732511456337098200,4.67309814453125,0.0613514175415039,-0.1509843421936035,9.809193839263916
1732511456347032000,4.683031982421875,0.084245970916748,-0.1577180343627929,9.839270997619629
1732511456356966100,4.692966064453125,0.0911293006896972,-0.1565209335327148,9.851990193939208
1732511456366900000,4.70289990234375,0.1005564697265625,-0.1613093368530273,9.803357972717285
1732511456376834000,4.712833984375,0.0811035812377929,-0.1508347045898437,9.711779759216308
1732511456386767000,4.72276708984375,0.0463876571655273,-0.146195938873291,9.687538467407226
1732511456396701200,4.732701171875,0.0269347686767578,-0.1375169578552246,9.713725048065186
1732511456406635000,4.742635009765625,0.0522235237121582,-0.1324292793273925,9.78166052017212
1732511456416569000,4.752569091796875,0.0615010551452636,-0.1352723937988281,9.834033681488036
1732511456426503200,4.762503173828125,0.07018003616333,-0.1310825408935546,9.835829332733152
1732511456436437200,4.772437255859375,0.1171662437438964,-0.1125274780273437,9.817124632263184
1732511456446371000,4.78237109375,0.1120785652160644,-0.0959177040100097,9.792284790039062
1732511456456305200,4.79230517578125,0.1099836387634277,-0.0773626411437988,9.776123928833009
1732511456466239000,4.802239013671875,0.0836474205017089,-0.0959177040100097,9.803657247924804
1732511456476173000,4.812173095703125,0.062548518371582,-0.0942716903686523,9.815328981018066
1732511456486107100,4.822107177734375,0.0710778617858886,-0.1081879875183105,9.797222830963134
1732511456496041000,4.832041015625,0.0685340225219726,-0.1212064590454101,9.746645320892334
1732511456505975000,4.84197509765625,0.063147068786621,-0.1289876144409179,9.676166009521484
1732511456515909000,4.8519091796875,0.076614453125,-0.1400607971191406,9.715520699310302
1732511456525843200,4.86184326171875,0.093822777557373,-0.1533785438537597,9.79916811981201
1732511456535777000,4.871777099609375,0.1032499465942382,-0.1578676719665527,9.864559752655028
1732511456545711000,4.881711181640625,0.0689829353332519,-0.1420060859680175,9.862764101409912
1732511456555645000,4.89164501953125,0.0671872840881347,-0.1310825408935546,9.822960498809811
1732511456565579300,4.901579345703125,0.0828992324829101,-0.127042325592041,9.809493114471437
1732511456575513000,4.91151318359375,0.0734720634460449,-0.1063923362731933,9.834332956695556
1732511456585447200,4.921447265625,0.0326209976196289,-0.1147720420837402,9.835081144714357
1732511456595381000,4.931381103515625,0.0371101257324218,-0.1122282028198242,9.807547825622558
1732511456605315000,4.941315185546875,0.0112228202819824,-0.1041477722167968,9.630676177978517
1732511456615248000,4.951247802734375,0.0026934768676757,-0.0899321998596191,9.336937561798097
1732511456625182200,4.96118212890625,0.0004489128112792,-0.1233013854980468,9.505429503631593
1732511456635116500,4.971116455078125,0.120607908630371,-0.1783680236816406,9.969754988098144
1732511456645050600,4.981050537109375,0.2196680023193359,-0.2198176399230957,10.171765753173828
1732511456654984400,4.990984375,0.2063502555847167,-0.2494458854675292,9.8059018119812
1732511456664918800,5.000918701171875,0.137217682647705,-0.2038064163208007,9.508571893310547
1732511456674852600,5.0108525390625,0.0324713600158691,-0.172981069946289,9.617358431243897
1732511456684786400,5.020786376953125,-0.0058358665466308,-0.1355716690063476,9.90226842880249
1732511456694720500,5.030720458984375,-0.0245405670166015,-0.0932242271423339,9.994894105529784
1732511456704654600,5.040654541015625,-0.0266354934692382,-0.0700303985595703,9.886706118011476
1732511456714588700,5.050588623046875,-0.0088286186218261,-0.0451905563354492,9.81802245788574
1732511456724522500,5.0605224609375,0.0116717330932617,-0.0320224472045898,9.79916811981201
1732511456734456600,5.07045654296875,0.0426467170715332,-0.0366612129211425,9.820117384338378
1732511456744390400,5.080390380859375,0.0583586654663085,-0.0381575889587402,9.85019454269409
1732511456754324700,5.09032470703125,0.0769137283325195,-0.0571615646362304,9.878625687408446
1732511456764258600,5.100258544921875,0.0760159027099609,-0.0872387229919433,9.857975698089598
1732511456774192600,5.110192626953125,0.0607528671264648,-0.0968155296325683,9.848847804260254
1732511456784126500,5.12012646484375,0.0309749839782714,-0.1083376251220703,9.829694190979003
1732511456794060500,5.130060546875,0.0202010765075683,-0.1280897888183593,9.81906992111206
1732511456803994600,5.13999462890625,-0.0083797058105468,-0.1536778190612792,9.815478618621826
1732511456813928700,5.1499287109375,-0.0020949264526367,-0.1859995414733886,9.778069217681884
1732511456823862500,5.159862548828125,0.0264858558654785,-0.196623811340332,9.777021754455566
1732511456833796600,5.169796630859375,0.0438438179016113,-0.1975216369628906,9.782857621002195
1732511456843730700,5.179730712890625,0.0616506927490234,-0.1782183860778808,9.760411980438231
1732511456853664500,5.18966455078125,0.0760159027099609,-0.1464952140808105,9.76130980606079
1732511456863597600,5.19959765625,0.0499789596557617,-0.1252466743469238,9.776423204040526
1732511456873531600,5.20953173828125,0.0620996055603027,-0.0818517692565918,9.802310509490969
1732511456883465500,5.219465576171875,0.0332195480346679,-0.0668880088806152,9.79946739501953
1732511456893399600,5.229399658203125,0.028730419921875,-0.0384568641662597,9.73676923904419
1732511456903333600,5.239333740234375,0.0224456405639648,-0.0326209976196289,9.669581954956056
1732511456913267700,5.249267822265625,0.0495300468444824,-0.0386065017700195,9.835380419921874
1732511456923201500,5.259201416015625,0.0356137496948242,-0.0552162757873535,9.879373875427245
1732511456933135600,5.269135498046875,0.0430956298828125,-0.0739209762573242,9.688436293029785
1732511456943069400,5.2790693359375,0.0507271476745605,-0.0689829353332519,9.643245736694336
1732511456953003500,5.28900341796875,0.0975637176513671,-0.0921767639160156,9.823409411621093
1732511456962937600,5.2989375,0.1367687698364257,-0.1204582710266113,9.910348859405516
1732511456972871400,5.308871337890625,0.0941220527648925,-0.1330278297424316,9.837325708770752
1732511456982805500,5.318805419921875,0.0743698890686035,-0.1289876144409179,9.789740950775146
1732511456992739600,5.328739501953125,0.0341173736572265,-0.1111807395935058,9.866205766296384
1732511457002673700,5.338673583984375,0.0356137496948242,-0.0956184288024902,9.966762236022948
1732511457012607500,5.348607421875,0.0404021530151367,-0.0613514175415039,9.94671079711914
1732511457022541600,5.35854150390625,0.0351648368835449,-0.0655412704467773,9.798569569396973
1732511457032475400,5.368475341796875,0.0332195480346679,-0.0802057556152343,9.67856021118164
1732511457042409700,5.37840966796875,0.0263362182617187,-0.0775122787475585,9.645939213562013
1732511457052343600,5.388343505859375,0.0415992538452148,-0.1149216796875,9.74948843536377
1732511457062277600,5.398277587890625,0.0852934341430664,-0.1446995628356933,9.860220262145996
1732511457072211500,5.40821142578125,0.1026513961791992,-0.1553238327026367,9.864859027862549
1732511457082145800,5.418145751953125,0.1234510231018066,-0.1728314323425293,9.81921955871582
1732511457092079600,5.42807958984375,0.1162684181213378,-0.1454477508544921,9.801263046264648
1732511457102013700,5.438013671875,0.1086369003295898,-0.1297358024597167,9.699958388519288
1732511457111946500,5.447946533203125,0.0787093795776367,-0.0990600936889648,9.619303720092772
1732511457121880600,5.457880615234375,0.0725742378234863,-0.1065419738769531,9.659855510711669
1732511457131814400,5.467814453125,0.0736217010498046,-0.0990600936889648,9.764152920532226
1732511457141748700,5.477748779296875,0.0656909080505371,-0.0995090065002441,9.803657247924804
1732511457151682600,5.4876826171875,0.0848445213317871,-0.1060930610656738,9.808146376037596
1732511457161616600,5.49761669921875,0.081702131652832,-0.1343745681762695,9.78674819869995
1732511457171550500,5.507550537109375,0.081702131652832,-0.134673843383789,9.790040225982665
1732511457181484500,5.517484619140625,0.062548518371582,-0.1255459495544433,9.81906992111206
1732511457191418600,5.527418701171875,0.0644938072204589,-0.1304839904785156,9.824905787658691
1732511457201352700,5.537352783203125,0.0558148262023925,-0.1210568214416503,9.8189202835083
1732511457211286500,5.54728662109375,0.0465372947692871,-0.1304839904785156,9.79423007888794
1732511457221220600,5.557220703125,0.0616506927490234,-0.110432551574707,9.811438403320311
1732511457231154700,5.56715478515625,0.0709282241821289,-0.1111807395935058,9.829394915771484
1732511457241088500,5.577088623046875,0.0808043060302734,-0.1291372520446777,9.837176071166992
1732511457251022600,5.587022705078125,0.0885854614257812,-0.1195604454040527,9.814281517791748
1732511457260956400,5.596956298828125,0.0782604667663574,-0.1131260284423828,9.744999307250977
1732511457270890500,5.606890380859375,0.1167173309326171,-0.1089361755371093,9.701604402160644
1732511457280824600,5.616824462890625,0.1319803665161132,-0.12764087600708,9.744251119232176
1732511457290758700,5.626758544921875,0.1256955871582031,-0.1334767425537109,9.82610288848877
1732511457300692500,5.6366923828125,0.1213560966491699,-0.1361702194213867,9.852738381958009
1732511457310626600,5.64662646484375,0.1246481239318847,-0.1273416007995605,9.847949978637695
1732511457320560600,5.656560546875,0.1258452247619629,-0.1192611701965331,9.815328981018066
1732511457330494700,5.66649462890625,0.0790086547851562,-0.0921767639160156,9.769390236663815
1732511457340428500,5.676428466796875,0.0620996055603027,-0.0852934341430664,9.77417863998413
1732511457350362600,5.686362548828125,0.036361937713623,-0.0896329246520996,9.814431155395509
1732511457360296400,5.69629638671875,0.0243909294128417,-0.0811035812377929,9.798569569396973
1732511457370229500,5.7062294921875,0.0008978256225585,-0.0626981559753418,9.478644372558591
1732511457380163600,5.71616357421875,-0.0196025260925292,-0.0755669898986816,9.471461767578123
1732511457390097700,5.72609765625,0.0679354721069335,-0.1227028350830078,9.854234757995606
1732511457400031500,5.736031494140625,0.187047004699707,-0.1708861434936523,10.152163227081298
1732511457409965600,5.745965576171875,0.1948281600952148,-0.2032078659057617,9.90840357055664
1732511457419899400,5.7558994140625,0.1475426773071289,-0.1824082389831542,9.52563058013916
1732511457429833700,5.765833740234375,0.093822777557373,-0.1502361541748046,9.49300958251953
1732511457439767600,5.775767578125,0.0498293220520019,-0.118064069366455,9.73063409729004
1732511457449701600,5.78570166015625,0.0112228202819824,-0.1183633445739746,9.929053559875488
1732511457459635500,5.795635498046875,0.0022445640563964,-0.0673369216918945,9.942371306610108
1732511457469569800,5.80556982421875,0.0157119483947753,-0.0454898315429687,9.85827497329712
1732511457479503600,5.815503662109375,0.0490811340332031,-0.0411503410339355,9.79961703262329
1732511457489437700,5.825437744140625,0.0894832870483398,-0.0194528884887695,9.826701438903807
1732511457499371500,5.83537158203125,0.1227028350830078,-0.024241291809082,9.856628959655762
1732511457509305600,5.8453056640625,0.1271919631958007,-0.0273836814880371,9.872640183258056
1732511457519239700,5.85523974609375,0.1337760177612304,-0.053570262145996,9.84435867614746
1732511457529173500,5.865173583984375,0.1364694946289062,-0.0622492431640624,9.80724855041504
1732511457539107600,5.875107666015625,0.1020528457641601,-0.0809539436340332,9.794978266906735
1732511457549041400,5.88504150390625,0.0647930824279785,-0.0884358238220214,9.823409411621093
1732511457558975500,5.8949755859375,0.0305260711669921,-0.1316810913085937,9.818321733093262
1732511457568909600,5.90490966796875,0.0471358451843261,-0.1470937644958496,9.808146376037596
1732511457578843600,5.91484375,0.026785131072998,-0.1521814430236816,9.788094937133788
1732511457588777500,5.924777587890625,0.033818098449707,-0.1690904922485351,9.808445651245115
1732511457598711600,5.934711669921875,0.0728735130310058,-0.170437230682373,9.78734674911499
1732511457608645600,5.944645751953125,0.0929249519348144,-0.1515828926086425,9.769240599060058
1732511457618579700,5.954579833984375,0.0740706138610839,-0.1240495735168457,9.803058697509766
1732511457628513500,5.964513427734375,0.0858919845581054,-0.0846948837280273,9.792733702850342
1732511457638446600,5.974446533203125,0.0875379981994628,-0.0658405456542968,9.788992762756347
1732511457648380400,5.98438037109375,0.0876876358032226,-0.0284311447143554,9.754426476287842
1732511457658314500,5.994314453125,0.0863408973693847,0.0020949264526367,9.660603698730467
1732511457668248300,6.004248291015625,0.0956184288024902,0.0228945533752441,9.72988590927124
1732511457678182700,6.0141826171875,0.0872387229919433,0.0082300682067871,9.882216989898682
1732511457688116500,6.024116455078125,0.0700303985595703,-0.0163104988098144,9.764003282928469
1732511457698050600,6.034050537109375,0.0568622894287109,-0.0423474418640136,9.645340663146971
1732511457707984400,6.043984375,0.120607908630371,-0.0712274993896484,9.76744494781494
1732511457717918500,6.05391845703125,0.1883937431335449,-0.1068412490844726,9.865158303070068
1732511457727852500,6.0638525390625,0.1675941162109374,-0.1075894371032714,9.80650036239624
1732511457737786600,6.07378662109375,0.125097036743164,-0.1215057342529296,9.713425772857663
1732511457747720400,6.083720458984375,0.0773626411437988,-0.1093850883483886,9.781361244964598
1732511457757654500,6.093654541015625,0.0659901832580566,-0.0933738647460937,9.954192677307129
1732511457767588400,6.10358837890625,0.0641945320129394,-0.077213003540039,10.014197356414794
1732511457777522700,6.113522705078125,0.0728735130310058,-0.0534206245422363,9.933243412780762
1732511457787456500,6.12345654296875,0.0586579406738281,-0.0369604881286621,9.763404732513427
1732511457797390300,6.133390380859375,0.0935235023498535,-0.0420481666564941,9.682750064086914
1732511457807324400,6.143324462890625,0.100855744934082,-0.060004679107666,9.718812726593017
1732511457817258500,6.153258544921875,0.1253963119506836,-0.0658405456542968,9.788693487548828
1732511457827192600,6.163192626953125,0.1303343528747558,-0.0793079299926757,9.826402163696288
1732511457837126400,6.17312646484375,0.1592144104003906,-0.0870890853881835,9.852289469146728
1732511457847060500,6.183060546875,0.146195938873291,-0.0863408973693847,9.835081144714357
1732511457856994300,6.192994384765625,0.1458966636657714,-0.0814028564453124,9.778069217681884
1732511457866928600,6.2029287109375,0.1244984863281249,-0.0796072052001953,9.693972884368897
1732511457876862500,6.212862548828125,0.1005564697265625,-0.0794575675964355,9.672125794219973
1732511457886796500,6.222796630859375,0.0805050308227539,-0.0755669898986816,9.733477211761477
1732511457896730400,6.23273046875,0.0864905349731445,-0.0644938072204589,9.834183319091796
1732511457906664700,6.242664794921875,0.1011550201416015,-0.0716764122009277,9.834931507110594
1732511457916597500,6.252597412109375,0.0860416221618652,-0.0863408973693847,9.805153623962402
1732511457926531600,6.262531494140625,0.1119289276123046,-0.0710778617858886,9.76774422302246
1732511457936465400,6.27246533203125,0.1143231292724609,-0.0601543167114257,9.785551097869872
1732511457946399500,6.2823994140625,0.1219546470642089,-0.0558148262023925,9.79258406524658
1732511457956333300,6.292333251953125,0.1050455978393554,-0.0460883819580078,9.80650036239624
1732511457966267600,6.302267578125,0.1234510231018066,-0.041449616241455,9.786448923492433
1732511457976201500,6.312201416015625,0.1047463226318359,-0.0336684608459472,9.782707983398437
1732511457986135600,6.322135498046875,0.1083376251220703,-0.0451905563354492,9.81248586654663
1732511457996069400,6.3320693359375,0.1132756660461425,-0.0377086761474609,9.7928833404541
1732511458006003500,6.34200341796875,0.120607908630371,-0.0377086761474609,9.788992762756347
1732511458015937500,6.3519375,0.1288379768371582,-0.0421978042602539,9.792733702850342
1732511458025871600,6.36187158203125,0.1393126091003418,-0.0356137496948242,9.813982242584228
1732511458035805400,6.371805419921875,0.1509843421936035,-0.0427963546752929,9.830592016601562
1732511458045739500,6.381739501953125,0.1451484756469726,-0.0345662864685058,9.81802245788574
1732511458055673600,6.391673583984375,0.1435024620056152,-0.036361937713623,9.770437699890136
1732511458065607400,6.401607421875,0.1415571731567382,-0.0290296951293945,9.717465988159178
1732511458075541500,6.41154150390625,0.1132756660461425,-0.0227449157714843,9.71686743774414
1732511458085475300,6.421475341796875,0.1334767425537109,-0.0378583137512207,9.798719207000731
1732511458095409400,6.431409423828125,0.1236006607055664,-0.0297778831481933,9.8709941696167
1732511458105343500,6.441343505859375,0.1253963119506836,-0.0139162971496582,9.880570976257324
1732511458115277600,6.451277587890625,0.1406593475341797,0.0019452888488769,9.84510686416626
1732511458125211400,6.46121142578125,0.1604115112304687,0.0125695587158203,9.776572841644288
1732511458135145500,6.4711455078125,0.1451484756469726,0.0236427413940429,9.757419228363036
1732511458145079300,6.481079345703125,0.1077390747070312,0.0261865806579589,9.78091233215332
1732511458155013600,6.491013671875,0.0828992324829101,0.0412999786376953,9.812036953735351
1732511458164947500,6.500947509765625,0.084245970916748,0.0508767852783203,9.663895726013182
1732511458174881500,6.510881591796875,0.0348655616760253,0.0591068534851074,9.475950895690918
1732511458184815400,6.5208154296875,0.0404021530151367,0.021697452545166,9.712827222442629
1732511458194749700,6.530749755859375,0.1517325302124023,-0.0173579620361328,10.066121604919433
1732511458204683500,6.54068359375,0.2237082176208496,-0.0528220741271972,10.064325953674317
1732511458214616600,6.550616455078125,0.2096422828674316,-0.0534206245422363,9.682301151275636
1732511458224550400,6.56055029296875,0.1518821678161621,-0.0224456405639648,9.44228243484497
1732511458234484500,6.570484375,0.1162684181213378,-0.0224456405639648,9.57545990219116
1732511458244418300,6.580418212890625,0.0930745895385742,-0.0122702835083007,9.837026433563231
1732511458254352600,6.5903525390625,0.0833481452941894,0.0004489128112792,9.974992304229737
1732511458264286500,6.600286376953125,0.0667383712768554,0.0068833297729492,9.86994670639038
1732511458274220500,6.610220458984375,0.0691325729370117,0.0112228202819824,9.765649296569825
1732511458284154400,6.620154296875,0.0831985076904296,0.0243909294128417,9.74844097213745
1732511458294088700,6.630088623046875,0.1277905136108398,0.0543184501647949,9.8181720954895
1732511458304022500,6.6400224609375,0.1455973884582519,0.0517746109008789,9.88311481552124
1732511458313956600,6.64995654296875,0.1599625984191894,0.0544680877685546,9.909600671386718
1732511458323890400,6.659890380859375,0.1672948410034179,0.0561141014099121,9.846303964996338
1732511458333824500,6.669824462890625,0.1586158599853515,0.0359130249023437,9.795427179718017
1732511458343758600,6.679758544921875,0.1484405029296875,0.0366612129211425,9.802759422302245
1732511458353692400,6.6896923828125,0.12764087600708,0.0160112236022949,9.829394915771484
1732511458363626500,6.69962646484375,0.1072901618957519,-0.0122702835083007,9.829095640563963
1732511458373560300,6.709560302734375,0.093822777557373,-0.0405517906188964,9.808146376037596
1732511458383494400,6.719494384765625,0.084245970916748,-0.0499789596557617,9.777620304870604
1732511458393428500,6.729428466796875,0.1022024833679199,-0.0704793113708496,9.789292037963866
1732511458403362600,6.739362548828125,0.0954687911987304,-0.0799064804077148,9.797522106170652
1732511458413296400,6.74929638671875,0.1204582710266113,-0.0769137283325195,9.821763397979735
1732511458423230500,6.75923046875,0.1075894371032714,-0.0522235237121582,9.80021558303833
1732511458433164500,6.76916455078125,0.1228524726867675,-0.028730419921875,9.798270294189452
1732511458443098600,6.7790986328125,0.1470937644958496,0.0,9.78674819869995
1732511458453032400,6.789032470703125,0.1258452247619629,0.03187280960083,9.764302558135986
1732511458462966500,6.798966552734375,0.1499368789672851,0.0505775100708007,9.710433020782473
1732511458472900400,6.808900390625,0.1382651458740234,0.0613514175415039,9.804405435943602
1732511458482834700,6.818834716796875,0.112976390838623,0.0576104774475097,9.779864868927
1732511458492768500,6.8287685546875,0.111031101989746,0.0321720848083496,9.679607674407958
1732511458502702600,6.83870263671875,0.1482908653259277,0.0170586868286132,9.734823950195311
1732511458512635400,6.848635498046875,0.1833060646057129,-0.0227449157714843,9.881019889068602
1732511458522569500,6.858569580078125,0.2513911743164062,-0.0415992538452148,9.854833308410644
1732511458532503600,6.868503662109375,0.2246060432434082,-0.0622492431640624,9.688585930633543
1732511458542437600,6.878437744140625,0.1656488273620605,-0.0682347473144531,9.66673884048462
1732511458552371500,6.888371337890625,0.1288379768371582,-0.0490811340332031,9.76190835647583
1732511458562305500,6.898305419921875,0.1047463226318359,-0.0404021530151367,9.924564431762697
1732511458572239400,6.9082392578125,0.0960673416137695,-0.0398036026000976,9.988609326171874
1732511458582173700,6.918173583984375,0.0855927093505859,-0.0181061500549316,9.925462257385254
1732511458592107500,6.928107421875,0.1081879875183105,-0.0044891281127929,9.776872116851806
1732511458602041600,6.93804150390625,0.1360205818176269,-0.007631517791748,9.727790982818602
1732511458611975400,6.947975341796875,0.1451484756469726,0.0004489128112792,9.782707983398437
1732511458621909500,6.957909423828125,0.1728314323425293,-0.0234931037902832,9.831040929412842
1732511458631843600,6.967843505859375,0.1994669258117675,-0.0306757087707519,9.8311905670166
1732511458641777200,6.977777099609375,0.2178723510742187,-0.0487818588256835,9.81921955871582
1732511458651711000,6.9877109375,0.2219125663757324,-0.0493804092407226,9.826551801300049
1732511458661645000,6.99764501953125,0.2178723510742187,-0.0387561393737792,9.782707983398437
1732511458671579100,7.0075791015625,0.2020107650756835,-0.0210989021301269,9.693972884368897
1732511458681513000,7.017512939453125,0.1584662223815917,-0.0148141227722167,9.676315647125245
1732511458691447000,7.027447021484375,0.1159691429138183,-0.0255880302429199,9.751882637023924
1732511458701380900,7.037380859375,0.1191115325927734,-0.0115220954895019,9.804405435943602
1732511458711315200,7.047315185546875,0.1183633445739746,-0.0234931037902832,9.83882208480835
1732511458721249000,7.0572490234375,0.1011550201416015,-0.0252887550354003,9.825953250885007
1732511458731183000,7.06718310546875,0.0930745895385742,0.0026934768676757,9.785700735473633
1732511458741117000,7.077116943359375,0.1036988594055175,0.0109235450744628,9.783905084228516
1732511458751051300,7.08705126953125,0.1107318267822265,0.0064344169616699,9.783007258605956
1732511458760985000,7.096985107421875,0.1264437751770019,0.0166097740173339,9.784204359436034
1732511458770919200,7.106919189453125,0.1328781921386718,0.0227449157714843,9.80620108718872
1732511458780853000,7.11685302734375,0.1215057342529296,0.0266354934692382,9.790638776397705
1732511458790787000,7.126787109375,0.1475426773071289,0.0233434661865234,9.788992762756347
1732511458800721200,7.13672119140625,0.143652099609375,0.015263035583496,9.794978266906735
1732511458810655200,7.1466552734375,0.1509843421936035,0.0044891281127929,9.807847100830076
1732511458820589000,7.156589111328125,0.1394622467041015,-0.0209492645263671,9.81263550415039
1732511458830522000,7.166522216796875,0.1580173095703125,-0.0166097740173339,9.790189863586424
1732511458840456000,7.1764560546875,0.1554734703063964,-0.0199018013000488,9.797222830963134
1732511458850390000,7.18639013671875,0.1355716690063476,-0.0187047004699707,9.816526081848144
1732511458860324000,7.196323974609375,0.1469441268920898,-0.0106242698669433,9.813832604980467
1732511458870258200,7.206258056640625,0.1258452247619629,-0.0037409400939941,9.814431155395509
1732511458880192000,7.21619189453125,0.1256955871582031,0.007631517791748,9.789441675567629
1732511458890126000,7.2261259765625,0.1256955871582031,0.0094271690368652,9.725546418762208
1732511458900060200,7.23606005859375,0.1209071838378906,0.0107739074707031,9.714772511291503
1732511458909994200,7.245994140625,0.1153705924987792,0.0219967277526855,9.767145672607422
1732511458919928000,7.255927978515625,0.1004068321228027,0.014664485168457,9.855880771636963
1732511458929862100,7.265862060546875,0.1253963119506836,0.0166097740173339,9.88341409072876
1732511458939796000,7.2757958984375,0.1586158599853515,0.0315735343933105,9.902567704010009
1732511458949730000,7.28572998046875,0.158316584777832,0.0350151992797851,9.871592720031735
1732511458959664000,7.2956640625,0.1554734703063964,0.033818098449707,9.794828629302978
1732511458969598000,7.305597900390625,0.1029506713867187,0.0402525154113769,9.764751470947266
1732511458979532000,7.315531982421875,0.0775122787475585,0.0154126731872558,9.78046341934204
1732511458989466000,7.325466064453125,0.0392050521850585,0.0184054252624511,9.6787098487854
1732511458999400200,7.335400146484375,0.005686228942871,0.0068833297729492,9.466523726654051
1732511459009334000,7.345333984375,-0.0010474632263183,-0.0257376678466796,9.654318919372558
1732511459019268000,7.35526806640625,0.1022024833679199,-0.0692822105407714,10.00447091217041
1732511459029202000,7.365201904296875,0.1912368576049804,-0.1149216796875,10.076745874786376
1732511459039136300,7.37513623046875,0.1792658493041992,-0.1521814430236816,9.743054018402098
1732511459049070000,7.385070068359375,0.1545756446838379,-0.1117792900085449,9.501239650726315
1732511459059004200,7.395004150390625,0.1060930610656738,-0.1001075569152832,9.587430910491944
1732511459068938000,7.40493798828125,0.0996586441040039,-0.072125325012207,9.833285493469235
1732511459078872000,7.4148720703125,0.0782604667663574,-0.0532709869384765,9.963919121551513
1732511459088806100,7.42480615234375,0.0618003303527832,-0.0353144744873046,9.900472777557372
1732511459098740200,7.434740234375,0.0589572158813476,-0.0134673843383789,9.799018482208252
1732511459108674000,7.444674072265625,0.0679354721069335,0.0109235450744628,9.803357972717285
1732511459118608000,7.45460791015625,0.0818517692565918,0.0490811340332031,9.822361948394777
1732511459128542200,7.464542236328125,0.0873883605957031,0.0480336708068847,9.84361048812866
1732511459138476000,7.47447607421875,0.0954687911987304,0.0233434661865234,9.845256501770018
1732511459148410000,7.48441015625,0.129586164855957,0.0175075996398925,9.849895267486572
1732511459158344000,7.494343994140625,0.1240495735168457,0.0188543380737304,9.828646727752686
1732511459168277000,7.504277099609375,0.1111807395935058,-0.0157119483947753,9.828646727752686
1732511459178211000,7.514211181640625,0.0793079299926757,-0.0655412704467773,9.83223803024292
1732511459188145200,7.524145263671875,0.060004679107666,-0.0942716903686523,9.848997441864013
1732511459198079200,7.534079345703125,0.0348655616760253,-0.136619132232666,9.809193839263916
1732511459208013000,7.544012939453125,0.0151133979797363,-0.1651999145507812,9.770138424682616
1732511459217947000,7.55394677734375,0.0017956512451171,-0.1837549774169921,9.764751470947266
1732511459227881200,7.563881103515625,0.0281318695068359,-0.1794154869079589,9.772532626342771
1732511459237815000,7.57381494140625,0.033818098449707,-0.1435024620056152,9.758466691589357
1732511459247749000,7.5837490234375,0.0546177253723144,-0.1236006607055664,9.761010530853271
1732511459257683000,7.593682861328125,0.0565630142211914,-0.0956184288024902,9.77926631851196
1732511459267617000,7.603616943359375,0.05102642288208,-0.0502782348632812,9.788843125152589
1732511459277551000,7.613551025390625,0.0586579406738281,-0.0294786079406738,9.76175871887207
1732511459287485200,7.623485107421875,0.0435445426940917,-0.0100257194519042,9.728539170837402
1732511459297419000,7.6334189453125,0.05102642288208,0.0113724578857421,9.875333660125731
1732511459307353000,7.64335302734375,0.0498293220520019,-0.0020949264526367,9.886406842803954
1732511459317287000,7.653286865234375,0.0279822319030761,-0.0119710083007812,9.674519995880129
1732511459327221200,7.66322119140625,0.0571615646362304,-0.0410007034301757,9.636661682128906
1732511459337155000,7.673155029296875,0.1195604454040527,-0.0730231506347656,9.787496386718749
1732511459347089200,7.683089111328125,0.1524807182312011,-0.0932242271423339,9.865457578277589
1732511459357023000,7.69302294921875,0.1405097099304199,-0.1035492218017578,9.82460651245117
1732511459366957300,7.702957275390625,0.118064069366455,-0.0896329246520996,9.810989490509032
1732511459376891100,7.71289111328125,0.0857423469543457,-0.0902314750671386,9.874735109710691
1732511459386825000,7.722824951171875,0.0417488914489746,-0.0525227989196777,9.926360083007811
1732511459396759000,7.732759033203125,0.0270844062805175,-0.0175075996398925,9.871293444824218
1732511459406692900,7.74269287109375,0.0243909294128417,0.0019452888488769,9.81862100830078
1732511459416627200,7.752627197265625,0.0520738861083984,-0.0073322425842285,9.784204359436034
1732511459426561000,7.76256103515625,0.0748188018798828,-0.0104746322631835,9.760262342834473
1732511459436495000,7.7724951171875,0.0800561180114746,-0.0306757087707519,9.756970315551758
1732511459446429000,7.782428955078125,0.103399584197998,-0.0486322212219238,9.739911628723144
1732511459456363000,7.792363037109375,0.0993593688964843,-0.0679354721069335,9.757568865966796
1732511459466297000,7.802297119140625,0.0953191535949707,-0.0890343742370605,9.797522106170652
1732511459476231200,7.812231201171875,0.0951695159912109,-0.0987608184814453,9.847201790618897
1732511459486165000,7.8221650390625,0.0830488700866699,-0.1045966850280761,9.846902515411376
1732511459496099000,7.83209912109375,0.1096843635559082,-0.0984615432739257,9.811139128112792
1732511459506033200,7.842033203125,0.0709282241821289,-0.0855927093505859,9.726294606781003
1732511459515967200,7.85196728515625,0.0733224258422851,-0.0703296737670898,9.67885948638916
1732511459525901000,7.861901123046875,0.0594061286926269,-0.0591068534851074,9.715071786499022
1732511459535835100,7.871835205078125,0.0474351203918457,-0.0519242485046386,9.77462755279541
1732511459545768000,7.881767822265625,0.0674865592956543,-0.0679354721069335,9.81233622894287
1732511459555702000,7.891701904296875,0.0647930824279785,-0.0534206245422363,9.816675719451904
1732511459565636000,7.901635986328125,0.0697311233520507,-0.0426467170715332,9.795876092529296
1732511459575570200,7.911570068359375,0.0731727882385253,-0.0213981773376464,9.797522106170652
1732511459585504000,7.92150390625,0.076614453125,-0.0264858558654785,9.807847100830076
1732511459595438000,7.93143798828125,0.0673369216918945,-0.0371101257324218,9.79961703262329
1732511459605372200,7.9413720703125,0.0571615646362304,-0.0254383926391601,9.810690215301513
1732511459615306200,7.95130615234375,0.0775122787475585,-0.036361937713623,9.798120656585692
1732511459625240000,7.961239990234375,0.0725742378234863,-0.0595557662963867,9.794529354095458
1732511459635174100,7.971174072265625,0.072723875427246,-0.0522235237121582,9.827748902130129
1732511459645108500,7.9811083984375,0.0809539436340332,-0.0514753356933593,9.838672447204589
1732511459655042300,7.991042236328125,0.0776619163513183,-0.0670376464843749,9.821613760375977
1732511459664976400,8.000976318359376,0.0900818374633789,-0.0570119270324707,9.814431155395509
1732511459674910500,8.010910400390625,0.1044470474243164,-0.0514753356933593,9.810989490509032
1732511459684844500,8.020844482421875,0.103399584197998,-0.0546177253723144,9.756222127532958
1732511459694778400,8.0307783203125,0.0828992324829101,-0.0567126518249511,9.69112976989746
1732511459704712400,8.04071240234375,0.0821510444641113,-0.0528220741271972,9.693673609161376
1732511459714646300,8.050646240234375,0.0757166275024414,-0.0719756874084472,9.763853645324708
1732511459724580600,8.06058056640625,0.0968155296325683,-0.0758662651062011,9.82535470046997
1732511459734514400,8.070514404296874,0.0814028564453124,-0.0800561180114746,9.829544553375245
1732511459744448500,8.080448486328125,0.0463876571655273,-0.0655412704467773,9.834332956695556
1732511459754382300,8.09038232421875,0.0623988807678222,-0.0577601150512695,9.862614463806151
1732511459764316700,8.100316650390624,0.084245970916748,-0.0474351203918457,9.911246685028075
1732511459774250500,8.11025048828125,0.0423474418640136,-0.0356137496948242,9.900921690368651
1732511459784184600,8.1201845703125,0.0061351417541503,-0.0336684608459472,9.79976667022705
1732511459794118400,8.130118408203124,0.0020949264526367,-0.0402525154113769,9.708338094329834
1732511459804052500,8.140052490234375,0.0064344169616699,-0.0246902046203613,9.379733916473388
1732511459813986600,8.149986572265625,-0.0618003303527832,-0.0225952781677246,9.306411490631104
1732511459823920400,8.15992041015625,-0.0001496376037597,-0.0751180770874023,9.81338369216919
1732511459833854500,8.1698544921875,0.148739778137207,-0.1457470260620117,10.299256991577147
1732511459843788300,8.179788330078125,0.1891419311523437,-0.2003647514343261,10.094702387237549
1732511459853722400,8.189722412109376,0.1466448516845703,-0.184503165435791,9.578003741455078
1732511459863656400,8.199656494140624,0.0618003303527832,-0.1221042846679687,9.466224451446532
1732511459873590500,8.209590576171875,0.0173579620361328,-0.0635959815979003,9.776722479248049
1732511459883524400,8.2195244140625,-0.0118213706970214,-0.0230441909790039,10.012401705169678
1732511459893458400,8.22945849609375,-0.0243909294128417,0.0239420166015624,9.949404273986817
1732511459903392500,8.239392578125,-0.0176572372436523,0.0380079513549804,9.797372468566897
1732511459913326600,8.24932666015625,0.010175357055664,0.0442927307128906,9.737218151855467
1732511459923260400,8.259260498046874,0.0480336708068847,0.0227449157714843,9.738714527893066
1732511459933194500,8.269194580078125,0.0758662651062011,-0.0124199211120605,9.81263550415039
1732511459943128300,8.27912841796875,0.0902314750671386,-0.0486322212219238,9.872789820861817
1732511459953062700,8.289062744140624,0.086789810180664,-0.0855927093505859,9.874884747314452
1732511459962995500,8.298995361328124,0.0730231506347656,-0.1143231292724609,9.862464826202393
1732511459972929500,8.308929443359375,0.0552162757873535,-0.1194108078002929,9.847949978637695
1732511459982863400,8.31886328125,0.0040402153015136,-0.1418564483642578,9.84376012573242
1732511459992797400,8.32879736328125,-0.0080804306030273,-0.1520318054199218,9.81921955871582
1732511460002731500,8.3387314453125,-0.0203507141113281,-0.1499368789672851,9.791536602020264
1732511460012665600,8.34866552734375,-0.0421978042602539,-0.1457470260620117,9.7560724899292
1732511460022599400,8.358599365234374,-0.0309749839782714,-0.1651999145507812,9.73632032623291
1732511460032533500,8.368533447265625,-0.0038905776977539,-0.1472434020996093,9.789292037963866
1732511460042467300,8.37846728515625,0.0327706352233886,-0.1388636962890625,9.802609784698486
1732511460052401700,8.388401611328124,0.041449616241455,-0.1230021102905273,9.827299989318847
1732511460062335500,8.39833544921875,0.0333691856384277,-0.0950198783874511,9.83253730545044
1732511460072269300,8.408269287109375,0.0303764335632324,-0.0757166275024414,9.83253730545044
1732511460082203400,8.418203369140626,0.0140659347534179,-0.0656909080505371,9.748141696929933
1732511460092137200,8.42813720703125,0.0258873054504394,-0.0534206245422363,9.740210903930665
1732511460102071600,8.438071533203125,0.022296002960205,-0.0418985290527343,9.97319665298462
1732511460112005400,8.44800537109375,0.0246902046203613,-0.0680851097106933,9.91453871231079
1732511460121939500,8.457939453125,0.0193032508850097,-0.076614453125,9.65252326812744
1732511460131873300,8.467873291015625,0.0296282455444335,-0.074669164276123,9.541342528533937
1732511460141807600,8.4778076171875,0.0505775100708007,-0.081702131652832,9.581595043945311
1732511460151741400,8.487741455078124,0.0634463439941406,-0.0818517692565918,9.719860189819336
1732511460161675500,8.497675537109375,0.0751180770874023,-0.1028010337829589,9.871592720031735
1732511460171609300,8.507609375,0.0595557662963867,-0.1234510231018066,9.964068759155271
1732511460181543400,8.51754345703125,0.0652419952392578,-0.134673843383789,9.928155734252927
1732511460191477500,8.5274775390625,0.0805050308227539,-0.1063923362731933,9.824456874847412
1732511460201411600,8.53741162109375,0.084245970916748,-0.0993593688964843,9.786598561096191
1732511460211345400,8.547345458984376,0.098910456085205,-0.1072901618957519,9.778218855285644
1732511460221279500,8.557279541015625,0.1113303771972656,-0.1123778404235839,9.796624280548096
1732511460231213600,8.567213623046875,0.127042325592041,-0.1370680450439453,9.790788414001463
1732511460241147400,8.5771474609375,0.1280897888183593,-0.1687912170410156,9.775675016021728
1732511460251081500,8.58708154296875,0.1253963119506836,-0.1871966423034667,9.771036250305174
1732511460261015300,8.597015380859375,0.1069908866882324,-0.1918354080200195,9.766846397399902
1732511460270949400,8.606949462890626,0.1117792900085449,-0.1882441055297851,9.810690215301513
1732511460280883500,8.616883544921874,0.1039981346130371,-0.1782183860778808,9.823110136413574
1732511460290817500,8.626817626953125,0.1011550201416015,-0.1589151351928711,9.804255798339844
1732511460300751400,8.63675146484375,0.0870890853881835,-0.1355716690063476,9.766397484588625
1732511460310685400,8.646685546875,0.0629974311828613,-0.1262941375732421,9.7054949798584
1732511460320619300,8.656619384765625,0.0514753356933593,-0.1168669685363769,9.679757312011718
1732511460330553600,8.6665537109375,0.0558148262023925,-0.1013046577453613,9.699659113311768
1732511460340487400,8.6764873046875,0.0781108291625976,-0.1125274780273437,9.747243871307372
1732511460350421500,8.68642138671875,0.0974140800476074,-0.1150713172912597,9.77432827758789
1732511460360355300,8.696355224609375,0.1004068321228027,-0.1316810913085937,9.790489138793944
1732511460370289700,8.70628955078125,0.110432551574707,-0.134673843383789,9.776273566436767
1732511460380223500,8.716223388671875,0.1005564697265625,-0.1292868896484375,9.766098209381102
1732511460390157600,8.726157470703125,0.0875379981994628,-0.1363198570251464,9.791386964416503
1732511460400091400,8.73609130859375,0.1243488487243652,-0.1288379768371582,9.864559752655028
1732511460410025500,8.746025390625,0.1146224044799804,-0.1177647941589355,9.910648134613036
1732511460419959600,8.75595947265625,0.1219546470642089,-0.1164180557250976,9.861267725372311
1732511460429893400,8.765893310546875,0.1288379768371582,-0.1036988594055175,9.777919580078123
1732511460439826400,8.775826416015626,0.120009358215332,-0.1117792900085449,9.722254391479492
1732511460449760500,8.785760498046875,0.1406593475341797,-0.111031101989746,9.720159465026857
1732511460459694300,8.7956943359375,0.1452981132507324,-0.1074397994995117,9.81981810913086
1732511460469628400,8.80562841796875,0.1313818161010742,-0.0828992324829101,9.913341611480712
1732511460479562500,8.8155625,0.1363198570251464,-0.0691325729370117,9.93369232559204
1732511460489496600,8.82549658203125,0.1171662437438964,-0.0694318481445312,9.93997710494995
1732511460499430400,8.835430419921876,0.091877488708496,-0.0818517692565918,9.995791931152343
1732511460509364500,8.845364501953124,0.0785597419738769,-0.0760159027099609,9.969904625701904
1732511460519298600,8.855298583984375,0.0386065017700195,-0.0742202514648437,9.90196915359497
1732511460529232400,8.865232421875,0.0332195480346679,-0.0806546684265136,9.777171392059326
1732511460539166500,8.87516650390625,0.0249894798278808,-0.0897825622558593,9.680056587219235
1732511460549100300,8.885100341796875,0.028730419921875,-0.0870890853881835,9.533112460327148
1732511460559034400,8.895034423828125,-0.005087678527832,-0.0694318481445312,9.287706790161131
1732511460568968400,8.904968505859374,-0.0628477935791015,-0.0770633659362793,9.454403080749511
1732511460578902500,8.914902587890625,0.0728735130310058,-0.1586158599853515,9.967061511230469
1732511460588836400,8.92483642578125,0.2151788742065429,-0.235529588317871,10.092607460784912
1732511460598770400,8.9347705078125,0.2129343101501464,-0.2621650817871093,9.701155489349365
1732511460608704500,8.94470458984375,0.1420060859680175,-0.1952770729064941,9.507225154876709
1732511460618638600,8.954638671875,0.0793079299926757,-0.1102829139709472,9.673173257446289
1732511460628572400,8.964572509765626,0.0187047004699707,-0.0393546897888183,9.916334363555908
1732511460638506500,8.974506591796874,-0.015263035583496,0.0067336921691894,9.974992304229737
1732511460648439600,8.984439453125,-0.0350151992797851,0.0339677360534667,9.84361048812866
1732511460658373600,8.99437353515625,-0.0203507141113281,0.048482583618164,9.745597857666016
1732511460668307500,9.004307373046874,0.0272340438842773,0.0285807823181152,9.773131176757811
1732511460678241500,9.014241455078125,0.0764648155212402,0.0173579620361328,9.817723182678222
1732511460688175600,9.024175537109375,0.0957680664062499,-0.0184054252624511,9.879523513031003
1732511460698109700,9.034109619140626,0.111031101989746,-0.0359130249023437,9.875632935333252
1732511460708043500,9.04404345703125,0.0697311233520507,-0.0685340225219726,9.839570272827148
1732511460717977600,9.0539775390625,0.0474351203918457,-0.0860416221618652,9.810091664886476
1732511460727911400,9.063911376953126,0.0047884033203125,-0.0972644424438476,9.810690215301513
1732511460737845800,9.073845703125,-0.0426467170715332,-0.110432551574707,9.836727158355712
1732511460747779600,9.083779541015623,-0.0460883819580078,-0.1256955871582031,9.82550433807373
1732511460757713700,9.093713623046876,-0.0498293220520019,-0.1297358024597167,9.799317757415771
1732511460767647500,9.1036474609375,-0.0125695587158203,-0.1415571731567382,9.765350021362304
1732511460777581600,9.11358154296875,0.0351648368835449,-0.1173158813476562,9.759663792419431
1732511460787515600,9.123515625,0.0466869323730468,-0.0972644424438476,9.783306533813477
1732511460797449500,9.133449462890624,0.043394905090332,-0.0734720634460449,9.794828629302978
1732511460807383600,9.143383544921877,0.0365115753173828,-0.043394905090332,9.812036953735351
1732511460817317400,9.1533173828125,0.0091278938293457,-0.0237923789978027,9.79961703262329
1732511460827251700,9.163251708984374,-0.0142155723571777,0.0115220954895019,9.784503634643556
1732511460837185500,9.173185546875,-0.0104746322631835,0.005686228942871,9.674669633483886
1732511460847119600,9.18311962890625,0.0097264442443847,0.017208324432373,9.834033681488036
1732511460857053400,9.193053466796876,0.0136170219421386,0.009576806640625,9.97858360671997
1732511460866987500,9.202987548828125,0.01271919631958,-0.0158615859985351,9.760112705230712
1732511460876921600,9.212921630859377,0.0213981773376464,-0.0227449157714843,9.604190322113036
1732511460886855700,9.222855712890626,0.0441430931091308,-0.0137666595458984,9.595960253906249
1732511460896789500,9.23278955078125,0.0299275207519531,-0.0143652099609375,9.652223992919922
1732511460906723600,9.2427236328125,0.0094271690368652,-0.0401028778076171,9.863213014221191
1732511460916657700,9.25265771484375,0.0161608612060546,-0.0465372947692871,10.03469770812988
1732511460926591700,9.262591796875,0.0285807823181152,-0.0302267959594726,10.02332525024414
1732511460936525600,9.272525634765625,0.0228945533752441,-0.0294786079406738,9.915286900329589
1732511460946459600,9.282459716796875,0.0272340438842773,-0.000598550415039,9.840917011260986
1732511460956393500,9.2923935546875,0.0315735343933105,0.0133177467346191,9.797222830963134
1732511460966327600,9.30232763671875,0.0480336708068847,0.0435445426940917,9.819668471527098
1732511460976261600,9.31226171875,0.0420481666564941,0.0257376678466796,9.840468098449708
1732511460986195500,9.322195556640626,0.0628477935791015,0.0398036026000976,9.828347452545165
1732511460996129500,9.332129638671876,0.0502782348632812,0.0140659347534179,9.805602536773682
1732511461006063400,9.3420634765625,0.0752677146911621,-0.0055365913391113,9.772083713531494
1732511461015996700,9.35199658203125,0.0866401725769042,-0.017208324432373,9.802759422302245
1732511461025930800,9.3619306640625,0.0719756874084472,-0.0104746322631835,9.800365220642089
1732511461035864600,9.371864501953125,0.0632967063903808,-0.0002992752075195,9.74888988494873
1732511461045798700,9.381798583984375,0.0514753356933593,0.0134673843383789,9.679757312011718
1732511461055732500,9.391732421875,0.0128688339233398,0.0203507141113281,9.632322191619872
1732511461065666600,9.40166650390625,-0.0255880302429199,0.0254383926391601,9.587131635284424
1732511461075600600,9.4116005859375,-0.0516249732971191,0.0098760818481445,9.62094973373413
1732511461085534500,9.421534423828126,-0.0305260711669921,-0.0109235450744628,9.7170170753479
1732511461095468500,9.431468505859376,0.0284311447143554,-0.0112228202819824,9.834332956695556
1732511461105402400,9.44140234375,0.0603039543151855,-0.0053869537353515,9.894936186218262
1732511461115336700,9.451336669921876,0.0541688125610351,0.0273836814880371,9.904064080047608
1732511461125270500,9.4612705078125,0.019752163696289,0.0492307716369628,9.836128607940672
1732511461135204600,9.47120458984375,-0.0305260711669921,0.077213003540039,9.766547122192382
1732511461145138400,9.481138427734376,-0.0665887336730957,0.098910456085205,9.71686743774414
1732511461155072800,9.49107275390625,-0.0773626411437988,0.1071405242919921,9.531167171478272
1732511461165006600,9.501006591796877,-0.1032499465942382,0.0923264015197753,9.565583820343017
1732511461174940700,9.510940673828124,-0.0040402153015136,-0.0016460136413574,9.859172798919678
1732511461184874500,9.52087451171875,0.1348234809875488,-0.0736217010498046,9.993996279907224
1732511461194808600,9.53080859375,0.1457470260620117,-0.1240495735168457,9.80679963760376
1732511461204742700,9.54074267578125,0.1177647941589355,-0.1144727668762207,9.568726210021971
1732511461214676700,9.5506767578125,0.0519242485046386,-0.0582090278625488,9.65207435531616
1732511461224610600,9.560610595703125,-0.0043394905090332,0.0330699104309082,9.816825357055665
1732511461234544600,9.570544677734375,-0.0652419952392578,0.1004068321228027,9.894487273406982
1732511461244478500,9.580478515625,-0.079158292388916,0.139162971496582,9.90825393295288
1732511461254412500,9.59041259765625,-0.0757166275024414,0.1464952140808105,9.816226806640625
1732511461264346600,9.6003466796875,-0.0314238967895507,0.1575683967590332,9.724349317932129
1732511461274280400,9.610280517578126,0.026785131072998,0.1342249305725097,9.702053314971923
1732511461284214500,9.620214599609374,0.0855927093505859,0.1698386802673339,9.696067810821532
1732511461294148600,9.630148681640623,0.1170166061401367,0.2219125663757324,9.681552963256836
1732511461304082700,9.640082763671876,0.1071405242919921,0.2721908012390137,9.713575410461424
1732511461314016500,9.6500166015625,0.0873883605957031,0.2747346405029297,9.822810861206056
1732511461323950600,9.65995068359375,0.0125695587158203,0.2096422828674316,10.016142645263672
1732511461333884400,9.669884521484375,-0.0616506927490234,0.0410007034301757,10.172364303588866
1732511461343818800,9.67981884765625,-0.1354220314025878,-0.1660977401733398,10.258555563354491
1732511461353752600,9.689752685546877,-0.2473509590148925,-0.3663128540039062,10.169072276306151
1732511461363686700,9.699686767578124,-0.2952349922180176,-0.4724059150695801,9.983222372436522
1732511461373620500,9.709620361328126,-0.3033154228210449,-0.4472667976379394,9.7545761138916
1732511461383554600,9.719554443359376,-0.2498947982788086,-0.2787748558044433,9.637709145355224
1732511461393488600,9.729488525390623,-0.1388636962890625,-0.0390554145812988,9.555109188079834
1732511461403422700,9.739422607421876,-0.0336684608459472,0.1954267105102539,9.536554125213623
1732511461413356500,9.7493564453125,0.0321720848083496,0.3538929328918457,9.610774376678464
1732511461423290400,9.759290283203123,0.093822777557373,0.4337994132995605,9.668983404541017
1732511461433224700,9.769224609375,0.1165676933288574,0.4204816665649414,9.701604402160644
1732511461443158500,9.779158447265624,0.1194108078002929,0.3212719352722167,9.689783031463625
1732511461453092600,9.789092529296877,0.1177647941589355,0.151283617401123,9.928604647064208
1732511461463026400,9.7990263671875,0.1186626197814941,-0.0166097740173339,9.967360786437988
1732511461472960500,9.80896044921875,0.0607528671264648,-0.1596633232116699,9.705943892669676
1732511461482894600,9.81889453125,0.0255880302429199,-0.22340894241333,9.613318215942382
1732511461492828700,9.82882861328125,0.0134673843383789,-0.244507844543457,9.645041387939452
1732511461502762500,9.838762451171876,-0.0115220954895019,-0.2295440841674804,9.792434427642824
1732511461512696600,9.848696533203125,-0.0187047004699707,-0.1858499038696289,10.01135424194336
1732511461522630700,9.858630615234375,-0.0790086547851562,-0.0849941589355468,10.058490087127684
1732511461532564700,9.868564697265626,-0.074669164276123,0.014664485168457,9.976638317871092
1732511461542498600,9.87849853515625,-0.067636196899414,0.1177647941589355,9.86291373901367
1732511461552432600,9.8884326171875,-0.0067336921691894,0.2069488059997558,9.822960498809811
1732511461562366500,9.898366455078126,0.0264858558654785,0.2554313896179199,9.777470667266844
1732511461572300800,9.90830078125,0.0659901832580566,0.2789244934082031,9.777171392059326
1732511461582234600,9.918234619140623,0.1209071838378906,0.2578255912780761,9.753379013061522
1732511461592168400,9.92816845703125,0.1370680450439453,0.218321263885498,9.731531922912596
1732511461602102500,9.9381025390625,0.1494879661560058,0.1596633232116699,9.740510179138184
1732511461612036400,9.948036376953125,0.1554734703063964,0.1150713172912597,9.775226103210448
1732511461621970700,9.957970703125,0.1662473777770996,0.0595557662963867,9.758017778778076
1732511461631904500,9.967904541015624,0.1207575462341308,0.0453401939392089,9.675567459106444
1732511461641838800,9.9778388671875,0.0357633872985839,0.0240916542053222,9.6151138671875
1732511461651772700,9.987772705078124,-0.0234931037902832,-0.024241291809082,9.63396820526123
1732511461661707000,9.99770703125,-0.0371101257324218,-0.0564133766174316,9.77358008956909
1732511461671640800,10.007640869140625,-0.0802057556152343,-0.0815524940490722,9.906458281707764
1732511461681575000,10.017574951171875,-0.0849941589355468,-0.1057937858581542,9.931896674346923
1732511461691508700,10.0275087890625,-0.1342249305725097,-0.0873883605957031,9.854534033203125
1732511461701442800,10.03744287109375,-0.2044049667358398,-0.0275333190917968,9.758167416381836
1732511461711377000,10.047376953125,-0.2204161903381347,0.0558148262023925,9.575310264587404
1732511461721311000,10.05731103515625,-0.2413654548645019,0.1548749198913574,9.40367593307495
1732511461731244800,10.067244873046874,-0.1716343315124511,0.1880944679260253,9.610026188659669
1732511461741178600,10.0771787109375,-0.0008978256225585,0.1227028350830078,9.86964743118286
1732511461751113000,10.087113037109376,0.0818517692565918,0.0688332977294921,9.865008665466307
1732511461761046800,10.097046875,0.1028010337829589,0.0483329460144042,9.651026892089844
1732511461770980900,10.10698095703125,0.0502782348632812,0.0933738647460937,9.62693523788452
1732511461780914700,10.116914794921875,-0.0157119483947753,0.1602618736267089,9.833135855865478
1732511461790848800,10.126848876953124,-0.079158292388916,0.1849520782470703,9.965415497589111
1732511461800782800,10.136782958984377,-0.1349731185913086,0.2175730758666992,9.97319665298462
1732511461810717000,10.146717041015624,-0.1367687698364257,0.2054524299621581,9.89538509902954
1732511461820650800,10.156650634765626,-0.1135749412536621,0.1640028137207031,9.80724855041504
1732511461830584800,10.166584716796876,-0.0638952568054199,0.1120785652160644,9.7806130569458
1732511461840517600,10.176517578125,-0.0193032508850097,0.058059390258789,9.813234054565427
1732511461850451700,10.18645166015625,-0.0329202728271484,0.0637456192016601,9.849745629882811
1732511461860385800,10.1963857421875,-0.0453401939392089,0.0302267959594726,9.82460651245117
1732511461870319900,10.20631982421875,-0.0811035812377929,0.0390554145812988,9.849147079467771
1732511461880253700,10.216253662109375,-0.1189618949890136,0.0471358451843261,9.853037657165526
1732511461890187800,10.226187744140624,-0.1354220314025878,0.0523731613159179,9.82610288848877
1732511461900121900,10.236121826171876,-0.1518821678161621,0.0588075782775878,9.807547825622558
1732511461910056000,10.246055908203124,-0.151283617401123,0.0448912811279296,9.80006594543457
1732511461919989800,10.25598974609375,-0.136619132232666,0.0104746322631835,9.788394212341307
1732511461929923800,10.265923828125,-0.1165676933288574,-0.0107739074707031,9.782707983398437
1732511461939857700,10.275857666015623,-0.10848726272583,0.0044891281127929,9.779415956115722
1732511461949792000,10.2857919921875,-0.1001075569152832,0.0213981773376464,9.792733702850342
1732511461959725800,10.295725830078124,-0.1090858131408691,0.0490811340332031,9.794678991699218
1732511461969660000,10.305659912109377,-0.0966658920288085,0.0947206031799316,9.816825357055665
1732511461979593700,10.31559375,-0.1020528457641601,0.1277905136108398,9.83178911743164
1732511461989528000,10.325528076171874,-0.1168669685363769,0.1451484756469726,9.826851076507568
1732511461999462000,10.3354619140625,-0.1077390747070312,0.1681926666259765,9.727192432403564
1732511462009395700,10.345395751953124,-0.118064069366455,0.1581669471740722,9.674968908691406
1732511462019329800,10.355329833984374,-0.0957680664062499,0.1491886909484863,9.910348859405516
1732511462029263600,10.365263671875,-0.0758662651062011,0.1099836387634277,9.840318460845946
1732511462039198000,10.375197998046875,-0.0739209762573242,0.060004679107666,9.67856021118164
1732511462049131800,10.3851318359375,-0.0749684394836425,0.0426467170715332,9.640851535034178
1732511462059065900,10.39506591796875,-0.0661398208618164,0.0324713600158691,9.700556938934326
1732511462068999700,10.404999755859375,-0.0981622680664062,0.0607528671264648,9.859322436523437
1732511462078933800,10.414933837890626,-0.1071405242919921,0.05102642288208,9.95898108062744
1732511462088867800,10.424867919921876,-0.1177647941589355,0.0594061286926269,9.936535440063476
1732511462098802000,10.434802001953123,-0.0999579193115234,0.0644938072204589,9.92127240447998
1732511462108735700,10.44473583984375,-0.0858919845581054,0.0920271263122558,9.911994873046874
1732511462118669800,10.454669921875,-0.0788590171813964,0.1352723937988281,9.811139128112792
1732511462128604000,10.46460400390625,-0.0749684394836425,0.1520318054199218,9.7054949798584
1732511462138538000,10.4745380859375,-0.0763151779174804,0.1631049880981445,9.708637369537351
1732511462148471800,10.484471923828124,-0.0594061286926269,0.1165676933288574,9.740510179138184
1732511462158406000,10.494406005859377,-0.0468365699768066,0.1036988594055175,9.817124632263184
1732511462168339700,10.504339599609375,-0.0098760818481445,0.0743698890686035,9.848997441864013
1732511462178273800,10.514273681640624,0.0008978256225585,0.063147068786621,9.84376012573242
1732511462188207900,10.524207763671876,-0.0258873054504394,0.0749684394836425,9.783156896209716
1732511462198141700,10.5341416015625,-0.0604535919189453,0.0761655403137206,9.707739543914794
1732511462208075800,10.54407568359375,-0.120607908630371,0.0834977828979492,9.62708487548828
1732511462218009600,10.554009521484376,-0.1620575248718261,0.0878372734069824,9.597755905151368
1732511462227944000,10.56394384765625,-0.1472434020996093,0.0866401725769042,9.69187795791626
1732511462237877800,10.573877685546876,-0.0815524940490722,0.079158292388916,9.839420635223387
1732511462247811800,10.583811767578124,-0.0366612129211425,0.0833481452941894,9.907056832122802
1732511462257745700,10.59374560546875,-0.0597054039001464,0.0601543167114257,9.866355403900146
1732511462267680000,10.603679931640626,-0.1322796417236328,0.0879869110107421,9.813533329772948
1732511462277613800,10.61361376953125,-0.1444002876281738,0.1198597206115722,9.763554370117188
1732511462287548000,10.6235478515625,-0.1868973670959472,0.1473930397033691,9.53894832687378
1732511462297481700,10.633481689453124,-0.2041056915283203,0.1821089637756347,9.479841473388673
1732511462307415800,10.643415771484374,-0.0626981559753418,0.1237502983093261,9.766098209381102
1732511462317350000,10.653349853515625,0.041449616241455,0.0219967277526855,9.841066648864745
1732511462327284000,10.663283935546875,0.0372597633361816,-0.0351648368835449,9.701454764556884
1732511462337217800,10.6732177734375,0.0266354934692382,-0.0339677360534667,9.687239192199709
1732511462347152000,10.68315185546875,-0.0254383926391601,0.0384568641662597,9.81862100830078
1732511462357086000,10.6930859375,-0.1177647941589355,0.1348234809875488,9.933093775177
1732511462367019800,10.703019775390626,-0.1580173095703125,0.2225111167907714,9.950302099609374
1732511462376953900,10.712953857421876,-0.1647510017395019,0.2621650817871093,9.865906491088866
1732511462386887700,10.7228876953125,-0.1548749198913574,0.2486976974487304,9.777769942474364
1732511462396821800,10.73282177734375,-0.0691325729370117,0.2165256126403808,9.73063409729004
1732511462406755800,10.742755859375,0.0104746322631835,0.1701379554748535,9.75502502670288
1732511462416690000,10.75268994140625,0.005087678527832,0.1405097099304199,9.81188731613159
1732511462426623700,10.762623779296876,-0.0374094009399414,0.1227028350830078,9.858873523712155
1732511462436557800,10.772557861328124,-0.1005564697265625,0.0917278511047363,9.867552504730224
1732511462446491600,10.78249169921875,-0.1545756446838379,0.0737713386535644,9.849595992279053
1732511462456426000,10.792426025390624,-0.1773205604553222,0.0553659133911132,9.833435131072996
1732511462466359800,10.80235986328125,-0.1786672988891601,0.0411503410339355,9.810091664886476
1732511462476294000,10.8122939453125,-0.1671452033996582,0.0193032508850097,9.789890588378906
1732511462486227700,10.822227783203124,-0.1334767425537109,0.009576806640625,9.80575217437744
1732511462496162000,10.832162109375,-0.110432551574707,-0.0088286186218261,9.798120656585692
1732511462506095900,10.842095947265625,-0.1231517478942871,0.0067336921691894,9.791686239624022
1732511462516030000,10.852030029296875,-0.1288379768371582,0.0362123001098632,9.776722479248049
1732511462525963800,10.8619638671875,-0.1194108078002929,0.0808043060302734,9.78166052017212
1732511462535897900,10.87189794921875,-0.0948702407836914,0.1470937644958496,9.803058697509766
1732511462545832000,10.88183203125,-0.0718260498046875,0.1861491790771484,9.798719207000731
1732511462555765800,10.891765869140626,-0.0670376464843749,0.2320879234313964,9.824756150054933
1732511462565699800,10.901699951171874,-0.0502782348632812,0.2344821250915527,9.810390940093994
1732511462575633700,10.911633544921877,-0.0468365699768066,0.22340894241333,9.726294606781003
1732511462585567700,10.921567626953124,-0.0417488914489746,0.2201169151306152,9.797821381378172
1732511462595501800,10.931501708984374,-0.0383072265625,0.1915361328124999,9.935936889648437
1732511462605436000,10.941435791015625,-0.0438438179016113,0.1144727668762207,9.765948571777344
1732511462615369700,10.95136962890625,-0.0712274993896484,0.0803553932189941,9.61496422958374
1732511462625303800,10.9613037109375,-0.0457891067504882,0.0466869323730468,9.63366893005371
1732511462635238000,10.97123779296875,-0.0468365699768066,0.0423474418640136,9.809193839263916
1732511462645172200,10.981172119140624,-0.0552162757873535,0.0480336708068847,9.888651406860353
1732511462655106000,10.99110595703125,-0.1075894371032714,0.0565630142211914,9.852439106750488
1732511462665040100,11.0010400390625,-0.1212064590454101,0.0761655403137206,9.83134020462036
1732511462674974000,11.010973876953123,-0.0814028564453124,0.0995090065002441,9.871592720031735
1732511462684908000,11.020907958984376,-0.0421978042602539,0.1354220314025878,9.91483798751831
1732511462694842000,11.030842041015624,-0.0252887550354003,0.1752256340026855,9.81802245788574
1732511462704776000,11.04077587890625,-0.0441430931091308,0.2168248878479003,9.725396781158446
1732511462714710000,11.0507099609375,-0.0511760604858398,0.2156277870178222,9.700706576538083
1732511462724644000,11.06064404296875,-0.0369604881286621,0.2096422828674316,9.746944596099851
1732511462734578200,11.070578125,-0.0371101257324218,0.1810615005493163,9.795277542114258
1732511462744512000,11.080511962890624,-0.0166097740173339,0.1177647941589355,9.815628256225583
1732511462754446000,11.090446044921874,0.0041898529052734,0.1057937858581542,9.817423907470705
1732511462764380000,11.1003798828125,-0.0133177467346191,0.091278938293457,9.813084416961669
1732511462774314200,11.110314208984375,-0.0269347686767578,0.0909796630859375,9.788244574737549
1732511462784248000,11.120248046875,-0.0359130249023437,0.1001075569152832,9.745148944854735
1732511462794182100,11.13018212890625,-0.0417488914489746,0.1177647941589355,9.694122521972655
1732511462804116000,11.140115966796875,-0.045938744354248,0.1452981132507324,9.696666361236572
1732511462814050000,11.150050048828126,-0.0393546897888183,0.1452981132507324,9.715371061706543
1732511462823984000,11.159984130859376,-0.0531213493347167,0.1333271049499511,9.71821417617798
1732511462833918200,11.169918212890623,-0.0299275207519531,0.1439513748168945,9.736469963836669
1732511462843852000,11.17985205078125,-0.0128688339233398,0.1340752929687499,9.776123928833009
1732511462853786000,11.1897861328125,-0.0107739074707031,0.1445499252319335,9.834781869506836
1732511462863720200,11.19972021484375,0.0035913024902343,0.1526303558349609,9.840917011260986
1732511462873654000,11.209654052734376,-0.026785131072998,0.1649006393432617,9.837624983978271
1732511462883588000,11.219588134765624,-0.0709282241821289,0.1643020889282226,9.834632231903075
1732511462893522000,11.22952197265625,-0.0986111808776855,0.1943792472839355,9.79303297805786
1732511462903456000,11.2394560546875,-0.0935235023498535,0.2051531547546386,9.559149403381348
1732511462913390000,11.24939013671875,-0.1108814643859863,0.2090437324523925,9.431658164978026
1732511462923324200,11.25932421875,-0.0493804092407226,0.1631049880981445,9.725995331573486
1732511462933258000,11.269258056640624,0.1292868896484375,0.0562637390136718,9.95928035583496
1732511462943192000,11.279192138671876,0.1143231292724609,-0.012120645904541,9.837176071166992
1732511462953126100,11.289126220703125,0.0665887336730957,-0.0218470901489257,9.60164648284912
1732511462963060200,11.299060302734375,-0.026785131072998,0.033818098449707,9.690231944274904
1732511462972994000,11.308994140625,-0.0873883605957031,0.1262941375732421,9.900622415161132
1732511462982928100,11.31892822265625,-0.1072901618957519,0.1843535278320312,9.97244846496582
1732511462992862000,11.328862060546877,-0.1149216796875,0.2507926239013672,9.936385802459716
1732511463002796300,11.33879638671875,-0.0818517692565918,0.2846107223510742,9.837325708770752
1732511463012730000,11.348730224609374,0.000598550415039,0.2825157958984375,9.788843125152589
1732511463022664200,11.358664306640623,0.055515550994873,0.2645592834472656,9.786598561096191
1732511463032598000,11.368597900390624,0.0815524940490722,0.2258031440734863,9.81188731613159
1732511463042531800,11.37853173828125,0.0326209976196289,0.1928828712463378,9.821763397979735
1732511463052466200,11.388466064453125,-0.0007481880187988,0.1777694732666015,9.81951883392334
1732511463062400000,11.39839990234375,-0.0290296951293945,0.1666962905883789,9.856628959655762
1732511463072334000,11.408333984375,-0.0626981559753418,0.1310825408935546,9.880870251464843
1732511463082268000,11.418267822265625,-0.1083376251220703,0.1074397994995117,9.865008665466307
1732511463092202200,11.4282021484375,-0.1031003089904785,0.084245970916748,9.81906992111206
1732511463102136000,11.438135986328126,-0.0793079299926757,0.0742202514648437,9.799018482208252
1732511463112070100,11.448070068359376,-0.0626981559753418,0.0635959815979003,9.797821381378172
1732511463122004000,11.45800390625,-0.0552162757873535,0.0692822105407714,9.776572841644288
1732511463131938000,11.46793798828125,-0.0576104774475097,0.0737713386535644,9.781959795379638
1732511463141872000,11.4778720703125,-0.0537198997497558,0.0969651672363281,9.799018482208252
1732511463151806200,11.48780615234375,-0.0586579406738281,0.1430535491943359,9.80724855041504
1732511463161740000,11.497739990234376,-0.0418985290527343,0.1903390319824218,9.791835877227784
1732511463171674000,11.507674072265624,-0.0465372947692871,0.2237082176208496,9.81188731613159
1732511463181608000,11.51760791015625,-0.0320224472045898,0.2600701553344726,9.78689783630371
1732511463191542300,11.527542236328124,-0.0053869537353515,0.249595523071289,9.663895726013182
1732511463201476000,11.53747607421875,0.0118213706970214,0.2533364631652832,9.67751274795532
1732511463211410000,11.547409912109377,0.0148141227722167,0.2479495094299316,9.889848507690427
1732511463221344000,11.557343994140624,0.0137666595458984,0.2029085906982421,9.817872820281982
1732511463231278000,11.567278076171876,-0.0017956512451171,0.1562216583251953,9.6656913772583
1732511463241212200,11.577212158203125,0.010175357055664,0.1334767425537109,9.650129066467285
1732511463251146000,11.58714599609375,0.033818098449707,0.1132756660461425,9.814880068206786
1732511463261080000,11.597080078125,0.0365115753173828,0.0953191535949707,9.899126039123535
1732511463271014000,11.607013916015624,-0.0203507141113281,0.0948702407836914,9.848099616241454
1732511463280948200,11.6169482421875,-0.0234931037902832,0.1081879875183105,9.836128607940672
1732511463290882000,11.626882080078126,-0.0457891067504882,0.1342249305725097,9.888202494049072
1732511463300816100,11.636816162109374,-0.0194528884887695,0.1677437538146972,9.945513696289062
1732511463310750000,11.64675,0.0145148475646972,0.201711489868164,9.871293444824218
1732511463320684300,11.656684326171876,0.0136170219421386,0.2361281387329101,9.752930100250245
1732511463330618000,11.6666181640625,0.0158615859985351,0.2590226921081542,9.686491004180908
1732511463340552200,11.67655224609375,0.0143652099609375,0.2473509590148925,9.712378309631347
1732511463350486000,11.686486083984375,0.0137666595458984,0.2190694519042968,9.789890588378906
1732511463360420000,11.696420166015624,0.0179565124511718,0.206200617980957,9.835978970336914
1732511463370354200,11.706354248046877,0.0475847579956054,0.1827075141906738,9.82610288848877
1732511463380288000,11.7162880859375,0.0430956298828125,0.1711854187011718,9.827000714111328
1732511463390222000,11.72622216796875,0.0405517906188964,0.149338328552246,9.771335525512695
1732511463400156000,11.736156005859376,0.0213981773376464,0.1707365058898925,9.68514426574707
1732511463410090000,11.746090087890623,0.0026934768676757,0.1710357810974121,9.672574707031249
1732511463420024000,11.756024169921876,0.0040402153015136,0.1731307075500488,9.722254391479492
1732511463429958100,11.765958251953125,-0.0092775314331054,0.1731307075500488,9.766846397399902
1732511463439892000,11.77589208984375,-0.0118213706970214,0.1589151351928711,9.815328981018066
1732511463449826000,11.785825927734376,-0.005087678527832,0.1696890426635742,9.796923555755615
1732511463459760000,11.795760009765624,-0.0014963760375976,0.1620575248718261,9.804704711151125
1732511463469694200,11.805694091796877,-0.0059855041503906,0.1590647727966308,9.778667768096923
1732511463479628000,11.8156279296875,0.0116717330932617,0.1886930183410644,9.778817405700684
1732511463489562000,11.82556201171875,0.0064344169616699,0.1782183860778808,9.773280814361572
1732511463499496000,11.835495849609377,0.007631517791748,0.1728314323425293,9.769240599060058
1732511463509430300,11.84543017578125,0.0176572372436523,0.1756745468139648,9.795576817321775
1732511463519364000,11.855364013671876,0.0098760818481445,0.1883937431335449,9.80650036239624
1732511463529298200,11.865298095703125,0.0185550628662109,0.2023100402832031,9.797372468566897
1732511463539232000,11.87523193359375,0.0438438179016113,0.2006640266418456,9.815328981018066
1732511463549166000,11.885166015625,0.060603229522705,0.199167650604248,9.810989490509032
1732511463559100200,11.89510009765625,0.0427963546752929,0.2021604026794433,9.822511585998535
1732511463569034000,11.905033935546877,0.0454898315429687,0.1945288848876953,9.812186591339112
1732511463578968000,11.914968017578126,0.0487818588256835,0.1976712745666503,9.771036250305174
1732511463588902000,11.92490185546875,0.0371101257324218,0.1876455551147461,9.766247846984864
1732511463598836200,11.934836181640623,0.0395043273925781,0.1913864952087402,9.769839149475096
1732511463608770000,11.94477001953125,0.0436941802978515,0.1909375823974609,9.810091664886476
1732511463618704100,11.9547041015625,0.021697452545166,0.1939303344726562,9.802759422302245
1732511463628638000,11.964637939453125,0.033818098449707,0.1891419311523437,9.807996738433838
1732511463638572000,11.974572021484375,0.0264858558654785,0.1846528030395507,9.826402163696288
1732511463648507000,11.9845068359375,0.021697452545166,0.2003647514343261,9.846752877807615
1732511463658440700,11.994440673828125,0.0251391174316406,0.2012625770568847,9.849895267486572
1732511463668374800,12.004374755859375,0.0261865806579589,0.2053027923583984,9.804854348754882
1732511463678308600,12.01430859375,0.0178068748474121,0.2051531547546386,9.732280110931397
1732511463688243000,12.024242919921877,0.0055365913391113,0.2018611274719238,9.693673609161376
1732511463698176800,12.0341767578125,-0.0016460136413574,0.1892915687561035,9.734075762176513
1732511463708110800,12.04411083984375,0.0022445640563964,0.1809118629455566,9.810091664886476
1732511463718044700,12.054044677734376,-0.0019452888488769,0.1810615005493163,9.83253730545044
1732511463727979000,12.06397900390625,-0.0020949264526367,0.1672948410034179,9.813234054565427
1732511463737912800,12.073912841796876,0.0053869537353515,0.187047004699707,9.817423907470705
1732511463747847000,12.083846923828125,-0.0002992752075195,0.2076969940185546,9.81847137069702
1732511463757780700,12.09378076171875,-0.0119710083007812,0.2316390106201172,9.840318460845946
1732511463767714800,12.10371484375,-0.0402525154113769,0.2382230651855468,9.83208839263916
1732511463777649000,12.11364892578125,-0.0559644638061523,0.2457049453735351,9.76235726928711
1732511463787583000,12.1235830078125,-0.0471358451843261,0.2766799293518066,9.444975911712646
1732511463797516800,12.133516845703124,-0.0944213279724121,0.2798223190307617,9.367164357757568
1732511463807451000,12.143450927734374,-0.0134673843383789,0.1952770729064941,9.785102185058593
1732511463817384700,12.153384765625,0.1310825408935546,0.0805050308227539,10.103381368255617
1732511463827318800,12.16331884765625,0.127042325592041,0.0236427413940429,9.916783276367187
1732511463837252900,12.1732529296875,0.0635959815979003,0.0275333190917968,9.609278000640868
1732511463847186700,12.183186767578125,0.0035913024902343,0.1050455978393554,9.659855510711669
1732511463857122000,12.1931220703125,-0.0365115753173828,0.1987187377929687,9.871742357635496
1732511463867055900,12.203055908203124,-0.0872387229919433,0.2563292152404785,9.96616368560791
1732511463876989000,12.212989013671876,-0.1042974098205566,0.3091512893676758,9.89598364944458
1732511463886923800,12.222923828125,-0.0583586654663085,0.3414730117797851,9.843460850524902
1732511463896857900,12.23285791015625,-0.0035913024902343,0.3553893089294433,9.811288765716553
1732511463906792000,12.2427919921875,0.0604535919189453,0.3386298973083496,9.81921955871582
1732511463916725800,12.252725830078123,0.0691325729370117,0.3239654121398925,9.821314485168456
1732511463926659800,12.262659912109376,0.0592564910888671,0.2826654335021972,9.81233622894287
1732511463936593700,12.27259375,0.0540191749572753,0.2551321144104004,9.816526081848144
1732511463946527700,12.28252783203125,0.0149637603759765,0.2340332122802734,9.81921955871582
1732511463956461800,12.2924619140625,-0.0435445426940917,0.2231096672058105,9.836427883148191
1732511463966396000,12.30239599609375,-0.0477343955993652,0.1948281600952148,9.825953250885007
1732511463976329700,12.312329833984377,-0.052971711730957,0.1601122360229492,9.841365924072266
1732511463986263800,12.322263916015626,-0.036361937713623,0.1298854400634765,9.78121160736084
1732511463996198000,12.332197998046874,-0.0272340438842773,0.1352723937988281,9.757419228363036
1732511464006132000,12.342132080078123,-0.0200514389038085,0.1325789169311523,9.746196408081056
1732511464016065800,12.352065673828124,-0.0073322425842285,0.1491886909484863,9.747692784118652
1732511464026000000,12.361999755859374,-0.0062847793579101,0.1827075141906738,9.782857621002195
1732511464035933700,12.37193359375,-0.0058358665466308,0.2044049667358398,9.794678991699218
1732511464045868000,12.381867919921875,-0.0218470901489257,0.2440589317321777,9.796923555755615
1732511464055801900,12.3918017578125,-0.0308253463745117,0.2876034744262695,9.779565593719482
1732511464065736000,12.40173583984375,-0.0371101257324218,0.3146878807067871,9.73661960144043
1732511464075669800,12.411669677734375,-0.015263035583496,0.3169324447631835,9.6656913772583
1732511464085603800,12.421603759765626,0.0362123001098632,0.3169324447631835,9.83822353439331
1732511464095538000,12.431537841796874,0.0234931037902832,0.3184288208007812,9.898228213500976
1732511464105471700,12.4414716796875,0.0227449157714843,0.2907458641052245,9.732878661346437
1732511464115405800,12.45140576171875,0.0163104988098144,0.2680009483337402,9.595960253906249
1732511464125339600,12.461339599609374,0.0309749839782714,0.2359785011291503,9.61481459197998
1732511464135274000,12.47127392578125,0.0604535919189453,0.2100911956787109,9.790788414001463
1732511464145207800,12.481207763671875,0.0496796844482421,0.194079972076416,9.900173502349851
1732511464155142000,12.491141845703124,0.0300771583557128,0.1803133125305175,9.90825393295288
1732511464165075700,12.50107568359375,0.0022445640563964,0.197222361755371,9.88341409072876
1732511464175009800,12.511009765625,0.0231938285827636,0.2286462585449218,9.9078050201416
1732511464184943900,12.52094384765625,0.0371101257324218,0.252139362335205,9.912443785858152
1732511464194878000,12.5308779296875,0.0543184501647949,0.2735375396728515,9.832986218261718
1732511464204811800,12.540811767578123,0.0392050521850585,0.2892494880676269,9.728988083648682
1732511464214745900,12.550745849609376,0.0591068534851074,0.2914940521240234,9.700407301330566
1732511464224679700,12.5606796875,0.0615010551452636,0.2895487632751464,9.749787710571288
1732511464234614000,12.570614013671875,0.0511760604858398,0.2524386375427246,9.81877064590454
1732511464244547800,12.5805478515625,0.0643441696166992,0.2265513320922851,9.827898539733884
1732511464254482000,12.59048193359375,0.0740706138610839,0.2187701766967773,9.828796365356444
1732511464264415700,12.600415771484377,0.0739209762573242,0.2048538795471191,9.826551801300049
1732511464274349800,12.610349853515626,0.0710778617858886,0.2184709014892578,9.80635072479248
1732511464284284000,12.620283935546874,0.0294786079406738,0.2256535064697265,9.733776486968994
1732511464294217700,12.6302177734375,0.024839842224121,0.2513911743164062,9.680056587219235
1732511464304151800,12.64015185546875,0.0086789810180664,0.2379237899780273,9.673173257446289
1732511464314085600,12.650085693359374,-0.0017956512451171,0.2311900978088378,9.733926124572754
1732511464324020000,12.66002001953125,-0.0034416648864746,0.234931037902832,9.76744494781494
1732511464333953800,12.669953857421875,-0.0035913024902343,0.2328361114501953,9.787945299530028
1732511464343888000,12.679887939453126,0.022296002960205,0.2295440841674804,9.791686239624022
1732511464353821700,12.68982177734375,0.0371101257324218,0.2190694519042968,9.78734674911499
1732511464363756000,12.699756103515623,0.050427872467041,0.2032078659057617,9.784054721832277
1732511464373689900,12.70968994140625,0.0308253463745117,0.2075473564147949,9.78689783630371
1732511464383624000,12.7196240234375,0.0356137496948242,0.2222118415832519,9.790938051605224
1732511464393557800,12.729557861328123,0.0342670112609863,0.213233585357666,9.815478618621826
1732511464403491800,12.739491943359376,0.0323217224121093,0.237474877166748,9.817124632263184
1732511464413426000,12.749426025390624,0.0230441909790039,0.2121861221313476,9.835081144714357
1732511464423359700,12.75935986328125,0.0435445426940917,0.2151788742065429,9.85124200592041
1732511464433293800,12.7692939453125,0.0745195266723632,0.2174234382629394,9.84376012573242
1732511464443227600,12.7792275390625,0.1002571945190429,0.2382230651855468,9.847052153015136
1732511464453161700,12.78916162109375,0.0920271263122558,0.2338835746765136,9.825953250885007
1732511464463095800,12.799095703125,0.0770633659362793,0.208744457244873,9.780014506530762
1732511464473030000,12.80902978515625,0.0595557662963867,0.1937806968688964,9.741108729553222
1732511464482963700,12.818963623046876,0.0281318695068359,0.1797147621154785,9.66539210205078
1732511464492897800,12.828897705078123,0.0360626625061035,0.1666962905883789,9.66015478591919
1732511464502831900,12.838831787109376,0.0511760604858398,0.1367687698364257,9.762955819702148
1732511464512766000,12.848765869140625,0.0468365699768066,0.1234510231018066,9.847052153015136
1732511464522699800,12.85869970703125,0.0360626625061035,0.1381155082702636,9.873538008880615
1732511464532633900,12.8686337890625,0.0196025260925292,0.1370680450439453,9.859472074127195
1732511464542567700,12.878567626953124,0.0294786079406738,0.1631049880981445,9.798419931793212
1732511464552502000,12.888501953125,0.0424970794677734,0.1843535278320312,9.762806182098387
1732511464562435800,12.898435791015626,0.007631517791748,0.1958756233215332,9.775974291229248
1732511464572370000,12.908369873046874,0.0,0.201711489868164,9.78674819869995
1732511464582303700,12.9183037109375,-0.0169090492248535,0.1928828712463378,9.71058265838623
1732511464592237800,12.92823779296875,-0.0351648368835449,0.1990180130004882,9.432855265808104
1732511464602172000,12.938171875,-0.05746083984375,0.1728314323425293,9.529670795440673
1732511464612105700,12.948105712890625,0.0475847579956054,0.0953191535949707,9.924863706970214
1732511464622039800,12.958039794921875,0.1185129821777343,0.0164601364135742,10.100687891387938
1732511464631973600,12.9679736328125,0.1026513961791992,-0.0335188232421874,9.783306533813477
1732511464641908000,12.977907958984376,0.0843956085205078,-0.0122702835083007,9.509768994140623
1732511464651841000,12.987841064453123,0.0387561393737792,0.0266354934692382,9.593566052246093
1732511464661774800,12.99777490234375,0.0140659347534179,0.0715267745971679,9.834183319091796
1732511464671709000,13.007708984375,-0.0272340438842773,0.1191115325927734,9.928604647064208
1732511464681642800,13.017642822265625,-0.0609025047302246,0.1420060859680175,9.879074600219726
1732511464691576800,13.027576904296875,-0.0296282455444335,0.1839046150207519,9.834183319091796
1732511464701511000,13.037510986328124,-0.0073322425842285,0.1779191108703613,9.832986218261718
1732511464711444700,13.04744482421875,0.0294786079406738,0.180014037322998,9.850344180297853
1732511464721378800,13.05737890625,0.0571615646362304,0.1574187591552734,9.86381156463623
1732511464731312600,13.067312744140626,0.0773626411437988,0.1499368789672851,9.831040929412842
1732511464741247000,13.0772470703125,0.0821510444641113,0.1010053825378417,9.8311905670166
1732511464751181800,13.087181884765624,0.0802057556152343,0.0775122787475585,9.839570272827148
1732511464761116000,13.097115966796874,0.0564133766174316,0.0635959815979003,9.824007962036132
1732511464771049700,13.1070498046875,0.0061351417541503,0.0345662864685058,9.823858324432372
1732511464780983800,13.11698388671875,-0.0251391174316406,0.0100257194519042,9.822810861206056
1732511464790918000,13.12691796875,-0.0378583137512207,-0.0193032508850097,9.798569569396973
1732511464800851700,13.136851806640625,-0.0122702835083007,-0.0210989021301269,9.786448923492433
1732511464810785800,13.146785888671875,0.0163104988098144,-0.0213981773376464,9.785850373077391
1732511464820719600,13.1567197265625,0.0212485397338867,-0.0143652099609375,9.774777190399169
1732511464830654000,13.166654052734376,0.0107739074707031,-0.0082300682067871,9.760411980438231
1732511464840587800,13.176587890625,0.0131681091308593,0.0212485397338867,9.778518130493165
1732511464850521900,13.18652197265625,0.022296002960205,0.0478840332031249,9.802460147094726
1732511464860455700,13.19645556640625,0.0,0.0689829353332519,9.820566297149655
1732511464870390000,13.20639013671875,-0.0008978256225585,0.0840963333129882,9.79333225326538
1732511464880323800,13.21632373046875,0.0210989021301269,0.0891840118408203,9.669881230163574
1732511464890258000,13.2262578125,0.0335188232421874,0.1164180557250976,9.705345342254638
1732511464900191700,13.236191650390625,0.0401028778076171,0.0948702407836914,9.9093013961792
1732511464910125800,13.246125732421875,0.029328970336914,0.0749684394836425,9.81248586654663
1732511464920060000,13.256059814453126,0.0272340438842773,0.0561141014099121,9.584288520812988
1732511464929994000,13.265993896484376,0.0411503410339355,0.0330699104309082,9.580846855926511
1732511464939927800,13.275927734375,0.091877488708496,0.0299275207519531,9.76849241104126
1732511464949862000,13.28586181640625,0.1016039329528808,0.0082300682067871,9.88191771469116
1732511464959795700,13.295795654296874,0.1020528457641601,-0.005686228942871,9.868749605560302
1732511464969729800,13.305729736328123,0.0718260498046875,0.0062847793579101,9.874136559295652
1732511464979664000,13.315663818359376,0.0622492431640624,0.0113724578857421,9.949404273986817
1732511464989597700,13.32559765625,0.0673369216918945,0.036361937713623,9.973495928192138
1732511464999531800,13.33553173828125,0.0609025047302246,0.0522235237121582,9.880421338653564
1732511465009465900,13.3454658203125,0.0659901832580566,0.0643441696166992,9.760711255645752
1732511465019400000,13.35539990234375,0.0688332977294921,0.0537198997497558,9.711031571197507
1732511465029333800,13.365333740234377,0.0582090278625488,0.0501285972595214,9.746495683288574
1732511465039267800,13.375267822265624,0.0902314750671386,0.0303764335632324,9.822661223602294
1732511465049201700,13.38520166015625,0.1096843635559082,0.0049380409240722,9.827299989318847
1732511465059136000,13.395135986328125,0.1041477722167968,-0.0061351417541503,9.7943797164917
1732511465069069800,13.40506982421875,0.1249473991394043,-0.0196025260925292,9.824007962036132
1732511465079004000,13.41500390625,0.1357213066101074,-0.024839842224121,9.822511585998535
1732511465088937700,13.424937744140625,0.1280897888183593,-0.0107739074707031,9.744101481628418
1732511465098871800,13.434871826171875,0.0849941589355468,0.0013467384338378,9.697115274047851
1732511465108806000,13.444805908203126,0.0629974311828613,-0.005686228942871,9.708038819122311
1732511465118740000,13.454739990234376,0.0549170005798339,0.0032920272827148,9.771784438323976
1732511465128673800,13.464673828125,0.0644938072204589,0.0094271690368652,9.808146376037596
1732511465138607600,13.474607666015626,0.0670376464843749,0.0047884033203125,9.802460147094726
1732511465148542000,13.4845419921875,0.0770633659362793,-0.0007481880187988,9.791835877227784
1732511465158475800,13.494475830078123,0.0800561180114746,0.0166097740173339,9.791237326812745
1732511465168409900,13.504409912109375,0.0709282241821289,0.0151133979797363,9.792135152435302
1732511465178343700,13.51434375,0.0585083030700683,0.0199018013000488,9.78629928588867
1732511465188277800,13.52427783203125,0.0784101043701171,0.0194528884887695,9.796325005340575
1732511465198211800,13.5342119140625,0.0899321998596191,0.0188543380737304,9.783605809020996
1732511465208146000,13.54414599609375,0.1080383499145507,0.0200514389038085,9.805602536773682
1732511465218079700,13.554079833984376,0.1209071838378906,0.0149637603759765,9.808894564056397
1732511465228013800,13.564013916015623,0.1068412490844726,0.0239420166015624,9.822361948394777
1732511465237948000,13.573947998046876,0.1134253036499023,0.0196025260925292,9.824307237243652
1732511465247882000,13.583882080078125,0.1194108078002929,0.0282815071105957,9.802609784698486
1732511465257815800,13.59381591796875,0.1268926879882812,0.0240916542053222,9.821164847564695
1732511465267750000,13.60375,0.1236006607055664,0.0249894798278808,9.815328981018066
1732511465277683700,13.61368359375,0.1042974098205566,0.028730419921875,9.801711959075927
1732511465287618000,13.6236181640625,0.1138742164611816,0.0245405670166015,9.760411980438231
1732511465297552000,13.6335517578125,0.0882861862182617,0.0284311447143554,9.722553666687013
1732511465307485700,13.643485595703124,0.0917278511047363,0.0285807823181152,9.728838446044922
1732511465317419800,13.653419677734377,0.1044470474243164,0.0142155723571777,9.81263550415039
1732511465327353600,13.663353515625,0.1102829139709472,0.0187047004699707,9.849446354675292
1732511465337289000,13.6732890625,0.1153705924987792,0.0161608612060546,9.879074600219726
1732511465347222800,13.683222900390623,0.1247977615356445,0.0285807823181152,9.828197814941406
1732511465357156900,13.693156982421876,0.1013046577453613,0.0324713600158691,9.762806182098387
1732511465367091000,13.703091064453124,0.0814028564453124,0.0591068534851074,9.78106196975708
1732511465377024800,13.713024658203125,0.0638952568054199,0.0722749626159667,9.80635072479248
1732511465386958800,13.722958740234375,0.0415992538452148,0.0745195266723632,9.804555073547364
1732511465396892700,13.732892578125,0.0276829566955566,0.0897825622558593,9.558401215362547
1732511465406826800,13.74282666015625,0.0115220954895019,0.1041477722167968,9.470863217163084
1732511465416760800,13.7527607421875,0.0383072265625,0.0739209762573242,9.817423907470705
1732511465426695000,13.76269482421875,0.1891419311523437,0.0199018013000488,10.127622660064697
1732511465436628700,13.772628662109376,0.2452560325622558,-0.0188543380737304,9.995791931152343
1732511465446562800,13.782562744140623,0.2267009696960449,-0.0182557876586914,9.592668226623534
1732511465456496600,13.79249658203125,0.1640028137207031,0.0176572372436523,9.456049094390869
1732511465466431000,13.802430908203124,0.0799064804077148,0.0466869323730468,9.654618194580078
1732511465476364800,13.81236474609375,0.0377086761474609,0.0306757087707519,9.891644158935549
1732511465486299000,13.822298828125,-0.0008978256225585,0.0321720848083496,9.917232189178469
1732511465496232700,13.832232666015624,-0.0083797058105468,0.0507271476745605,9.859172798919678
1732511465506167000,13.8421669921875,0.0272340438842773,0.060603229522705,9.823409411621093
1732511465516100900,13.852100830078124,0.0707785865783691,0.0951695159912109,9.868749605560302
1732511465526035000,13.862034912109374,0.1216553718566894,0.1297358024597167,9.893140534973144
1732511465535968800,13.87196875,0.1378162330627441,0.1355716690063476,9.88895068206787
1732511465545902800,13.88190283203125,0.1517325302124023,0.1189618949890136,9.858574248504638
1732511465555837000,13.8918369140625,0.1529296310424804,0.1066916114807128,9.828197814941406
1732511465565770800,13.901770751953125,0.1159691429138183,0.0930745895385742,9.813084416961669
1732511465575704800,13.911704833984375,0.0858919845581054,0.0623988807678222,9.830741654205324
1732511465585638700,13.921638671875,0.069581485748291,0.0362123001098632,9.820865572357176
1732511465595572700,13.93157275390625,0.036361937713623,0.0263362182617187,9.801711959075927
1732511465605506800,13.9415068359375,0.0546177253723144,0.0187047004699707,9.783156896209716
1732511465615441000,13.95144091796875,0.0731727882385253,-0.0004489128112792,9.779116680908205
1732511465625374700,13.961374755859374,0.0808043060302734,-0.01271919631958,9.785251822662351
1732511465635308800,13.971308837890623,0.1066916114807128,0.0088286186218261,9.790788414001463
1732511465645243600,13.98124365234375,0.1304839904785156,0.0341173736572265,9.77926631851196
1732511465655177500,13.991177490234374,0.1141734916687011,0.0586579406738281,9.777620304870604
1732511465665111800,14.00111181640625,0.1092354507446289,0.0899321998596191,9.794978266906735
1732511465675045600,14.011045654296876,0.1120785652160644,0.1092354507446289,9.814431155395509
1732511465684979700,14.020979736328124,0.0864905349731445,0.1144727668762207,9.772382988739013
1732511465694913500,14.03091357421875,0.0980126304626464,0.1385644210815429,9.67990694961548
1732511465704848000,14.040847900390624,0.0962169792175293,0.1277905136108398,9.858424610900878
1732511465714781700,14.05078173828125,0.0814028564453124,0.1159691429138183,9.930699573516844
1732511465724715800,14.0607158203125,0.0658405456542968,0.1023521209716796,9.708338094329834
1732511465734649600,14.070649658203124,0.0710778617858886,0.079158292388916,9.57665700302124
1732511465744583700,14.080583740234376,0.1306336280822753,0.0588075782775878,9.737816702270509
1732511465754517800,14.090517822265625,0.1613093368530273,0.0525227989196777,9.859621711730956
1732511465764451800,14.100451904296875,0.1660977401733398,0.0302267959594726,9.79393080368042
1732511465774385700,14.1103857421875,0.1324292793273925,0.0332195480346679,9.747243871307372
1732511465784319700,14.12031982421875,0.1031003089904785,0.0667383712768554,9.811588040924072
1732511465794253600,14.130253662109377,0.0793079299926757,0.0951695159912109,9.937283628082277
1732511465804187600,14.140187744140626,0.0980126304626464,0.1277905136108398,9.962123470306397
1732511465814121700,14.150121826171874,0.0903811126708984,0.1237502983093261,9.85094273071289
1732511465824056600,14.160056640625,0.0998082817077636,0.137217682647705,9.725845693969726
1732511465833991000,14.169990966796876,0.0935235023498535,0.137217682647705,9.722104753875731
1732511465843924700,14.1799248046875,0.1038484970092773,0.1197100830078125,9.783755446624756
1732511465853858800,14.18985888671875,0.1424549987792968,0.1089361755371093,9.79961703262329
1732511465863792600,14.199792724609376,0.1318307289123535,0.0782604667663574,9.78779566192627
1732511465873726700,14.209726806640624,0.1472434020996093,0.0722749626159667,9.79991630783081
1732511465883660800,14.219660888671877,0.1708861434936523,0.0811035812377929,9.81757354507446
1732511465893594600,14.2295947265625,0.1626560752868652,0.0517746109008789,9.824007962036132
1732511465903528700,14.23952880859375,0.1378162330627441,0.0703296737670898,9.747692784118652
1732511465913462500,14.249462646484377,0.1230021102905273,0.0793079299926757,9.698162737274169
1732511465923396600,14.259396728515624,0.1072901618957519,0.0837970581054687,9.7292873588562
1732511465933330700,14.26933056640625,0.0939724151611328,0.1071405242919921,9.785850373077391
1732511465943264800,14.2792646484375,0.0965162544250488,0.0990600936889648,9.824157599639893
1732511465953198600,14.289198486328123,0.0947206031799316,0.0885854614257812,9.808595288848876
1732511465963132700,14.299132568359376,0.0998082817077636,0.105344873046875,9.771185887908937
1732511465973066800,14.309066650390625,0.1065419738769531,0.1036988594055175,9.784503634643556
1732511465983000800,14.319000732421877,0.1170166061401367,0.1144727668762207,9.796923555755615
1732511465992934700,14.3289345703125,0.1177647941589355,0.1228524726867675,9.782408708190918
1732511466002868700,14.33886865234375,0.1185129821777343,0.1231517478942871,9.792284790039062
1732511466012802600,14.348802490234377,0.1147720420837402,0.1369184074401855,9.794529354095458
1732511466022737000,14.35873681640625,0.1234510231018066,0.1379658706665039,9.785102185058593
1732511466032670700,14.368670654296874,0.1280897888183593,0.1369184074401855,9.783456171417235
1732511466042604800,14.378604736328125,0.1336263801574707,0.1348234809875488,9.777171392059326
1732511466052538600,14.38853857421875,0.1479915901184082,0.1412578979492187,9.777321029663083
1732511466062472700,14.39847265625,0.1438017372131347,0.1441010124206543,9.786448923492433
1732511466072406800,14.40840673828125,0.1334767425537109,0.1334767425537109,9.81278514175415
1732511466082340600,14.418340576171875,0.1333271049499511,0.1177647941589355,9.806949275207518
1732511466092274700,14.428274658203126,0.1149216796875,0.127042325592041,9.821763397979735
1732511466102208500,14.43820849609375,0.1289876144409179,0.1075894371032714,9.81188731613159
1732511466112142800,14.448142822265623,0.1454477508544921,0.1185129821777343,9.791087689208984
1732511466122076700,14.45807666015625,0.1376665954589843,0.1158195053100586,9.74245546798706
1732511466132010800,14.4680107421875,0.1478419525146484,0.1262941375732421,9.708038819122311
1732511466141944600,14.477944580078123,0.1446995628356933,0.1075894371032714,9.718663088989258
1732511466151878700,14.487878662109376,0.1234510231018066,0.0881365486145019,9.81996774673462
1732511466161812700,14.497812744140624,0.1152209548950195,0.0866401725769042,9.86396120223999
1732511466171746800,14.507746826171877,0.1182137069702148,0.0969651672363281,9.877428586578368
1732511466181680600,14.5176806640625,0.1351227561950683,0.1144727668762207,9.84540613937378
1732511466191614700,14.52761474609375,0.1131260284423828,0.1318307289123535,9.803357972717285
1732511466201548800,14.537548828125,0.1032499465942382,0.1378162330627441,9.766098209381102
1732511466211483000,14.54748291015625,0.0803553932189941,0.1693897674560547,9.78734674911499
1732511466221416700,14.557416748046874,0.0517746109008789,0.17238251953125,9.777620304870604
1732511466231350800,14.567350830078125,0.0496796844482421,0.1871966423034667,9.55720411453247
1732511466241284600,14.57728466796875,0.033818098449707,0.177470198059082,9.515754498291017
1732511466251219700,14.5872197265625,0.0752677146911621,0.1499368789672851,9.847650703430174
1732511466261153800,14.59715380859375,0.1779191108703613,0.0911293006896972,10.082881016540528
1732511466271087600,14.607087646484375,0.2187701766967773,0.055515550994873,9.94671079711914
1732511466281021700,14.617021728515626,0.2219125663757324,0.0474351203918457,9.607033436584471
1732511466290955800,14.626955810546876,0.1662473777770996,0.0655412704467773,9.522937103271484
1732511466300889900,14.636889892578123,0.0993593688964843,0.098311905670166,9.73632032623291
1732511466310823700,14.64682373046875,0.074669164276123,0.1025017585754394,9.926060807800292
1732511466320757500,14.656757568359374,0.0475847579956054,0.1183633445739746,9.954043039703368
1732511466330691800,14.66669189453125,0.0534206245422363,0.1319803665161132,9.891494521331786
1732511466340625700,14.676625732421876,0.0935235023498535,0.1616086120605468,9.860220262145996
1732511466350559700,14.686559814453124,0.1256955871582031,0.1879448303222656,9.89643256225586
1732511466360493600,14.69649365234375,0.1373673202514648,0.2184709014892578,9.904064080047608
1732511466370427600,14.706427734375,0.1641524513244628,0.2141314109802246,9.854982946014404
1732511466380361700,14.71636181640625,0.1656488273620605,0.2032078659057617,9.783905084228516
1732511466390295800,14.7262958984375,0.1502361541748046,0.1876455551147461,9.758616329193115
1732511466400229600,14.736229736328124,0.1556231079101562,0.1812111381530761,9.752032274627686
1732511466410163700,14.746163818359374,0.1448492004394531,0.1511339797973632,9.795726454925536
1732511466420097500,14.75609765625,0.1285387016296386,0.1249473991394043,9.788693487548828
1732511466430032000,14.766031982421875,0.1280897888183593,0.0971148048400878,9.75472575149536
1732511466439965700,14.775965576171876,0.1183633445739746,0.091278938293457,9.730035546875
1732511466449899800,14.785899658203125,0.1143231292724609,0.086789810180664,9.72868880844116
1732511466459833600,14.79583349609375,0.1176151565551757,0.0757166275024414,9.76864204864502
1732511466469768000,14.805767822265626,0.1098340011596679,0.0929249519348144,9.771634800720214
1732511466479701800,14.81570166015625,0.112976390838623,0.0881365486145019,9.79348189086914
1732511466489635600,14.825635498046877,0.1156698677062988,0.0993593688964843,9.788094937133788
1732511466499569700,14.835569580078126,0.1120785652160644,0.1294365272521972,9.800963771057129
1732511466509503500,14.84550341796875,0.1019032081604003,0.1505354293823242,9.797671743774414
1732511466519437800,14.855437744140623,0.1294365272521972,0.1710357810974121,9.769988787078857
1732511466529371600,14.86537158203125,0.1256955871582031,0.1978209121704101,9.688436293029785
1732511466539305700,14.8753056640625,0.1210568214416503,0.1979705497741699,9.848398891448976
1732511466549239600,14.885239501953125,0.1297358024597167,0.2082955444335937,9.898527488708496
1732511466559173600,14.895173583984375,0.1035492218017578,0.2096422828674316,9.69831237487793
1732511466569107700,14.905107666015626,0.1309329032897949,0.189590843963623,9.605686698150636
1732511466579041800,14.915041748046876,0.1806125877380371,0.1843535278320312,9.769839149475096
1732511466588975600,14.9249755859375,0.2284966209411621,0.1575683967590332,9.852738381958009
1732511466598909700,14.93490966796875,0.2247556808471679,0.1405097099304199,9.776572841644288
1732511466608843800,14.94484375,0.1931821464538574,0.1310825408935546,9.718812726593017
1732511466618778600,14.954778564453123,0.1351227561950683,0.1324292793273925,9.769988787078857
1732511466628712700,14.964712646484376,0.0966658920288085,0.1460463012695312,9.904363355255128
1732511466638646500,14.974646484375,0.1042974098205566,0.1494879661560058,9.944765508270264
1732511466648579600,14.98457958984375,0.1038484970092773,0.1542763694763183,9.871742357635496
1732511466658513700,14.994513671875,0.1105821891784668,0.1806125877380371,9.766846397399902
1732511466668447700,15.00444775390625,0.1373673202514648,0.178068748474121,9.739911628723144
1732511466678381600,15.014381591796877,0.1463455764770507,0.1713350563049316,9.769090961456298
1732511466688315600,15.024315673828124,0.1614589744567871,0.1556231079101562,9.782558345794676
1732511466698249500,15.03424951171875,0.1680430290222168,0.1533785438537597,9.76116016845703
1732511466708183600,15.04418359375,0.1668459281921386,0.1469441268920898,9.772831901550292
1732511466718117600,15.05411767578125,0.1858499038696289,0.1185129821777343,9.821913035583496
1732511466728051700,15.0640517578125,0.2060509803771972,0.1189618949890136,9.851541281127927
1732511466737985500,15.073985595703125,0.1879448303222656,0.120607908630371,9.797522106170652
1732511466747919600,15.083919677734375,0.1607107864379882,0.1446995628356933,9.7170170753479
1732511466757853400,15.093853515625,0.1318307289123535,0.1430535491943359,9.6917283203125
1732511466767787800,15.103787841796876,0.129586164855957,0.1470937644958496,9.735572138214112
1732511466777721600,15.1137216796875,0.1092354507446289,0.1421557235717773,9.797821381378172
1732511466787655700,15.12365576171875,0.0951695159912109,0.1587654975891113,9.81757354507446
1732511466797589500,15.133589599609374,0.125097036743164,0.14679448928833,9.803357972717285
1732511466807523800,15.14352392578125,0.1149216796875,0.1524807182312011,9.777769942474364
1732511466817457700,15.153457763671875,0.1354220314025878,0.1385644210815429,9.7943797164917
1732511466827391700,15.163391845703124,0.139162971496582,0.1430535491943359,9.798868844604492
1732511466837325600,15.17332568359375,0.139162971496582,0.1596633232116699,9.79348189086914
1732511466847259600,15.183259765625,0.1307832656860351,0.1601122360229492,9.791686239624022
1732511466857193700,15.19319384765625,0.1415571731567382,0.1713350563049316,9.779565593719482
1732511466867127600,15.20312744140625,0.1382651458740234,0.1587654975891113,9.784204359436034
1732511466877061600,15.2130615234375,0.137217682647705,0.1610100616455078,9.798419931793212
1732511466886995500,15.222995361328126,0.1586158599853515,0.1702875930786132,9.777021754455566
1732511466896929500,15.232929443359374,0.1617582496643066,0.1520318054199218,9.791237326812745
1732511466906863600,15.242863525390623,0.1610100616455078,0.1497872413635254,9.80679963760376
1732511466916797700,15.252797607421876,0.1626560752868652,0.1408089851379394,9.790938051605224
1732511466926731500,15.2627314453125,0.1717839691162109,0.153827456665039,9.790938051605224
1732511466936665600,15.27266552734375,0.1560720207214355,0.1590647727966308,9.79258406524658
1732511466946599700,15.282599609375,0.1791162117004394,0.1695394050598144,9.822361948394777
1732511466956534500,15.292534423828124,0.1690904922485351,0.1500865165710449,9.816526081848144
1732511466966468600,15.302468505859377,0.1613093368530273,0.1575683967590332,9.803507610321043
1732511466976402400,15.31240234375,0.153827456665039,0.1683423042297363,9.75412720108032
1732511466986336800,15.322336669921874,0.1613093368530273,0.155772745513916,9.708338094329834
1732511466996270600,15.3322705078125,0.155772745513916,0.1351227561950683,9.706841718292235
1732511467006204700,15.34220458984375,0.1385644210815429,0.1277905136108398,9.76789386062622
1732511467016138500,15.352138427734374,0.1352723937988281,0.1300350776672363,9.836427883148191
1732511467026072600,15.362072509765625,0.1409586227416992,0.1268926879882812,9.867702142333984
1732511467036006700,15.372006591796875,0.1677437538146972,0.1521814430236816,9.87668039855957
1732511467045940700,15.381940673828124,0.175524909210205,0.1663970153808593,9.853636207580566
1732511467055874600,15.39187451171875,0.167893391418457,0.1801636749267578,9.779565593719482
1732511467065808600,15.40180859375,0.1289876144409179,0.203656778717041,9.746495683288574
1732511467075742700,15.41174267578125,0.0745195266723632,0.2045546043395996,9.748291334533691
1732511467085676500,15.421676513671876,0.0582090278625488,0.2008136642456054,9.599102643585203
1732511467095610600,15.431610595703123,0.0175075996398925,0.2054524299621581,9.465027350616454
1732511467105544400,15.44154443359375,0.0496796844482421,0.170437230682373,9.74844097213745
1732511467115478500,15.451478515625,0.1752256340026855,0.1039981346130371,10.089913983917237
1732511467125412600,15.46141259765625,0.2480991470336914,0.065092357635498,10.050708931732178
1732511467135346700,15.4713466796875,0.2666542098999023,0.0731727882385253,9.654767832183838
1732511467145280500,15.481280517578124,0.201112939453125,0.0932242271423339,9.475801258087158
1732511467155214600,15.491214599609377,0.1420060859680175,0.1143231292724609,9.655964933013916
1732511467165148700,15.501148681640624,0.0977133552551269,0.1185129821777343,9.887903218841553
1732511467175082800,15.511082763671874,0.0718260498046875,0.143652099609375,9.951199925231933
1732511467185016600,15.5210166015625,0.0781108291625976,0.155772745513916,9.8319387550354
1732511467194950700,15.53095068359375,0.0882861862182617,0.1744774459838867,9.744999307250977
1732511467204884500,15.540884521484376,0.1236006607055664,0.1873462799072265,9.783605809020996
1732511467214818800,15.55081884765625,0.1596633232116699,0.2159270622253417,9.84540613937378
1732511467224752600,15.560752685546875,0.1919850456237793,0.2187701766967773,9.877428586578368
1732511467234686700,15.570686767578126,0.20425532913208,0.2262520568847656,9.858424610900878
1732511467244620500,15.58062060546875,0.2219125663757324,0.2063502555847167,9.84540613937378
1732511467254554600,15.5905546875,0.2003647514343261,0.1937806968688964,9.847650703430174
1732511467264488700,15.60048876953125,0.1695394050598144,0.1876455551147461,9.828946002960205
1732511467274423600,15.610423583984376,0.12764087600708,0.1647510017395019,9.821314485168456
1732511467284357600,15.620357666015623,0.1019032081604003,0.1376665954589843,9.79333225326538
1732511467294291700,15.630291748046876,0.0870890853881835,0.0998082817077636,9.775824653625488
1732511467304225800,15.640225830078125,0.0857423469543457,0.0668880088806152,9.777321029663083
1732511467314159600,15.65015966796875,0.0857423469543457,0.0691325729370117,9.772981539154053
1732511467324093700,15.66009375,0.0890343742370605,0.0607528671264648,9.777919580078123
1732511467334027500,15.670027587890624,0.0914285758972167,0.0694318481445312,9.7821094329834
1732511467343961600,15.679961669921877,0.105344873046875,0.0908300254821777,9.784952547454834
1732511467353895700,15.689895751953124,0.1138742164611816,0.1399111595153808,9.797073193359374
1732511467363829500,15.69982958984375,0.1020528457641601,0.1632546257019043,9.80724855041504
1732511467373763600,15.709763671875,0.1234510231018066,0.1801636749267578,9.79393080368042
1732511467383697400,15.719697509765624,0.1158195053100586,0.1876455551147461,9.718812726593017
1732511467393631700,15.7296318359375,0.1215057342529296,0.2033575035095214,9.827748902130129
1732511467403565600,15.739565673828125,0.1234510231018066,0.1997662010192871,9.930998848724364
1732511467413499600,15.749499755859375,0.1011550201416015,0.1663970153808593,9.764152920532226
1732511467423433500,15.75943359375,0.0831985076904296,0.1409586227416992,9.606434886169431
1732511467433367800,15.769367919921876,0.1195604454040527,0.127042325592041,9.67930839920044
1732511467443301600,15.779301513671877,0.1735796203613281,0.0914285758972167,9.842563024902343
1732511467453235700,15.789235595703126,0.1801636749267578,0.0851437965393066,9.83777462158203
1732511467463169500,15.79916943359375,0.1806125877380371,0.0616506927490234,9.769090961456298
1732511467473103600,15.809103515625,0.1393126091003418,0.0591068534851074,9.803657247924804
1732511467483037700,15.81903759765625,0.10848726272583,0.0779611915588378,9.859023161315918
1732511467492971800,15.8289716796875,0.1147720420837402,0.1039981346130371,9.917381826782226
1732511467502905600,15.838905517578125,0.1120785652160644,0.1089361755371093,9.886257205200195
1732511467512839700,15.848839599609375,0.0941220527648925,0.1328781921386718,9.83253730545044
1732511467522773500,15.8587734375,0.1224035598754882,0.1216553718566894,9.798868844604492
1732511467532707600,15.86870751953125,0.1406593475341797,0.1363198570251464,9.769390236663815
1732511467542641700,15.8786416015625,0.1547252822875976,0.1381155082702636,9.746794958496093
1732511467552575500,15.888575439453126,0.1623568000793457,0.1153705924987792,9.746794958496093
1732511467562509600,15.898509521484376,0.1674444786071777,0.0781108291625976,9.766397484588625
1732511467572444700,15.908444580078124,0.1592144104003906,0.0586579406738281,9.79318261566162
1732511467582378800,15.918378662109374,0.1589151351928711,0.0643441696166992,9.83897172241211
1732511467592312600,15.9283125,0.1631049880981445,0.0570119270324707,9.849147079467771
1732511467602246400,15.938246337890623,0.1452981132507324,0.0652419952392578,9.810241302490232
1732511467612180700,15.9481806640625,0.1144727668762207,0.0670376464843749,9.732280110931397
1732511467622114600,15.958114501953125,0.0926256767272949,0.0828992324829101,9.715071786499022
1732511467632048600,15.968048583984377,0.0896329246520996,0.0796072052001953,9.757119953155517
1732511467641982500,15.977982421875,0.082300682067871,0.0799064804077148,9.796923555755615
1732511467651917000,15.9879169921875,0.0825999572753906,0.0852934341430664,9.816226806640625
1732511467661851000,15.997850830078123,0.0899321998596191,0.0860416221618652,9.786598561096191
1732511467671785000,16.007784912109376,0.1111807395935058,0.0748188018798828,9.773280814361572
1732511467681719000,16.017718994140626,0.0966658920288085,0.0824503196716308,9.790788414001463
1732511467691653000,16.027653076171877,0.1189618949890136,0.0866401725769042,9.781810157775878
1732511467701587000,16.0375869140625,0.1243488487243652,0.0863408973693847,9.79318261566162
1732511467711521000,16.04752099609375,0.1147720420837402,0.0929249519348144,9.802609784698486
1732511467721454800,16.057454833984377,0.0890343742370605,0.0655412704467773,9.800365220642089
1732511467731389000,16.067388916015624,0.1002571945190429,0.0616506927490234,9.790339501190186
1732511467741323000,16.077322998046874,0.1149216796875,0.0619499679565429,9.795127904510498
1732511467751256800,16.0872568359375,0.1215057342529296,0.0713771369934082,9.798270294189452
1732511467761191000,16.09719091796875,0.1355716690063476,0.0514753356933593,9.809044201660155
1732511467771124700,16.107124755859374,0.1384147834777832,0.055515550994873,9.809642752075195
1732511467781059000,16.11705908203125,0.14679448928833,0.0647930824279785,9.803058697509766
1732511467790993000,16.126992919921875,0.1500865165710449,0.0511760604858398,9.757269590759275
1732511467800927000,16.136927001953126,0.1464952140808105,0.0519242485046386,9.74245546798706
1732511467810860800,16.14686083984375,0.1273416007995605,0.0469862075805664,9.741108729553222
1732511467820795100,16.156795166015623,0.1222539222717285,0.0341173736572265,9.762656544494629
1732511467830729000,16.16672900390625,0.1105821891784668,0.0327706352233886,9.7928833404541
1732511467840663800,16.176663818359376,0.0954687911987304,0.0366612129211425,9.817124632263184
1732511467850598000,16.186597900390623,0.1240495735168457,0.0558148262023925,9.873986921691897
1732511467860532000,16.196531982421874,0.1304839904785156,0.0558148262023925,9.90900212097168
1732511467870466000,16.206466064453124,0.1218050094604492,0.0845452461242675,9.86396120223999
1732511467880400000,16.21639990234375,0.0830488700866699,0.0784101043701171,9.802160871887208
1732511467890334000,16.226333984375,0.0276829566955566,0.0902314750671386,9.751583361816406
1732511467900267800,16.236267822265624,0.0142155723571777,0.0846948837280273,9.522637828063964
1732511467910202000,16.2462021484375,-0.0200514389038085,0.0812532188415527,9.317634310913084
1732511467920136000,16.256135986328125,-0.0032920272827148,0.0350151992797851,9.682001876068115
1732511467930070000,16.266070068359376,0.1411082603454589,-0.0181061500549316,10.08662195663452
1732511467940003800,16.27600390625,0.2054524299621581,-0.0921767639160156,10.089764346313476
1732511467949938200,16.285938232421874,0.2118868469238281,-0.1062426986694335,9.66658920288086
1732511467959872000,16.2958720703125,0.1619078872680664,-0.0592564910888671,9.476100533294677
1732511467969806000,16.30580615234375,0.1035492218017578,-0.0008978256225585,9.703400053405762
1732511467979740000,16.315739990234373,0.0664390960693359,0.0193032508850097,9.98546693649292
1732511467989673700,16.325673828125,0.0257376678466796,0.0424970794677734,9.960776731872558
1732511467999608000,16.335608154296875,0.009576806640625,0.0906803878784179,9.791386964416503
1732511468009542000,16.3455419921875,0.0294786079406738,0.1197100830078125,9.725247143554688
1732511468019476000,16.35547607421875,0.0392050521850585,0.1381155082702636,9.769839149475096
1732511468029409800,16.365409912109374,0.077213003540039,0.1065419738769531,9.829245278167724
1732511468039343900,16.37534375,0.0971148048400878,0.0833481452941894,9.834332956695556
1732511468049278000,16.38527783203125,0.1035492218017578,0.0788590171813964,9.797372468566897
1732511468059212000,16.3952119140625,0.0962169792175293,0.0390554145812988,9.815628256225583
1732511468069145900,16.405145751953125,0.0655412704467773,-0.000598550415039,9.846603240203857
1732511468079080000,16.415079833984375,0.0423474418640136,-0.0362123001098632,9.853486569976804
1732511468089014000,16.425013916015626,0.0092775314331054,-0.063147068786621,9.867253229522705
1732511468098948000,16.434947998046876,0.0059855041503906,-0.0935235023498535,9.828796365356444
1732511468108883000,16.444883056640624,-0.0011971008300781,-0.1023521209716796,9.777321029663083
1732511468118816800,16.454816650390626,0.0065840545654296,-0.1102829139709472,9.76699603500366
1732511468128751000,16.464751220703125,0.0188543380737304,-0.0920271263122558,9.76160908126831
1732511468138685000,16.474684814453123,0.0498293220520019,-0.0824503196716308,9.775375740814209
1732511468148619000,16.484618896484374,0.0623988807678222,-0.0507271476745605,9.783306533813477
1732511468158552800,16.494552734375,0.0516249732971191,-0.0240916542053222,9.810241302490232
1732511468168487000,16.50448681640625,0.0465372947692871,0.0118213706970214,9.809942027282714
1732511468178421000,16.5144208984375,0.0418985290527343,0.0541688125610351,9.810839852905271
1732511468188355000,16.52435498046875,0.0062847793579101,0.072125325012207,9.790040225982665
1732511468198289000,16.534288818359375,0.0412999786376953,0.0713771369934082,9.72300257949829
1732511468208223000,16.544222900390626,0.0498293220520019,0.0629974311828613,9.92740754623413
1732511468218157000,16.554156982421876,0.0682347473144531,0.043394905090332,9.982474184417724
1732511468228091000,16.5640908203125,0.0188543380737304,0.0230441909790039,9.714622873687745
1732511468238025000,16.57402490234375,0.0113724578857421,0.0026934768676757,9.580996493530272
1732511468247958800,16.583958740234376,0.0550666381835937,-0.0275333190917968,9.634866030883789
1732511468257892900,16.593892822265627,0.0677858345031738,-0.0523731613159179,9.78016414413452
1732511468267827000,16.603826904296874,0.0917278511047363,-0.0680851097106933,9.868151055145264
1732511468277761000,16.613760986328124,0.0538695373535156,-0.077213003540039,9.899574951934811
1732511468287694800,16.62369482421875,0.0415992538452148,-0.0567126518249511,9.897629663085937
1732511468297629000,16.63362890625,0.0243909294128417,-0.0317231719970703,9.867402867126463
1732511468307563000,16.64356298828125,0.0339677360534667,0.0041898529052734,9.824307237243652
1732511468317497000,16.6534970703125,0.043394905090332,0.0035913024902343,9.81338369216919
1732511468327431000,16.663430908203125,0.0380079513549804,0.0236427413940429,9.811737678527832
1732511468337365000,16.673364990234376,0.0607528671264648,0.0276829566955566,9.81951883392334
1732511468347298800,16.683298828125,0.0659901832580566,0.0131681091308593,9.79961703262329
1732511468357234000,16.69323388671875,0.0848445213317871,-0.0017956512451171,9.788843125152589
1732511468367168000,16.70316796875,0.084245970916748,-0.0130184715270996,9.772233351135254
1732511468377101800,16.713101806640626,0.0900818374633789,-0.0308253463745117,9.758167416381836
1732511468387036000,16.723035888671873,0.0903811126708984,-0.0430956298828125,9.80665
1732511468396970000,16.732969970703124,0.0799064804077148,-0.0585083030700683,9.811588040924072
1732511468406904000,16.742904052734374,0.0794575675964355,-0.038905776977539,9.816526081848144
1732511468416838000,16.752837890625,0.076614453125,-0.0306757087707519,9.799317757415771
1732511468426772000,16.76277197265625,0.0661398208618164,-0.0124199211120605,9.749338797760007
1732511468436706000,16.7727060546875,0.0634463439941406,-0.0257376678466796,9.688286655426024
1732511468446640000,16.78264013671875,0.0465372947692871,-0.0107739074707031,9.674071083068847
1732511468456574000,16.792573974609375,0.0258873054504394,-0.0125695587158203,9.740061266326904
1732511468466508000,16.802508056640626,0.0163104988098144,-0.0263362182617187,9.795127904510498
1732511468476441900,16.81244189453125,0.0270844062805175,-0.0288800575256347,9.797522106170652
1732511468486376000,16.8223759765625,0.0502782348632812,-0.014664485168457,9.819668471527098
1732511468496310000,16.83231005859375,0.0700303985595703,-0.0068833297729492,9.841515561676024
1732511468506243800,16.842243896484376,0.0615010551452636,0.0097264442443847,9.89523546142578
1732511468516178000,16.852177978515623,0.0371101257324218,0.0275333190917968,9.896731837463378
1732511468526111700,16.86211181640625,0.0046387657165527,0.0354641120910644,9.841515561676024
1732511468536046000,16.872046142578125,-0.0290296951293945,0.0429459922790527,9.796474642944336
1732511468545980000,16.88197998046875,-0.010175357055664,0.0359130249023437,9.620351183319093
1732511468555914000,16.8919140625,-0.0194528884887695,0.0547673629760742,9.369109646606445
1732511468565847800,16.901847900390624,-0.0252887550354003,0.0366612129211425,9.62843161392212
1732511468575782100,16.9117822265625,0.093822777557373,-0.0299275207519531,9.92202059249878
1732511468585717000,16.921717041015626,0.1810615005493163,-0.0959177040100097,10.007613301849364
1732511468595650800,16.93165087890625,0.2373252395629882,-0.1243488487243652,9.731681560516355
1732511468605585000,16.9415849609375,0.1794154869079589,-0.0926256767272949,9.51964507598877
1732511468615519000,16.95151904296875,0.0736217010498046,-0.0341173736572265,9.682301151275636
1732511468625453000,16.961453125,0.0166097740173339,0.0016460136413574,9.92067385406494
1732511468635387000,16.971386962890627,-0.0377086761474609,0.012120645904541,9.955988328552246
1732511468645321000,16.981321044921874,-0.0662894584655761,0.0677858345031738,9.841665199279785
1732511468655255800,16.991255859375,-0.0362123001098632,0.0929249519348144,9.7806130569458
1732511468665189600,17.001189697265627,-0.010175357055664,0.1237502983093261,9.77971523132324
1732511468675124000,17.0111240234375,0.0166097740173339,0.1150713172912597,9.80605144958496
1732511468685057800,17.021057861328124,0.0457891067504882,0.1138742164611816,9.816974994659423
1732511468694992000,17.030991943359375,0.055515550994873,0.0953191535949707,9.824756150054933
1732511468704925700,17.04092578125,0.0454898315429687,0.0686836601257324,9.841964474487304
1732511468714859800,17.05085986328125,0.0282815071105957,0.0372597633361816,9.859172798919678
1732511468724793900,17.0607939453125,-0.0062847793579101,0.0188543380737304,9.864709390258788
1732511468734728000,17.07072802734375,-0.0308253463745117,0.0016460136413574,9.862165550994872
1732511468744661800,17.080661865234376,-0.0453401939392089,-0.0070329673767089,9.833135855865478
1732511468754595800,17.090595947265626,-0.062548518371582,-0.029328970336914,9.789591313171384
1732511468764530000,17.100530029296873,-0.0445920059204101,-0.0384568641662597,9.741258367156982
1732511468774464000,17.110464111328124,-0.0279822319030761,-0.0641945320129394,9.719860189819336
1732511468784397800,17.120397705078126,0.002543839263916,-0.0480336708068847,9.766696759796142
1732511468794332000,17.130331787109377,0.0136170219421386,-0.0139162971496582,9.807996738433838
1732511468804265700,17.140265625,0.0218470901489257,0.0161608612060546,9.839570272827148
1732511468814200800,17.150200927734375,0.0073322425842285,0.0417488914489746,9.850493817901611
1732511468824135000,17.160135009765625,-0.0142155723571777,0.0688332977294921,9.866056128692628
1732511468834068700,17.17006884765625,-0.0215478149414062,0.0980126304626464,9.789740950775146
1732511468844002800,17.1800029296875,-0.0107739074707031,0.120607908630371,9.676914197540285
1732511468853937000,17.18993701171875,0.0142155723571777,0.1159691429138183,9.860669174957277
1732511468863871000,17.19987109375,0.0323217224121093,0.0924760391235351,9.913790524291992
1732511468873804800,17.2098046875,0.0181061500549316,0.0618003303527832,9.662249712371825
1732511468883739000,17.21973876953125,0.0188543380737304,0.0525227989196777,9.561693242645264
1732511468893673000,17.2296728515625,0.0109235450744628,0.0314238967895507,9.631274728393556
1732511468903606800,17.239606689453126,0.028730419921875,0.022296002960205,9.767145672607422
1732511468913540900,17.249540771484376,0.0040402153015136,0.0179565124511718,9.891943434143066
1732511468923474700,17.259474609375,-0.0026934768676757,0.0207996269226074,9.954043039703368
1732511468933408800,17.26940869140625,0.0043394905090332,0.0336684608459472,9.938780004119872
1732511468943342800,17.2793427734375,0.0070329673767089,0.05102642288208,9.85124200592041
1732511468953277000,17.28927685546875,-0.0001496376037597,0.0655412704467773,9.791237326812745
1732511468963210800,17.299210693359374,0.0119710083007812,0.0730231506347656,9.784653272247311
1732511468973144800,17.309144775390624,0.034416648864746,0.0831985076904296,9.770288062286376
1732511468983078700,17.31907861328125,0.0179565124511718,0.0909796630859375,9.788992762756347
1732511468993013000,17.329012939453126,0.045938744354248,0.0664390960693359,9.802011234283446
1732511469002946800,17.33894677734375,0.0656909080505371,0.0698807609558105,9.7683427734375
1732511469012881000,17.348880859375,0.0638952568054199,0.058059390258789,9.785551097869872
1732511469022814700,17.358814697265625,0.0616506927490234,0.0493804092407226,9.797971018981931
1732511469032749000,17.3687490234375,0.0607528671264648,0.024839842224121,9.81862100830078
1732511469042684000,17.378683837890627,0.0502782348632812,0.0233434661865234,9.813682967376709
1732511469052617700,17.38861767578125,0.0490811340332031,0.0412999786376953,9.746495683288574
1732511469062551800,17.3985517578125,0.022296002960205,0.0351648368835449,9.664494276428222
1732511469072486000,17.40848583984375,0.0035913024902343,0.0468365699768066,9.6273841506958
1732511469082420000,17.418419921875,-0.0342670112609863,0.0372597633361816,9.65387000656128
1732511469092353800,17.428353759765624,-0.0315735343933105,0.0261865806579589,9.769240599060058
1732511469102288000,17.438287841796875,0.0426467170715332,0.0207996269226074,9.893739085388184
1732511469112221700,17.4482216796875,0.0640448944091796,0.0477343955993652,9.9468604347229
1732511469122156000,17.458156005859376,0.040851065826416,0.0549170005798339,9.916184725952148
1732511469132089900,17.46808984375,-0.0249894798278808,0.0665887336730957,9.811288765716553
1732511469142023700,17.478023681640625,-0.0562637390136718,0.0885854614257812,9.757718503570556
1732511469151957800,17.487957763671876,-0.0541688125610351,0.1048959602355956,9.506925879669188
1732511469161891800,17.497891845703126,-0.1083376251220703,0.1182137069702148,9.4864255279541
1732511469171826000,17.507825927734373,-0.0573112022399902,0.0806546684265136,9.804405435943602
1732511469181759700,17.517759765625,0.1087865379333496,0.003142389678955,10.024073438262938
1732511469191693800,17.52769384765625,0.1665466529846191,-0.0664390960693359,9.90122096557617
1732511469201627600,17.537627685546877,0.1439513748168945,-0.0869394477844238,9.593715689849851
1732511469211562000,17.54756201171875,0.0441430931091308,-0.063147068786621,9.620500820922851
1732511469221495800,17.557495849609374,-0.022296002960205,-0.0035913024902343,9.853336932373049
1732511469231430000,17.567429931640625,-0.0707785865783691,0.041449616241455,9.944166957855224
1732511469241363700,17.57736376953125,-0.0927753143310546,0.0873883605957031,9.892990897369383
1732511469251297800,17.5872978515625,-0.0722749626159667,0.1125274780273437,9.811288765716553
1732511469261233000,17.59723291015625,-0.0432452674865722,0.1336263801574707,9.775974291229248
1732511469271166700,17.607166748046875,0.0001496376037597,0.1265934127807617,9.764901108551024
1732511469281100800,17.617100830078126,0.0511760604858398,0.1134253036499023,9.763255094909669
1732511469291035000,17.627034912109377,0.0781108291625976,0.1026513961791992,9.788693487548828
1732511469300969000,17.636968994140624,0.055515550994873,0.079756842803955,9.829394915771484
1732511469310902800,17.64690283203125,0.022296002960205,0.043993455505371,9.828197814941406
1732511469320836900,17.6568369140625,-0.0055365913391113,0.028730419921875,9.84555577697754
1732511469330770700,17.666770751953123,-0.0475847579956054,0.0206499893188476,9.865756853485108
1732511469340705000,17.676705078125,-0.0525227989196777,0.0074818801879882,9.84480758895874
1732511469350638800,17.686638916015625,-0.0568622894287109,-0.0118213706970214,9.823110136413574
1732511469360573000,17.696572998046875,-0.0508767852783203,-0.048482583618164,9.785102185058593
1732511469370506800,17.7065068359375,-0.060004679107666,-0.0457891067504882,9.78779566192627
1732511469380440800,17.71644091796875,-0.0004489128112792,-0.0424970794677734,9.763105457305908
1732511469390375000,17.726375,-0.007631517791748,-0.0377086761474609,9.77462755279541
1732511469400308700,17.736308837890626,-0.0166097740173339,-0.0011971008300781,9.808595288848876
1732511469410242800,17.746242919921876,-0.0212485397338867,0.0131681091308593,9.836577520751952
1732511469420176600,17.7561767578125,-0.0254383926391601,0.0462380195617675,9.858873523712155
1732511469430111000,17.766111083984374,-0.0465372947692871,0.0758662651062011,9.850044905090332
1732511469440044800,17.776044921875,-0.0398036026000976,0.0917278511047363,9.76130980606079
1732511469449979000,17.785978759765626,-0.0145148475646972,0.1045966850280761,9.719261639404296
1732511469459913700,17.795913818359374,-0.0020949264526367,0.0872387229919433,9.94641152191162
1732511469469846800,17.8058466796875,-0.0038905776977539,0.067636196899414,9.817274269866942
1732511469479782000,17.815781982421875,-0.0254383926391601,0.031274259185791,9.603591771697998
1732511469489715700,17.8257158203125,-0.002543839263916,0.0243909294128417,9.626785600280762
1732511469499649800,17.83564990234375,0.0070329673767089,0.0187047004699707,9.688436293029785
1732511469509583600,17.84558349609375,-0.0116717330932617,0.0137666595458984,9.828946002960205
1732511469519518000,17.85551806640625,-0.0306757087707519,0.019752163696289,9.92202059249878
1732511469529451800,17.86545166015625,-0.0460883819580078,0.0182557876586914,9.911097047424317
1732511469539385900,17.8753857421875,-0.0493804092407226,0.0263362182617187,9.854085120391844
1732511469549319700,17.885319580078125,-0.0237923789978027,0.0481833084106445,9.8572275100708
1732511469559254000,17.89525390625,0.002543839263916,0.0547673629760742,9.85677859725952
1732511469569187800,17.905187744140626,0.0052373161315917,0.0763151779174804,9.809642752075195
1732511469579122000,17.915121826171877,0.0136170219421386,0.0873883605957031,9.772981539154053
1732511469589055700,17.9250556640625,0.0202010765075683,0.0815524940490722,9.775675016021728
1732511469598989800,17.93498974609375,0.0188543380737304,0.0713771369934082,9.772083713531494
1732511469608924000,17.944923828125,0.0356137496948242,0.034416648864746,9.77402900238037
1732511469618858000,17.95485791015625,0.0321720848083496,0.0332195480346679,9.789142400360106
1732511469628791800,17.964791748046874,0.0480336708068847,0.0207996269226074,9.81338369216919
1732511469638725600,17.9747255859375,0.0498293220520019,0.0109235450744628,9.81981810913086
1732511469648659200,17.9846591796875,0.0377086761474609,0.0167594116210937,9.763853645324708
1732511469658593500,17.994593505859374,-0.0070329673767089,0.0303764335632324,9.645191025543213
1732511469668528400,18.0045283203125,-0.043993455505371,0.033818098449707,9.560196866607663
1732511469678462200,18.014462158203123,-0.0396539649963378,0.0357633872985839,9.655067107391355
1732511469688396300,18.02439624023437,-0.0070329673767089,0.0264858558654785,9.849147079467771
1732511469698330400,18.034330322265625,0.0290296951293945,0.0315735343933105,9.947458985137938
1732511469708264400,18.044264404296875,0.0483329460144042,0.0375590385437011,9.912294148254396
1732511469718198300,18.0541982421875,0.0082300682067871,0.0405517906188964,9.82535470046997
1732511469728132400,18.06413232421875,-0.0525227989196777,0.0761655403137206,9.757419228363036
1732511469738066400,18.07406640625,-0.0929249519348144,0.1007061073303222,9.510367544555663
1732511469748000300,18.084000244140626,-0.117465518951416,0.137217682647705,9.471761042785644
1732511469757934300,18.09393432617188,-0.0377086761474609,0.0908300254821777,9.829095640563963
1732511469767868200,18.1038681640625,0.1140238540649414,0.0092775314331054,9.989507151794433
1732511469777802200,18.11380224609375,0.1617582496643066,-0.0445920059204101,9.845256501770018
1732511469787736300,18.123736328125,0.1234510231018066,-0.0632967063903808,9.603442134094236
1732511469797670400,18.13367041015625,0.0249894798278808,-0.0260369430541992,9.647435589599608
1732511469807604200,18.143604248046877,-0.0234931037902832,0.0184054252624511,9.841216286468503
1732511469817538300,18.153538330078124,-0.0697311233520507,0.0547673629760742,9.91438907470703
1732511469827472100,18.16347216796875,-0.0849941589355468,0.1047463226318359,9.86979706878662
1732511469837406500,18.173406494140625,-0.0788590171813964,0.1304839904785156,9.84510686416626
1732511469847340300,18.18334033203125,-0.0170586868286132,0.1258452247619629,9.803507610321043
1732511469857274400,18.1932744140625,0.0369604881286621,0.1234510231018066,9.783007258605956
1732511469867209500,18.20320947265625,0.0806546684265136,0.0990600936889648,9.791536602020264
1732511469877143300,18.21314331054688,0.0812532188415527,0.0897825622558593,9.770138424682616
1732511469887077400,18.223077392578126,0.0857423469543457,0.0634463439941406,9.815628256225583
1732511469897011200,18.23301123046875,0.0540191749572753,0.0508767852783203,9.845855052185058
1732511469906945300,18.2429453125,0.0074818801879882,0.0441430931091308,9.838672447204589
1732511469916879400,18.25287939453125,-0.0420481666564941,0.0342670112609863,9.822511585998535
1732511469926813400,18.2628134765625,-0.0830488700866699,0.0254383926391601,9.797372468566897
1732511469936747300,18.272747314453124,-0.0939724151611328,0.0097264442443847,9.795876092529296
1732511469946681300,18.28268139648437,-0.0769137283325195,-0.0137666595458984,9.766547122192382
1732511469956615200,18.292615234375,-0.0794575675964355,-0.0160112236022949,9.758017778778076
1732511469966549500,18.30254956054688,-0.043394905090332,-0.0212485397338867,9.788394212341307
1732511469976483300,18.3124833984375,-0.0345662864685058,-0.0196025260925292,9.807547825622558
1732511469986417400,18.32241748046875,-0.0329202728271484,0.0055365913391113,9.833584768676758
1732511469996351200,18.332351318359372,-0.040851065826416,0.03187280960083,9.83822353439331
1732511470006285300,18.342285400390622,-0.0300771583557128,0.0692822105407714,9.841066648864745
1732511470016219400,18.35221948242188,-0.0275333190917968,0.0915782135009765,9.822511585998535
1732511470026153200,18.3621533203125,-0.0190039756774902,0.1095347259521484,9.76175871887207
1732511470036087300,18.37208740234375,-0.0032920272827148,0.1066916114807128,9.63351929244995
1732511470046021000,18.382021240234376,0.0038905776977539,0.1300350776672363,9.80575217437744
1732511470055956500,18.39195654296875,0.0305260711669921,0.1057937858581542,9.853486569976804
1732511470065890300,18.40189038085937,0.0350151992797851,0.0582090278625488,9.657910221862792
1732511470075824400,18.411824462890625,0.0565630142211914,0.0368108505249023,9.604040684509275
1732511470085758200,18.42175830078125,0.0647930824279785,0.0567126518249511,9.676914197540285
1732511470095692300,18.4316923828125,0.0314238967895507,0.0570119270324707,9.82580361328125
1732511470105626400,18.44162646484375,0.0149637603759765,0.0544680877685546,9.906607919311522
1732511470115560200,18.45156030273437,-0.0163104988098144,0.0785597419738769,9.842862300109864
1732511470125494300,18.461494384765626,-0.0342670112609863,0.0757166275024414,9.83238766784668
1732511470135428400,18.47142846679688,-0.0065840545654296,0.0658405456542968,9.877877499389648
1732511470145362400,18.481362548828123,0.0480336708068847,0.0796072052001953,9.912743061065672
1732511470155296300,18.491296142578125,0.0468365699768066,0.1093850883483886,9.859023161315918
1732511470165230300,18.501230224609376,0.0237923789978027,0.1421557235717773,9.777321029663083
1732511470175164200,18.5111640625,0.034416648864746,0.1316810913085937,9.740510179138184
1732511470185098500,18.521098388671877,0.0430956298828125,0.1288379768371582,9.77358008956909
1732511470195032300,18.5310322265625,0.0552162757873535,0.1044470474243164,9.821314485168456
1732511470204966400,18.54096630859375,0.043993455505371,0.0733224258422851,9.815029705810549
1732511470214900200,18.550900146484373,0.0658405456542968,0.0698807609558105,9.803956523132324
1732511470224834600,18.56083447265625,0.0767640907287597,0.0520738861083984,9.810989490509032
1732511470234769400,18.57076928710937,0.0748188018798828,0.0559644638061523,9.78046341934204
1732511470244703200,18.580703125,0.0610521423339843,0.0692822105407714,9.719411277008057
1732511470254637300,18.59063720703125,0.0261865806579589,0.0809539436340332,9.702053314971923
1732511470264571400,18.6005712890625,0.0249894798278808,0.0956184288024902,9.708637369537351
1732511470274505500,18.61050537109375,0.0398036026000976,0.1062426986694335,9.738265615081788
1732511470284439300,18.620439208984376,0.0435445426940917,0.1185129821777343,9.77358008956909
1732511470294373400,18.630373291015623,0.0520738861083984,0.1277905136108398,9.757269590759275
1732511470304307200,18.64030712890625,0.0472854827880859,0.1330278297424316,9.727790982818602
1732511470314241500,18.650241455078124,0.0309749839782714,0.1264437751770019,9.735422500610351
1732511470324175400,18.66017529296875,0.0185550628662109,0.1285387016296386,9.811588040924072
1732511470334109200,18.670109130859377,0.0209492645263671,0.1289876144409179,9.898677126312256
1732511470344043300,18.680043212890624,0.0104746322631835,0.1222539222717285,9.935188701629638
1732511470353977300,18.689977294921874,0.0106242698669433,0.1159691429138183,9.925162982177731
1732511470363911400,18.699911376953125,0.0109235450744628,0.1098340011596679,9.816526081848144
1732511470373845200,18.70984521484375,-0.0071826049804687,0.1182137069702148,9.772831901550292
1732511470383779300,18.719779296875,-0.0098760818481445,0.1210568214416503,9.64653776397705
1732511470393713200,18.729713134765625,-0.0269347686767578,0.136619132232666,9.396044415283203
1732511470403647500,18.7396474609375,-0.0547673629760742,0.1277905136108398,9.597157354736328
1732511470413581300,18.74958129882813,0.105943423461914,0.0456394691467285,9.92261914291382
1732511470423516200,18.75951611328125,0.1949777976989746,-0.0445920059204101,9.972897377777098
1732511470433450200,18.7694501953125,0.2030582283020019,-0.0784101043701171,9.698761287689209
1732511470443384300,18.77938427734375,0.1213560966491699,-0.0472854827880859,9.612270752716064
1732511470453318400,18.789318359375,0.0638952568054199,0.029328970336914,9.781810157775878
1732511470463252200,18.799252197265623,0.038905776977539,0.0966658920288085,9.938031816101072
1732511470473186300,18.809186279296878,0.0034416648864746,0.1783680236816406,9.90211879119873
1732511470483120400,18.819120361328125,-0.0227449157714843,0.2406172668457031,9.824007962036132
1732511470493054500,18.82905444335937,0.0004489128112792,0.2709937004089355,9.791686239624022
1732511470502988300,18.83898828125,0.0266354934692382,0.2847603599548339,9.782857621002195
1732511470512922400,18.84892236328125,0.0655412704467773,0.254683201599121,9.772233351135254
1732511470522856200,18.858856201171875,0.091278938293457,0.20425532913208,9.821763397979735
1732511470532790500,18.86879052734375,0.0628477935791015,0.1559223831176757,9.848249253845214
1732511470542724400,18.878724365234376,0.0386065017700195,0.1105821891784668,9.842263749694824
1732511470552658400,18.888658447265627,0.0100257194519042,0.0954687911987304,9.8311905670166
1732511470562592300,18.89859228515625,-0.0264858558654785,0.0700303985595703,9.847201790618897
1732511470572526300,18.9085263671875,-0.0336684608459472,0.0471358451843261,9.841216286468503
1732511470582460400,18.91846044921875,-0.0528220741271972,0.0418985290527343,9.801711959075927
1732511470592395300,18.928395263671877,-0.0278325942993164,0.0327706352233886,9.775226103210448
1732511470602329300,18.938329345703124,0.0074818801879882,0.0240916542053222,9.77358008956909
1732511470612263400,18.94826342773437,0.0199018013000488,0.0323217224121093,9.753977563476562
1732511470622197500,18.958197509765625,0.0549170005798339,0.0410007034301757,9.801412683868408
1732511470632131300,18.96813134765625,0.0570119270324707,0.079158292388916,9.802310509490969
1732511470642065400,18.9780654296875,0.0508767852783203,0.1252466743469238,9.788992762756347
1732511470651999700,18.987999755859374,0.0472854827880859,0.1753752716064453,9.797073193359374
1732511470661933800,18.997933837890624,0.0644938072204589,0.1888426559448242,9.813832604980467
1732511470671868000,19.007867919921875,0.0553659133911132,0.2246060432434082,9.809044201660155
1732511470681801700,19.0178017578125,0.0733224258422851,0.2255038688659668,9.746645320892334
1732511470691735800,19.02773583984375,0.0751180770874023,0.2307411849975585,9.676614922332764
1732511470701670000,19.037669921875,0.0531213493347167,0.2243067680358886,9.856180046844482
1732511470711604000,19.04760400390625,0.0472854827880859,0.1910872200012207,9.803357972717285
1732511470721537800,19.05753784179688,0.040851065826416,0.1331774673461914,9.6273841506958
1732511470731472000,19.067471923828126,0.0577601150512695,0.1017535705566406,9.623493572998049
1732511470741405700,19.07740576171875,0.0757166275024414,0.0769137283325195,9.821314485168456
1732511470751340000,19.087340087890624,0.1038484970092773,0.0668880088806152,9.9093013961792
1732511470761275000,19.09727490234375,0.0623988807678222,0.0728735130310058,9.83163947982788
1732511470771208700,19.107208740234373,0.0143652099609375,0.0956184288024902,9.740959091949462
1732511470781142800,19.117142822265624,0.0167594116210937,0.1279401512145996,9.802609784698486
1732511470791076900,19.127076904296874,0.0317231719970703,0.1476923149108886,9.897928938293456
1732511470801011000,19.137010986328125,0.0576104774475097,0.1698386802673339,9.923965881347655
1732511470810944800,19.14694482421875,0.0737713386535644,0.1904886695861816,9.859172798919678
1732511470820878800,19.15687890625,0.0897825622558593,0.21068974609375,9.756222127532958
1732511470830813000,19.16681298828125,0.0811035812377929,0.2102408332824707,9.721805478668212
1732511470840746800,19.176746826171875,0.0857423469543457,0.2150292366027832,9.77926631851196
1732511470850680800,19.18668090820313,0.0839466957092285,0.1831564270019531,9.813084416961669
1732511470860614700,19.19661474609375,0.0790086547851562,0.1598129608154296,9.790938051605224
1732511470870548700,19.206548828125,0.0936731399536132,0.141706810760498,9.79303297805786
1732511470880482800,19.21648291015625,0.1230021102905273,0.1173158813476562,9.802909059906003
1732511470890417000,19.2264169921875,0.1086369003295898,0.1054945106506347,9.784802909851074
1732511470900350700,19.236350830078123,0.0977133552551269,0.1167173309326171,9.733926124572754
1732511470910284800,19.24628491210937,0.0556651885986328,0.1230021102905273,9.689483756256102
1732511470920219000,19.256218994140625,0.0359130249023437,0.1222539222717285,9.725546418762208
1732511470930153700,19.26615380859375,0.015263035583496,0.1578676719665527,9.753678288269043
1732511470940087800,19.276087890625,0.0472854827880859,0.1509843421936035,9.79991630783081
1732511470950021600,19.286021728515625,0.0474351203918457,0.1542763694763183,9.79916811981201
1732511470959956000,19.2959560546875,0.0579097526550293,0.1521814430236816,9.791087689208984
1732511470969889800,19.30588989257813,0.0620996055603027,0.1717839691162109,9.78166052017212
1732511470979823900,19.315823974609376,0.0441430931091308,0.1701379554748535,9.79991630783081
1732511470989757700,19.3257578125,0.0499789596557617,0.1719336067199706,9.811139128112792
1732511470999691800,19.33569189453125,0.0568622894287109,0.1852513534545898,9.797821381378172
1732511471009625900,19.3456259765625,0.0511760604858398,0.180014037322998,9.788693487548828
1732511471019560000,19.355559814453127,0.0932242271423339,0.1795651245117187,9.794678991699218
1732511471029493800,19.36549365234375,0.0849941589355468,0.1849520782470703,9.792733702850342
1732511471039427800,19.375427734375,0.1005564697265625,0.1857002662658691,9.78166052017212
1732511471049362000,19.38536181640625,0.1023521209716796,0.1762730972290039,9.789441675567629
1732511471059296000,19.3952958984375,0.1153705924987792,0.1666962905883789,9.78031378173828
1732511471069229800,19.405229736328124,0.098910456085205,0.174926358795166,9.790788414001463
1732511471079164000,19.41516381835937,0.100855744934082,0.1891419311523437,9.791536602020264
1732511471089099000,19.42509912109375,0.0794575675964355,0.1707365058898925,9.791835877227784
1732511471099032800,19.43503271484375,0.0881365486145019,0.1936310592651367,9.786598561096191
1732511471108967000,19.444966796875,0.0787093795776367,0.170437230682373,9.804704711151125
1732511471118900700,19.454900634765625,0.0680851097106933,0.1812111381530761,9.808296013641357
1732511471128834800,19.46483471679688,0.0775122787475585,0.1716343315124511,9.821164847564695
1732511471138769000,19.474768798828126,0.0733224258422851,0.1931821464538574,9.824307237243652
1732511471148703000,19.484702880859373,0.065092357635498,0.1936310592651367,9.784802909851074
1732511471158636800,19.49463671875,0.062548518371582,0.1858499038696289,9.737517427062988
1732511471168571000,19.50457080078125,0.0704793113708496,0.1957259857177734,9.709535195159912
1732511471178505000,19.5145048828125,0.0567126518249511,0.1777694732666015,9.728988083648682
1732511471188438800,19.524438720703124,0.0737713386535644,0.1581669471740722,9.81921955871582
1732511471198372900,19.53437280273437,0.0508767852783203,0.1595136856079101,9.864260477447507
1732511471208306700,19.544306640625,0.0635959815979003,0.1713350563049316,9.849296717071532
1732511471218240800,19.55424072265625,0.0730231506347656,0.1907879447937011,9.801263046264648
1732511471228174800,19.5641748046875,0.0532709869384765,0.2057517051696777,9.78779566192627
1732511471238109000,19.57410888671875,0.0619499679565429,0.2272995201110839,9.805153623962402
1732511471248043800,19.58404370117188,0.0544680877685546,0.227898070526123,9.827748902130129
1732511471257977600,19.5939775390625,0.0278325942993164,0.2341828498840331,9.799317757415771
1732511471267912000,19.603911865234377,-0.0035913024902343,0.2382230651855468,9.528174419403076
1732511471277845800,19.613845703125,-0.0451905563354492,0.256029940032959,9.45515126876831
1732511471287779800,19.62377978515625,0.0266354934692382,0.2018611274719238,9.753079737854003
1732511471297713700,19.63371362304688,0.1666962905883789,0.1197100830078125,10.062829577636718
1732511471307648000,19.64364794921875,0.1761234596252441,0.05746083984375,9.917381826782226
1732511471317581800,19.65358178710937,0.1343745681762695,0.0392050521850585,9.600299744415285
1732511471327516000,19.663515869140625,0.0745195266723632,0.1029506713867187,9.603442134094236
1732511471337449700,19.67344970703125,0.0128688339233398,0.1623568000793457,9.809044201660155
1732511471347383800,19.6833837890625,0.0011971008300781,0.1894412063598632,9.943418769836423
1732511471357318000,19.69331787109375,-0.0335188232421874,0.2410661796569824,9.88236662750244
1732511471367252000,19.703251953125,0.0028431144714355,0.2847603599548339,9.826551801300049
1732511471377185800,19.713185791015626,0.0359130249023437,0.307056362915039,9.816526081848144
1732511471387119900,19.72311987304688,0.0686836601257324,0.3181295455932617,9.808296013641357
1732511471397053700,19.7330537109375,0.1089361755371093,0.3091512893676758,9.837026433563231
1732511471406988800,19.74298876953125,0.1289876144409179,0.3024175971984863,9.854683670806883
1732511471416923000,19.7529228515625,0.1149216796875,0.2696469619750976,9.8442090385437
1732511471426856700,19.762856689453123,0.0962169792175293,0.2525882751464843,9.822212310791016
1732511471436791000,19.772791015625,0.0585083030700683,0.2287958961486816,9.808146376037596
1732511471446724900,19.782724853515624,0.0423474418640136,0.206200617980957,9.82520506286621
1732511471456659000,19.792658935546875,0.0142155723571777,0.1824082389831542,9.811139128112792
1732511471466592800,19.8025927734375,0.0001496376037597,0.1696890426635742,9.766247846984864
1732511471476526800,19.81252685546875,0.0251391174316406,0.1533785438537597,9.756222127532958
1732511471486461000,19.8224609375,0.0404021530151367,0.149338328552246,9.766247846984864
1732511471496394800,19.832394775390625,0.0507271476745605,0.1448492004394531,9.78121160736084
1732511471506328800,19.84232885742188,0.074669164276123,0.1625064376831054,9.773131176757811
1732511471516262700,19.8522626953125,0.0619499679565429,0.1915361328124999,9.764003282928469
1732511471526196700,19.86219677734375,0.0366612129211425,0.2290951713562011,9.789591313171384
1732511471536130800,19.872130859375,0.0441430931091308,0.2467524085998535,9.803657247924804
1732511471546065000,19.88206494140625,0.0532709869384765,0.2771288421630859,9.80021558303833
1732511471555999700,19.891999755859374,0.0489314964294433,0.289848038482666,9.783905084228516
1732511471565933800,19.901933837890624,0.0567126518249511,0.3009212211608886,9.687538467407226
1732511471575868000,19.911867919921875,0.0815524940490722,0.3148375183105468,9.767145672607422
1732511471585801700,19.9218017578125,0.0646434448242187,0.3112462158203125,9.89583401184082
1732511471595735800,19.93173583984375,0.0351648368835449,0.2632125450134277,9.70459715423584
1732511471605669600,19.94166967773437,0.0133177467346191,0.2313397354125976,9.542988542175292
1732511471615604000,19.95160400390625,0.0478840332031249,0.2085948196411132,9.708637369537351
1732511471625537800,19.96153784179688,0.1177647941589355,0.1803133125305175,9.903016616821288
1732511471635472000,19.97147192382813,0.1297358024597167,0.1553238327026367,9.865457578277589
1732511471645405700,19.98140576171875,0.1185129821777343,0.1854009910583496,9.718064538574218
1732511471655339500,19.991339599609372,0.122553197479248,0.1868973670959472,9.71716671295166
1732511471665273300,20.0012734375,0.1197100830078125,0.2023100402832031,9.837026433563231
1732511471675207400,20.01120751953125,0.1375169578552246,0.2135328605651855,9.964816947174072
1732511471685141200,20.021141357421875,0.1503857917785644,0.2446574821472167,9.951499200439452
1732511471695075300,20.03107543945313,0.1400607971191406,0.2472013214111328,9.826701438903807
1732511471705010400,20.04101049804688,0.1342249305725097,0.2672527603149414,9.702202952575684
1732511471714944300,20.0509443359375,0.125097036743164,0.2506429862976074,9.680355862426758
1732511471724878300,20.06087841796875,0.098910456085205,0.245106394958496,9.733177936553954
1732511471734812200,20.070812255859376,0.0824503196716308,0.2346317626953125,9.79916811981201
1732511471744746500,20.08074658203125,0.0854430717468261,0.1984194625854492,9.83747534637451
1732511471754680300,20.090680419921878,0.1227028350830078,0.1915361328124999,9.833135855865478
1732511471764614400,20.100614501953125,0.1409586227416992,0.170437230682373,9.845855052185058
1732511471774548200,20.11054833984375,0.1279401512145996,0.1765723724365234,9.802460147094726
1732511471784482600,20.120482666015626,0.1177647941589355,0.1858499038696289,9.724498955535887
1732511471794416400,20.13041650390625,0.0790086547851562,0.2047042419433593,9.684396077728271
1732511471804350500,20.1403505859375,0.0613514175415039,0.2094926452636718,9.685443540954587
1732511471814284300,20.1502841796875,0.0709282241821289,0.1879448303222656,9.788394212341307
1732511471824218400,20.16021826171875,0.0564133766174316,0.1985691001892089,9.824157599639893
1732511471834152400,20.17015234375,0.0876876358032226,0.1943792472839355,9.795876092529296
1732511471844086500,20.18008642578125,0.0948702407836914,0.1813607757568359,9.778069217681884
1732511471854021400,20.190021484375,0.1022024833679199,0.1903390319824218,9.77507646560669
1732511471863955200,20.199955078125,0.1170166061401367,0.1925835960388183,9.792284790039062
1732511471873889500,20.2098896484375,0.1236006607055664,0.1924339584350586,9.803657247924804
1732511471883823400,20.2198232421875,0.1221042846679687,0.1894412063598632,9.801113408660887
1732511471893757400,20.22975732421875,0.0932242271423339,0.189590843963623,9.80006594543457
1732511471903691300,20.239691162109374,0.1025017585754394,0.1871966423034667,9.797222830963134
1732511471913625600,20.24962548828125,0.0993593688964843,0.1720832443237304,9.79976667022705
1732511471923559400,20.259559326171875,0.1004068321228027,0.1843535278320312,9.79378116607666
1732511471933493200,20.2694931640625,0.117465518951416,0.1768716476440429,9.791237326812745
1732511471943427300,20.27942724609375,0.1204582710266113,0.1777694732666015,9.800814133453368
1732511471953361200,20.28936108398437,0.1219546470642089,0.1740285331726074,9.80051485824585
1732511471963295500,20.29929541015625,0.1324292793273925,0.1792658493041992,9.823559049224851
1732511471973229300,20.30922924804688,0.1325789169311523,0.1654991897583007,9.823259774017334
1732511471983163400,20.319163330078126,0.1382651458740234,0.1657984649658203,9.82460651245117
1732511471993098200,20.32909814453125,0.1448492004394531,0.1650502769470214,9.767295310211182
1732511472003032300,20.3390322265625,0.1189618949890136,0.1713350563049316,9.713126497650146
1732511472012966400,20.34896630859375,0.1230021102905273,0.1581669471740722,9.707589906311034
1732511472022900200,20.358900146484373,0.1153705924987792,0.1466448516845703,9.78091233215332
1732511472032834300,20.368834228515624,0.1128267532348632,0.1448492004394531,9.846154327392576
1732511472042768400,20.378768310546874,0.1186626197814941,0.1388636962890625,9.88311481552124
1732511472052702500,20.388702392578125,0.1262941375732421,0.1589151351928711,9.87069489440918
1732511472062636300,20.39863623046875,0.1195604454040527,0.1660977401733398,9.79303297805786
1732511472072570400,20.4085703125,0.1162684181213378,0.1804629501342773,9.763255094909669
1732511472082504200,20.418504150390625,0.0998082817077636,0.1930325088500976,9.776722479248049
1732511472092438500,20.4284384765625,0.074669164276123,0.2056020675659179,9.817274269866942
1732511472102372400,20.43837231445313,0.069581485748291,0.1994669258117675,9.711031571197507
1732511472112306400,20.448306396484377,0.033818098449707,0.1891419311523437,9.483283138275146
1732511472122240300,20.458240234375,0.0199018013000488,0.1508347045898437,9.68529390335083
1732511472132174300,20.46817431640625,0.1207575462341308,0.0827495948791503,9.993996279907224
1732511472142109400,20.478109375,0.194678522491455,0.036361937713623,10.072855297088624
1732511472152043300,20.488043212890624,0.1740285331726074,0.0299275207519531,9.75652140274048
1732511472161977300,20.497977294921878,0.1671452033996582,0.0628477935791015,9.490615380859374
1732511472171911400,20.507911376953125,0.0975637176513671,0.1007061073303222,9.548824408721924
1732511472181845500,20.51784545898437,0.0483329460144042,0.1126771156311035,9.775375740814209
1732511472191779300,20.527779296875,0.0368108505249023,0.1415571731567382,9.932345587158204
1732511472201713400,20.53771337890625,0.0531213493347167,0.1604115112304687,9.893140534973144
1732511472211647200,20.547647216796875,0.0692822105407714,0.1798643997192382,9.829095640563963
1732511472221581600,20.55758154296875,0.0966658920288085,0.2084451820373535,9.801412683868408
1732511472231515400,20.567515380859376,0.1325789169311523,0.2328361114501953,9.83837317199707
1732511472241449500,20.577449462890623,0.1457470260620117,0.2475005966186523,9.860519537353516
1732511472251383300,20.58738330078125,0.1737292579650878,0.2290951713562011,9.86366192703247
1732511472261317400,20.5973173828125,0.1714846939086914,0.2129343101501464,9.851990193939208
1732511472271251500,20.60725146484375,0.1786672988891601,0.1996165634155273,9.79961703262329
1732511472281186300,20.617186279296877,0.1547252822875976,0.1842038902282714,9.797522106170652
1732511472291120400,20.627120361328124,0.1319803665161132,0.1671452033996582,9.801562321472169
1732511472301054500,20.63705444335937,0.1066916114807128,0.1286883392333984,9.80605144958496
1732511472310988500,20.646988525390626,0.0876876358032226,0.1197100830078125,9.796474642944336
1732511472320922400,20.65692236328125,0.0980126304626464,0.1105821891784668,9.782408708190918
1732511472330856400,20.6668564453125,0.1051952354431152,0.1152209548950195,9.770437699890136
1732511472340790300,20.676790283203125,0.1194108078002929,0.1153705924987792,9.773280814361572
1732511472350724400,20.686724365234376,0.1361702194213867,0.1307832656860351,9.778218855285644
1732511472360658400,20.696658447265627,0.1228524726867675,0.1304839904785156,9.78674819869995
1732511472370592300,20.70659228515625,0.1246481239318847,0.1473930397033691,9.796773918151857
1732511472380526300,20.7165263671875,0.1054945106506347,0.1654991897583007,9.809493114471437
1732511472390460200,20.726460205078126,0.1095347259521484,0.1816600509643554,9.797971018981931
1732511472400394500,20.73639453125,0.117465518951416,0.1807622253417968,9.776722479248049
1732511472410328300,20.746328369140624,0.1221042846679687,0.1854009910583496,9.67841057357788
1732511472420263200,20.75626318359375,0.1283890640258789,0.199167650604248,9.802909059906003
1732511472430197500,20.766197509765625,0.1120785652160644,0.1952770729064941,9.894936186218262
1732511472440131300,20.77613134765625,0.0743698890686035,0.1681926666259765,9.686790279388427
1732511472450065400,20.7860654296875,0.0824503196716308,0.1444002876281738,9.625887774658205
1732511472459999200,20.795999267578125,0.1521814430236816,0.1207575462341308,9.834931507110594
1732511472469933300,20.805933349609376,0.1852513534545898,0.0986111808776855,9.924564431762697
1732511472479867400,20.815867431640623,0.1746270835876464,0.0959177040100097,9.788094937133788
1732511472489801500,20.825801513671877,0.1143231292724609,0.0990600936889648,9.65940659790039
1732511472499735300,20.8357353515625,0.079756842803955,0.1068412490844726,9.739911628723144
1732511472509669400,20.84566943359375,0.0591068534851074,0.1273416007995605,9.932345587158204
1732511472519603200,20.855603271484377,0.0951695159912109,0.1494879661560058,10.037690460205075
1732511472529537500,20.86553759765625,0.125097036743164,0.1650502769470214,9.94701007232666
1732511472539471400,20.875471435546874,0.1265934127807617,0.1708861434936523,9.785850373077391
1732511472549406200,20.88540625,0.1376665954589843,0.1837549774169921,9.700407301330566
1732511472559340500,20.89534057617188,0.1222539222717285,0.1713350563049316,9.724648593139648
1732511472569274400,20.9052744140625,0.1596633232116699,0.1324292793273925,9.795726454925536
1732511472579208400,20.91520849609375,0.1622071624755859,0.1153705924987792,9.802460147094726
1732511472589142300,20.925142333984372,0.1711854187011718,0.0941220527648925,9.781810157775878
1732511472599076400,20.935076416015622,0.194678522491455,0.0803553932189941,9.790040225982665
1732511472609010400,20.94501049804688,0.2029085906982421,0.0537198997497558,9.797522106170652
1732511472618944500,20.954944580078124,0.1883937431335449,0.062548518371582,9.770587337493897
1732511472628878300,20.96487841796875,0.1638531761169433,0.0748188018798828,9.724349317932129
1732511472638812400,20.9748125,0.134673843383789,0.0799064804077148,9.72943699645996
1732511472648746200,20.984746337890623,0.1168669685363769,0.0830488700866699,9.77417863998413
1732511472658679800,20.9946796875,0.1105821891784668,0.1002571945190429,9.785551097869872
1732511472668613600,21.004613525390624,0.1096843635559082,0.1002571945190429,9.781810157775878
1732511472678548000,21.0145478515625,0.1291372520446777,0.1060930610656738,9.759364517211914
1732511472688482800,21.02448291015625,0.1221042846679687,0.1203086334228515,9.773430451965332
1732511472698416600,21.03441674804688,0.1327285545349121,0.1213560966491699,9.796325005340575
1732511472708350700,21.044350830078123,0.1333271049499511,0.1231517478942871,9.803208335113524
1732511472718284800,21.05428491210937,0.1387140586853027,0.1355716690063476,9.80006594543457
1732511472728219000,21.064218994140624,0.1312321784973144,0.1255459495544433,9.802609784698486
1732511472738152700,21.074152587890627,0.1342249305725097,0.1204582710266113,9.79916811981201
1732511472748086800,21.084086669921877,0.139761521911621,0.1177647941589355,9.795576817321775
1732511472758020600,21.0940205078125,0.1409586227416992,0.1149216796875,9.785251822662351
1732511472767955000,21.10395483398437,0.1446995628356933,0.1138742164611816,9.795427179718017
1732511472777888800,21.113888671875,0.1488894157409667,0.1143231292724609,9.796474642944336
1732511472787822800,21.12382275390625,0.1580173095703125,0.1227028350830078,9.78629928588867
1732511472797756700,21.133756591796875,0.1554734703063964,0.1146224044799804,9.790189863586424
1732511472807690800,21.143690673828125,0.149338328552246,0.1107318267822265,9.79961703262329
1732511472817625900,21.1536259765625,0.1441010124206543,0.1113303771972656,9.805003986358642
1732511472827559700,21.1635595703125,0.1586158599853515,0.1128267532348632,9.823559049224851
1732511472837493800,21.17349365234375,0.1728314323425293,0.1134253036499023,9.810989490509032
1732511472847427800,21.183427734375,0.1418564483642578,0.1408089851379394,9.796624280548096
1732511472857362000,21.19336181640625,0.1435024620056152,0.1218050094604492,9.740510179138184
1732511472867295700,21.203295654296877,0.1433528244018554,0.1207575462341308,9.71013374557495
1732511472877229600,21.2132294921875,0.148739778137207,0.1134253036499023,9.721206928253173
1732511472887163600,21.22316357421875,0.1373673202514648,0.0999579193115234,9.786598561096191
1732511472897097700,21.23309765625,0.1439513748168945,0.1044470474243164,9.853636207580566
1732511472907031800,21.24303173828125,0.1542763694763183,0.1153705924987792,9.8825162651062
1732511472916965600,21.252965576171874,0.1602618736267089,0.1378162330627441,9.873238733673094
1732511472926899700,21.262899658203125,0.1783680236816406,0.1324292793273925,9.817274269866942
1732511472936833800,21.272833740234372,0.1457470260620117,0.1571194839477539,9.787646024322507
1732511472946768600,21.2827685546875,0.1011550201416015,0.1699883178710937,9.80620108718872
1732511472956702700,21.29270263671875,0.0773626411437988,0.1592144104003906,9.778518130493165
1732511472966636500,21.302636474609372,0.0629974311828613,0.165349552154541,9.540594340515137
1732511472976571000,21.31257080078125,0.0427963546752929,0.1641524513244628,9.57007294845581
1732511472986504700,21.32250463867188,0.0929249519348144,0.1125274780273437,9.9085532081604
1732511472996438800,21.332438720703124,0.182557876586914,0.0815524940490722,10.092308185577393
1732511473006372600,21.34237255859375,0.2436100189208984,0.0618003303527832,9.942072031402589
1732511473016306700,21.352306640625,0.2325368362426757,0.0748188018798828,9.566930558776855
1732511473026240800,21.36224072265625,0.1836053398132324,0.1002571945190429,9.48118821182251
1732511473036174800,21.3721748046875,0.1131260284423828,0.1050455978393554,9.6779616607666
1732511473046108700,21.382108642578125,0.0980126304626464,0.115520230102539,9.888052856445311
1732511473056042800,21.39204272460937,0.0929249519348144,0.1122282028198242,9.923217693328857
1732511473065976800,21.401976806640626,0.1039981346130371,0.1369184074401855,9.835978970336914
1732511473075911700,21.41191162109375,0.1325789169311523,0.155772745513916,9.781959795379638
1732511473085845800,21.421845703125,0.1418564483642578,0.1707365058898925,9.792733702850342
1732511473095779600,21.431779541015626,0.1593640480041503,0.1907879447937011,9.821613760375977
1732511473105714000,21.4417138671875,0.1916857704162597,0.206200617980957,9.848997441864013
1732511473115647700,21.451647705078123,0.1930325088500976,0.2127846725463867,9.852139831542967
1732511473125581800,21.46158178710937,0.2163759750366211,0.1969230865478515,9.81877064590454
1732511473135515600,21.471515625,0.1984194625854492,0.1913864952087402,9.826252526092528
1732511473145449700,21.48144970703125,0.1859995414733886,0.1738788955688476,9.816675719451904
1732511473155383800,21.4913837890625,0.1464952140808105,0.1502361541748046,9.815328981018066
1732511473165318000,21.50131787109375,0.1381155082702636,0.1369184074401855,9.789740950775146
1732511473175251700,21.51125170898437,0.0951695159912109,0.1020528457641601,9.802909059906003
1732511473185185800,21.521185791015625,0.082300682067871,0.0902314750671386,9.803956523132324
1732511473195121000,21.531120849609376,0.1048959602355956,0.0794575675964355,9.783605809020996
1732511473205054700,21.5410546875,0.1304839904785156,0.0929249519348144,9.778218855285644
1732511473214988800,21.55098876953125,0.122553197479248,0.1020528457641601,9.785551097869872
1732511473224922600,21.56092260742188,0.1231517478942871,0.1240495735168457,9.778667768096923
1732511473234857000,21.57085693359375,0.1268926879882812,0.1352723937988281,9.78704747390747
1732511473244790800,21.580790771484374,0.1342249305725097,0.1625064376831054,9.812036953735351
1732511473254724900,21.590724853515624,0.1336263801574707,0.1722328819274902,9.791087689208984
1732511473264658700,21.60065869140625,0.1523310806274413,0.1952770729064941,9.734823950195311
1732511473274592500,21.610592529296877,0.1581669471740722,0.1904886695861816,9.715071786499022
1732511473284526800,21.62052685546875,0.1415571731567382,0.2032078659057617,9.886107567596436
1732511473294460700,21.63046069335937,0.1071405242919921,0.1675941162109374,9.813982242584228
1732511473304394800,21.640394775390625,0.0854430717468261,0.146195938873291,9.61496422958374
1732511473314328600,21.65032861328125,0.148739778137207,0.1446995628356933,9.725247143554688
1732511473324263000,21.660262939453126,0.218919814300537,0.1227028350830078,9.891793796539304
1732511473334197800,21.67019775390625,0.2518400871276855,0.1051952354431152,9.848398891448976
1732511473344131600,21.68013159179688,0.2256535064697265,0.1144727668762207,9.706991355895996
1732511473354065700,21.690065673828126,0.1604115112304687,0.1122282028198242,9.65282254333496
1732511473363999700,21.699999755859373,0.1212064590454101,0.1339256553649902,9.753229375457764
1732511473373933800,21.709933837890624,0.0932242271423339,0.139761521911621,9.889848507690427
1732511473383867600,21.71986767578125,0.1149216796875,0.1429039115905761,9.9085532081604
1732511473393801700,21.7298017578125,0.1423053611755371,0.1470937644958496,9.859920986938477
1732511473403735600,21.739735595703124,0.1646013641357421,0.1572691215515136,9.803657247924804
1732511473413670000,21.749669921875,0.1663970153808593,0.1589151351928711,9.804555073547364
1732511473423603700,21.759603759765625,0.1807622253417968,0.1429039115905761,9.787945299530028
1732511473433537800,21.769537841796875,0.1874959175109863,0.137217682647705,9.789591313171384
1732511473443471600,21.7794716796875,0.1854009910583496,0.117465518951416,9.76819313583374
1732511473453406700,21.78940673828125,0.172981069946289,0.1072901618957519,9.757119953155517
1732511473463340800,21.7993408203125,0.1822586013793945,0.0857423469543457,9.795427179718017
1732511473473274600,21.80927465820313,0.201112939453125,0.0879869110107421,9.822960498809811
1732511473483208700,21.819208740234377,0.1734299827575683,0.08933364944458,9.765798934173583
1732511473493142800,21.829142822265624,0.1574187591552734,0.084245970916748,9.724947868347169
1732511473503076900,21.839076904296878,0.1330278297424316,0.0935235023498535,9.720458740234374
1732511473513010700,21.8490107421875,0.1268926879882812,0.1023521209716796,9.746794958496093
1732511473522944800,21.85894482421875,0.1271919631958007,0.1060930610656738,9.778518130493165
1732511473532878600,21.86887866210937,0.1149216796875,0.0998082817077636,9.789740950775146
1732511473542813000,21.87881298828125,0.1216553718566894,0.1020528457641601,9.792135152435302
1732511473552746800,21.888746826171875,0.1328781921386718,0.1086369003295898,9.788394212341307
1732511473562680800,21.89868090820313,0.1505354293823242,0.1146224044799804,9.807847100830076
1732511473572616000,21.90861596679688,0.1562216583251953,0.120009358215332,9.81248586654663
1732511473582549800,21.9185498046875,0.1571194839477539,0.1056441482543945,9.812036953735351
1732511473592483800,21.92848388671875,0.1580173095703125,0.1170166061401367,9.811588040924072
1732511473602417700,21.938417724609376,0.1647510017395019,0.1083376251220703,9.772532626342771
1732511473612351700,21.948351806640623,0.1828571517944335,0.1376665954589843,9.802460147094726
1732511473622285800,21.958285888671877,0.1830067893981933,0.1306336280822753,9.809193839263916
1732511473632220000,21.968219970703124,0.1687912170410156,0.1102829139709472,9.804405435943602
1732511473642153700,21.97815380859375,0.1837549774169921,0.1032499465942382,9.80679963760376
1732511473652089000,21.98808911132813,0.1758241844177246,0.1002571945190429,9.815927531433104
1732511473662023400,21.9980234375,0.1731307075500488,0.0911293006896972,9.786000010681152
1732511473671957200,22.007957275390623,0.1764227348327636,0.1044470474243164,9.781361244964598
1732511473681891300,22.017891357421878,0.1897404815673828,0.1036988594055175,9.78151088256836
1732511473691826200,22.027826171875,0.1629553504943847,0.1068412490844726,9.778817405700684
1732511473701760300,22.03776025390625,0.1620575248718261,0.1071405242919921,9.782408708190918
1732511473711694300,22.0476943359375,0.1482908653259277,0.1233013854980468,9.801711959075927
1732511473721628200,22.057628173828125,0.1640028137207031,0.0950198783874511,9.813234054565427
1732511473731562200,22.06756225585937,0.1680430290222168,0.1007061073303222,9.803058697509766
1732511473741496000,22.07749609375,0.1699883178710937,0.122553197479248,9.786448923492433
1732511473751430400,22.08743041992188,0.1590647727966308,0.1207575462341308,9.73033482208252
1732511473761364200,22.0973642578125,0.1542763694763183,0.1134253036499023,9.70384896621704
1732511473771298000,22.10729809570313,0.1473930397033691,0.1092354507446289,9.747842421722412
1732511473781232000,22.117232177734376,0.1535281814575195,0.1075894371032714,9.8326869430542
1732511473791166200,22.127166259765627,0.1580173095703125,0.1001075569152832,9.872490545654296
1732511473801100300,22.137100341796877,0.1502361541748046,0.1054945106506347,9.889848507690427
1732511473811035100,22.14703515625,0.1848024406433105,0.1090858131408691,9.881319164276125
1732511473820969200,22.15696923828125,0.2105401084899902,0.1294365272521972,9.814431155395509
1732511473830903300,22.1669033203125,0.1786672988891601,0.1607107864379882,9.747393508911133
1732511473840837000,22.176837158203124,0.1132756660461425,0.1617582496643066,9.732878661346437
1732511473850771200,22.18677124023437,0.0903811126708984,0.1464952140808105,9.719112001800536
1732511473860705000,22.196705078125,0.0565630142211914,0.1587654975891113,9.494655596160888
1732511473870639000,22.20663916015625,0.0592564910888671,0.1460463012695312,9.62065045852661
1732511473880573200,22.2165732421875,0.1240495735168457,0.0999579193115234,9.961674557495115
1732511473890507300,22.22650732421875,0.2467524085998535,0.0646434448242187,10.110414335632324
1732511473900441000,22.236441162109376,0.2534861007690429,0.063147068786621,9.851391643524169
1732511473910375200,22.246375244140623,0.2365770515441894,0.050427872467041,9.505579141235351
1732511473920309200,22.256309326171877,0.1801636749267578,0.0787093795776367,9.517250874328612
1732511473930244000,22.266244140625,0.1240495735168457,0.0903811126708984,9.758167416381836
1732511473940178200,22.27617822265625,0.0944213279724121,0.0821510444641113,9.929053559875488
1732511473950112000,22.286112060546877,0.0843956085205078,0.1098340011596679,9.900622415161132
1732511473960046300,22.29604638671875,0.1017535705566406,0.1093850883483886,9.795576817321775
1732511473969980200,22.30598022460937,0.1396118843078613,0.1463455764770507,9.756222127532958
1732511473979914200,22.315914306640625,0.1708861434936523,0.1651999145507812,9.816825357055665
1732511473989848000,22.32584814453125,0.1740285331726074,0.1877951927185058,9.848099616241454
1732511473999782100,22.3357822265625,0.1741781707763671,0.1994669258117675,9.85019454269409
1732511474009716200,22.34571630859375,0.2154781494140625,0.1952770729064941,9.856030409240722
1732511474019650300,22.355650390625,0.2190694519042968,0.1915361328124999,9.848398891448976
1732511474029584100,22.365584228515623,0.1837549774169921,0.1635539009094238,9.835530057525634
1732511474039518200,22.37551831054688,0.1743278083801269,0.1387140586853027,9.834482594299317
1732511474049453300,22.385453369140624,0.146195938873291,0.1385644210815429,9.816077169036864
1732511474059387100,22.39538720703125,0.1042974098205566,0.0954687911987304,9.78629928588867
1732511474069321200,22.4053212890625,0.0781108291625976,0.0607528671264648,9.775226103210448
1732511474079255000,22.415255126953124,0.0680851097106933,0.0418985290527343,9.770437699890136
1732511474089189400,22.425189453125,0.076614453125,0.0396539649963378,9.785700735473633
1732511474099123200,22.435123291015625,0.0879869110107421,0.0450409187316894,9.776872116851806
1732511474109057300,22.445057373046875,0.103399584197998,0.0562637390136718,9.78734674911499
1732511474118991000,22.4549912109375,0.111031101989746,0.0908300254821777,9.797222830963134
1732511474128925200,22.46492529296875,0.1288379768371582,0.1171662437438964,9.810690215301513
1732511474138859300,22.474859375,0.1221042846679687,0.1478419525146484,9.817423907470705
1732511474148793300,22.48479345703125,0.1307832656860351,0.1524807182312011,9.811438403320311
1732511474158727200,22.49472705078125,0.1273416007995605,0.1726817947387695,9.744550394439695
1732511474168662300,22.504662353515624,0.1340752929687499,0.1771709228515625,9.797222830963134
1732511474178596400,22.514596435546878,0.1292868896484375,0.1701379554748535,9.94596260910034
1732511474188530200,22.5245302734375,0.0948702407836914,0.1628057128906249,9.77358008956909
1732511474198464300,22.53446435546875,0.0905307502746581,0.1244984863281249,9.604190322113036
1732511474208398000,22.54439819335937,0.1123778404235839,0.1141734916687011,9.713276135253906
1732511474218332400,22.55433251953125,0.1686415794372558,0.0849941589355468,9.87653076095581
1732511474228266200,22.564266357421875,0.1924339584350586,0.0785597419738769,9.84555577697754
1732511474238200000,22.574199951171877,0.1577180343627929,0.0610521423339843,9.769539874267576
1732511474248134100,22.584134033203124,0.1132756660461425,0.0704793113708496,9.74335329360962
1732511474258068000,22.59406787109375,0.0646434448242187,0.0616506927490234,9.812186591339112
1732511474268002300,22.604002197265626,0.0489314964294433,0.0802057556152343,9.896731837463378
1732511474277937200,22.613937255859376,0.0679354721069335,0.0799064804077148,9.902567704010009
1732511474287871200,22.623871337890623,0.0685340225219726,0.1083376251220703,9.843909763336182
1732511474297805300,22.633805419921877,0.0992097312927246,0.111031101989746,9.811438403320311
1732511474307739100,22.6437392578125,0.1273416007995605,0.1264437751770019,9.791386964416503
1732511474317673200,22.653673095703127,0.1562216583251953,0.1089361755371093,9.778967043304442
1732511474327607000,22.66360693359375,0.1506850669860839,0.0965162544250488,9.750685536193847
1732511474337541000,22.673541015625,0.1460463012695312,0.0827495948791503,9.746196408081056
1732511474347475200,22.68347509765625,0.1448492004394531,0.0620996055603027,9.790040225982665
1732511474357409300,22.6934091796875,0.1554734703063964,0.0594061286926269,9.828646727752686
1732511474367343000,22.703343017578124,0.1692401298522949,0.0607528671264648,9.82610288848877
1732511474377277200,22.71327709960937,0.1473930397033691,0.0731727882385253,9.822062673187256
1732511474387212300,22.72321240234375,0.1244984863281249,0.0483329460144042,9.75502502670288
1732511474397146000,22.73314599609375,0.0956184288024902,0.0567126518249511,9.733926124572754
1732511474407080200,22.743080078125,0.072723875427246,0.0615010551452636,9.745148944854735
1732511474417014000,22.753013916015625,0.0697311233520507,0.063147068786621,9.77462755279541
1732511474426948400,22.7629482421875,0.0665887336730957,0.0544680877685546,9.791985514831543
1732511474436882200,22.772882080078126,0.0815524940490722,0.067636196899414,9.788394212341307
1732511474446816300,22.782816162109373,0.0858919845581054,0.0643441696166992,9.790788414001463
1732511474456750000,22.79275,0.0885854614257812,0.0733224258422851,9.799317757415771
1732511474466684200,22.80268408203125,0.0879869110107421,0.0679354721069335,9.796474642944336
1732511474476618200,22.8126181640625,0.0956184288024902,0.074669164276123,9.797821381378172
1732511474486552300,22.82255224609375,0.0986111808776855,0.088735099029541,9.797522106170652
1732511474496486100,22.83248608398437,0.1025017585754394,0.0860416221618652,9.79318261566162
1732511474506421000,22.8424208984375,0.0978629928588867,0.0897825622558593,9.78106196975708
1732511474516355300,22.852355224609376,0.0902314750671386,0.0697311233520507,9.78106196975708
1732511474526289200,22.8622890625,0.1057937858581542,0.0640448944091796,9.78046341934204
1732511474536223200,22.87222314453125,0.1016039329528808,0.0564133766174316,9.784353997039794
1732511474546157000,22.88215698242188,0.0993593688964843,0.0420481666564941,9.78166052017212
1732511474556091400,22.89209130859375,0.1390133338928222,0.0451905563354492,9.772831901550292
1732511474566025200,22.902025146484377,0.1283890640258789,0.052971711730957,9.778368492889404
1732511474575959300,22.911959228515624,0.1158195053100586,0.0421978042602539,9.80006594543457
1732511474585893000,22.92189306640625,0.0981622680664062,0.0260369430541992,9.809942027282714
1732511474595827200,22.9318271484375,0.1029506713867187,0.0465372947692871,9.794978266906735
1732511474605761300,22.94176123046875,0.1060930610656738,0.0492307716369628,9.78719711151123
1732511474615696100,22.951696044921874,0.1007061073303222,0.0456394691467285,9.715670336914062
1732511474625630200,22.961630126953125,0.0902314750671386,0.0360626625061035,9.711031571197507
1732511474635564000,22.97156396484375,0.0899321998596191,0.0299275207519531,9.773879364776612
1732511474645498400,22.981498291015622,0.0830488700866699,0.024839842224121,9.854683670806883
1732511474655431000,22.991430908203125,0.0745195266723632,0.0350151992797851,9.85079309310913
1732511474665364700,23.00136474609375,0.0683843849182128,0.0351648368835449,9.868450330352784
1732511474675298800,23.011298828125,0.0911293006896972,0.0637456192016601,9.898228213500976
1732511474685233000,23.02123291015625,0.0969651672363281,0.0618003303527832,9.8709941696167
1732511474695166700,23.031166748046875,0.0589572158813476,0.077213003540039,9.810839852905271
1732511474705100800,23.041100830078125,0.0213981773376464,0.0975637176513671,9.740210903930665
1732511474715034600,23.05103466796875,0.0164601364135742,0.0739209762573242,9.632471829223633
1732511474724970000,23.060969970703123,0.0062847793579101,0.0643441696166992,9.336937561798097
1732511474734903800,23.07090380859375,-0.0086789810180664,0.0418985290527343,9.498546173858642
1732511474744838000,23.080837890625,0.0754173522949218,-0.0149637603759765,9.937283628082277
1732511474754771700,23.090771728515627,0.1663970153808593,-0.0670376464843749,10.153958878326415
1732511474764705800,23.100705810546877,0.1970727241516113,-0.1099836387634277,9.88296517791748
1732511474774639900,23.110639892578124,0.160860424041748,-0.0821510444641113,9.527426231384275
1732511474784573700,23.12057373046875,0.1126771156311035,-0.0332195480346679,9.587131635284424
1732511474794507800,23.1305078125,0.0591068534851074,0.0011971008300781,9.860818812561035
1732511474804441900,23.14044189453125,0.0068833297729492,0.0326209976196289,9.969455712890625
1732511474814376000,23.1503759765625,-0.0074818801879882,0.0564133766174316,9.881169526672362
1732511474824309800,23.160309814453125,-0.0017956512451171,0.0827495948791503,9.781810157775878
1732511474834244600,23.17024462890625,0.0297778831481933,0.0873883605957031,9.783755446624756
1732511474844179000,23.180178955078127,0.0372597633361816,0.1031003089904785,9.810839852905271
1732511474854112800,23.19011279296875,0.0610521423339843,0.0849941589355468,9.826851076507568
1732511474864046800,23.200046875,0.0849941589355468,0.072125325012207,9.812036953735351
1732511474873980700,23.209980712890623,0.082300682067871,0.0505775100708007,9.81188731613159
1732511474883914800,23.219914794921877,0.0585083030700683,0.0163104988098144,9.84465795135498
1732511474893848800,23.229848876953124,0.0357633872985839,0.003142389678955,9.87009634399414
1732511474903783000,23.23978295898437,0.0321720848083496,-0.0022445640563964,9.88371336593628
1732511474913716700,23.249716796875,0.0218470901489257,-0.0372597633361816,9.872041632843017
1732511474923650800,23.25965087890625,0.0188543380737304,-0.0543184501647949,9.795876092529296
1732511474933585000,23.2695849609375,0.017208324432373,-0.0677858345031738,9.740959091949462
1732511474943519700,23.279519775390625,0.0113724578857421,-0.0754173522949218,9.746794958496093
1732511474953453800,23.28945385742188,0.0460883819580078,-0.0818517692565918,9.766547122192382
1732511474963387600,23.2993876953125,0.0610521423339843,-0.0571615646362304,9.788244574737549
1732511474973322000,23.309322021484373,0.0538695373535156,-0.0181061500549316,9.783007258605956
1732511474983255800,23.319255859375,0.0421978042602539,0.0035913024902343,9.813982242584228
1732511474993190000,23.32918994140625,0.0474351203918457,0.0540191749572753,9.80620108718872
1732511475003123700,23.33912377929688,0.0489314964294433,0.0622492431640624,9.8189202835083
1732511475013057800,23.349057861328124,0.0427963546752929,0.0751180770874023,9.782259070587155
1732511475022992000,23.35899194335937,0.0430956298828125,0.0900818374633789,9.731980835723876
1732511475032926000,23.368926025390625,0.0637456192016601,0.0894832870483398,9.961674557495115
1732511475042859800,23.37885986328125,0.0486322212219238,0.0668880088806152,9.901071327972412
1732511475052795000,23.388794921875,0.0064344169616699,0.0231938285827636,9.654767832183838
1732511475062729000,23.39872900390625,0.0279822319030761,0.0004489128112792,9.610026188659669
1732511475072662800,23.408662841796875,0.052971711730957,-0.0040402153015136,9.688137017822266
1732511475082596900,23.41859692382813,0.067636196899414,-0.0418985290527343,9.784353997039794
1732511475092530700,23.42853076171875,0.0447416435241699,-0.0296282455444335,9.860519537353516
1732511475102465000,23.438465087890624,0.0158615859985351,-0.0392050521850585,9.891045608520509
1732511475112398800,23.44839892578125,0.0252887550354003,-0.0202010765075683,9.89613328704834
1732511475122333000,23.4583330078125,0.0276829566955566,-0.0004489128112792,9.8702459815979
1732511475132266800,23.468266845703123,0.0392050521850585,0.0285807823181152,9.83792425918579
1732511475142200800,23.47820092773437,0.0359130249023437,0.0272340438842773,9.798120656585692
1732511475152136000,23.488135986328125,0.0609025047302246,0.055515550994873,9.803208335113524
1732511475162069800,23.49806982421875,0.0662894584655761,0.0429459922790527,9.7936315284729
1732511475172003800,23.50800390625,0.079756842803955,0.0357633872985839,9.802609784698486
1732511475181938000,23.51793798828125,0.0975637176513671,0.0411503410339355,9.802160871887208
1732511475191872000,23.5278720703125,0.08933364944458,0.0354641120910644,9.829694190979003
1732511475201805800,23.53780590820313,0.0851437965393066,0.0228945533752441,9.79393080368042
1732511475211740000,23.547739990234376,0.0981622680664062,0.0224456405639648,9.77507646560669
1732511475221673700,23.557673828125,0.0731727882385253,0.0133177467346191,9.791386964416503
1732511475231607800,23.56760791015625,0.0751180770874023,0.0080804306030273,9.78076269454956
1732511475241542000,23.5775419921875,0.0800561180114746,0.0240916542053222,9.733776486968994
1732511475251475700,23.587475830078127,0.0547673629760742,0.0272340438842773,9.698611650085448
1732511475261410800,23.597410888671877,0.0404021530151367,0.0115220954895019,9.692775783538815
1732511475271345000,23.607344970703124,0.0327706352233886,0.0178068748474121,9.722254391479492
1732511475281279000,23.61727905273437,0.026785131072998,0.0173579620361328,9.777620304870604
1732511475291212800,23.627212890625,0.0417488914489746,0.0190039756774902,9.802160871887208
1732511475301146600,23.637146728515624,0.0381575889587402,0.0167594116210937,9.846752877807615
1732511475311081000,23.6470810546875,0.0366612129211425,0.0466869323730468,9.819668471527098
1732511475321014800,23.657014892578125,0.0489314964294433,0.0653916328430175,9.796773918151857
1732511475330948900,23.666948974609376,0.0426467170715332,0.0567126518249511,9.789292037963866
1732511475340882700,23.67688256835937,0.0356137496948242,0.060004679107666,9.799018482208252
1732511475350816800,23.686816650390625,0.0321720848083496,0.072723875427246,9.790189863586424
1732511475360751900,23.696751953125,0.033818098449707,0.0528220741271972,9.80724855041504
1732511475370685700,23.706685791015627,0.0520738861083984,0.0739209762573242,9.811588040924072
1732511475380619800,23.716619873046877,0.0635959815979003,0.0609025047302246,9.795277542114258
1732511475390553600,23.7265537109375,0.0613514175415039,0.0755669898986816,9.786448923492433
1732511475400488000,23.73648803710937,0.0773626411437988,0.0728735130310058,9.74859060974121
1732511475410421800,23.746421875,0.0556651885986328,0.0487818588256835,9.71656816253662
1732511475420355800,23.75635595703125,0.0641945320129394,0.041449616241455,9.77417863998413
1732511475430289700,23.76628955078125,0.0671872840881347,0.0335188232421874,9.826402163696288
1732511475440224000,23.77622412109375,0.0360626625061035,0.0330699104309082,9.804704711151125
1732511475450157800,23.78615771484375,0.0125695587158203,0.045938744354248,9.754426476287842
1732511475460092000,23.796091796875,0.0028431144714355,0.0463876571655273,9.782558345794676
1732511475470026800,23.80602685546875,0.0133177467346191,0.0547673629760742,9.876979673767089
1732511475479960800,23.8159609375,0.0206499893188476,0.0725742378234863,9.898976401519777
1732511475489895000,23.82589501953125,-0.0109235450744628,0.0752677146911621,9.828497090148923
1732511475499828700,23.835828857421877,-0.014664485168457,0.0730231506347656,9.74844097213745
1732511475509762800,23.8457626953125,-0.0170586868286132,0.0860416221618652,9.641749360656735
1732511475519696600,23.85569653320313,-0.0342670112609863,0.0941220527648925,9.370456385040285
1732511475529631000,23.865630859375,-0.0968155296325683,0.0957680664062499,9.48088893661499
1732511475539564800,23.875564697265624,-0.0426467170715332,0.0264858558654785,9.905859731292724
1732511475549499000,23.885498779296874,0.0864905349731445,-0.0641945320129394,10.14393315887451
1732511475559432700,23.8954326171875,0.1044470474243164,-0.1072901618957519,9.856030409240722
1732511475569367800,23.90536791992188,0.0849941589355468,-0.07018003616333,9.535805937194825
1732511475579302000,23.91530200195313,0.0166097740173339,-0.0109235450744628,9.62768342590332
1732511475589235700,23.925235595703125,-0.0251391174316406,0.0463876571655273,9.875632935333252
1732511475599169800,23.935169677734372,-0.0821510444641113,0.0923264015197753,9.962273107910155
1732511475609104000,23.945103759765622,-0.1113303771972656,0.1427542739868164,9.89583401184082
1732511475619038000,23.95503784179688,-0.1123778404235839,0.1569698463439941,9.795427179718017
1732511475628971800,23.9649716796875,-0.0668880088806152,0.1610100616455078,9.764751470947266
1732511475638905900,23.97490576171875,-0.0194528884887695,0.1414075355529785,9.803956523132324
1732511475648839700,23.984839599609376,0.0261865806579589,0.1177647941589355,9.820267021942138
1732511475658774000,23.99477392578125,0.0354641120910644,0.1013046577453613,9.843311212921142
1732511475668709000,24.004709228515622,0.0185550628662109,0.0586579406738281,9.843909763336182
1732511475678643200,24.01464331054688,-0.0091278938293457,0.0426467170715332,9.846752877807615
1732511475688577300,24.024577392578124,-0.0347159240722656,0.0345662864685058,9.847052153015136
1732511475698511000,24.03451098632813,-0.0511760604858398,0.0178068748474121,9.867702142333984
1732511475708445200,24.044445068359376,-0.0751180770874023,0.0088286186218261,9.85019454269409
1732511475718379000,24.05437890625,-0.074669164276123,-0.0083797058105468,9.821763397979735
1732511475728313000,24.06431298828125,-0.0788590171813964,-0.0124199211120605,9.777769942474364
1732511475738247200,24.0742470703125,-0.072723875427246,-0.0239420166015624,9.753678288269043
1732511475748181000,24.084180908203123,-0.0296282455444335,-0.0149637603759765,9.74888988494873
1732511475758115000,24.09411499023437,-0.0279822319030761,0.0179565124511718,9.77971523132324
1732511475768049000,24.104048828125,-0.0275333190917968,0.0664390960693359,9.808744926452636
1732511475777984300,24.113984375,-0.0249894798278808,0.0866401725769042,9.826402163696288
1732511475787918000,24.12391796875,-0.0610521423339843,0.1044470474243164,9.820117384338378
1732511475797852200,24.13385205078125,-0.0598550415039062,0.1191115325927734,9.79318261566162
1732511475807786200,24.1437861328125,-0.0653916328430175,0.1252466743469238,9.68529390335083
1732511475817720000,24.15371997070313,-0.0499789596557617,0.1309329032897949,9.791386964416503
1732511475827654100,24.163654052734376,0.0064344169616699,0.1298854400634765,9.95957963104248
1732511475837588000,24.173587890625,0.0064344169616699,0.077213003540039,9.772233351135254
1732511475847522000,24.18352197265625,-0.0234931037902832,0.082300682067871,9.613018940734865
1732511475857456000,24.1934560546875,0.0092775314331054,0.0855927093505859,9.661651161956788
1732511475867391200,24.20339111328125,0.0255880302429199,0.0725742378234863,9.719710552215576
1732511475877325000,24.213324951171877,-0.0354641120910644,0.0646434448242187,9.760561618041992
1732511475887259000,24.2232587890625,-0.0432452674865722,0.0742202514648437,9.879822788238524
1732511475897193200,24.23319311523437,-0.0336684608459472,0.065092357635498,9.970503176116942
1732511475907127000,24.243126953125,-0.0270844062805175,0.0671872840881347,9.936086527252195
1732511475917061000,24.25306103515625,-0.0133177467346191,0.0794575675964355,9.88371336593628
1732511475926995000,24.262994873046875,-0.0040402153015136,0.1188122573852539,9.85124200592041
1732511475936929300,24.27292919921875,0.0109235450744628,0.1273416007995605,9.788543849945068
1732511475946863000,24.282863037109376,-0.015263035583496,0.1394622467041015,9.753678288269043
1732511475956797200,24.292797119140623,-0.0317231719970703,0.1357213066101074,9.764601833343503
1732511475966731000,24.30273095703125,-0.0046387657165527,0.1083376251220703,9.777470667266844
1732511475976666000,24.312666015625,0.0064344169616699,0.0836474205017089,9.807847100830076
1732511475986600200,24.32260009765625,-0.0134673843383789,0.0820014068603515,9.80650036239624
1732511475996534000,24.332533935546877,-0.0158615859985351,0.0719756874084472,9.802759422302245
1732511476006468000,24.342468017578124,-0.0077811553955078,0.0749684394836425,9.783905084228516
1732511476016402000,24.35240185546875,0.0079307929992675,0.0857423469543457,9.772233351135254
1732511476026336300,24.362336181640625,-0.0124199211120605,0.0869394477844238,9.74320365600586
1732511476036270000,24.37227001953125,-0.0109235450744628,0.0941220527648925,9.73063409729004
1732511476046204200,24.3822041015625,-0.017208324432373,0.0876876358032226,9.689483756256102
1732511476056138000,24.392137939453125,-0.0359130249023437,0.0712274993896484,9.681552963256836
1732511476066073000,24.40207299804688,-0.0299275207519531,0.0930745895385742,9.73632032623291
1732511476076007200,24.412007080078126,-0.0474351203918457,0.0878372734069824,9.795576817321775
1732511476085941000,24.42194091796875,-0.0281318695068359,0.0894832870483398,9.786598561096191
1732511476095875000,24.431875,-0.0369604881286621,0.1134253036499023,9.752630825042724
1732511476105809200,24.44180908203125,-0.0284311447143554,0.1090858131408691,9.749338797760007
1732511476115743200,24.4517431640625,-0.0377086761474609,0.1164180557250976,9.772233351135254
1732511476125677000,24.461677001953124,-0.0549170005798339,0.1318307289123535,9.833734406280517
1732511476135611100,24.47161108398437,-0.0588075782775878,0.1376665954589843,9.884910466766357
1732511476145545000,24.481544921875,-0.0502782348632812,0.1503857917785644,9.855431858825684
1732511476155479300,24.491479248046875,-0.0607528671264648,0.1581669471740722,9.824905787658691
1732511476165414100,24.5014140625,-0.0664390960693359,0.1810615005493163,9.76175871887207
1732511476175348000,24.511347900390625,-0.043993455505371,0.1637035385131836,9.529970070648194
1732511476185282300,24.5212822265625,-0.1126771156311035,0.1846528030395507,9.51964507598877
1732511476195216100,24.53121606445313,-0.0570119270324707,0.1330278297424316,9.788992762756347
1732511476205150200,24.541150146484377,0.077213003540039,0.022296002960205,10.005069462585448
1732511476215084000,24.551083984375,0.1298854400634765,-0.0396539649963378,9.859621711730956
1732511476225018000,24.56101806640625,0.0876876358032226,-0.0486322212219238,9.586084172058104
1732511476234952200,24.5709521484375,-0.0104746322631835,0.0181061500549316,9.65865840988159
1732511476244886300,24.58088623046875,-0.0869394477844238,0.0858919845581054,9.814431155395509
1732511476254820000,24.59082006835937,-0.1463455764770507,0.1412578979492187,9.898976401519777
1732511476264755000,24.6007548828125,-0.1523310806274413,0.1885433807373046,9.90271734161377
1732511476274689300,24.610689208984372,-0.1476923149108886,0.2283469833374023,9.847351428222655
1732511476284623000,24.620623046875,-0.1072901618957519,0.2504933486938476,9.788094937133788
1732511476294557200,24.63055712890625,-0.0384568641662597,0.2361281387329101,9.77402900238037
1732511476304491000,24.640490966796875,0.0148141227722167,0.2093430076599121,9.788843125152589
1732511476314425300,24.65042529296875,0.0269347686767578,0.192134683227539,9.794828629302978
1732511476324359200,24.660359130859376,0.0043394905090332,0.1490390533447265,9.799018482208252
1732511476334293200,24.670293212890623,-0.0321720848083496,0.12764087600708,9.80605144958496
1732511476344227000,24.68022705078125,-0.07018003616333,0.1158195053100586,9.81862100830078
1732511476354161200,24.6901611328125,-0.1185129821777343,0.118064069366455,9.84480758895874
1732511476364096300,24.70009619140625,-0.1183633445739746,0.0770633659362793,9.859621711730956
1732511476374030000,24.710030029296878,-0.1343745681762695,0.0595557662963867,9.829843828582764
1732511476383964200,24.719964111328125,-0.1369184074401855,0.0359130249023437,9.808595288848876
1732511476393898000,24.72989794921875,-0.1204582710266113,0.0634463439941406,9.778667768096923
1732511476403832300,24.739832275390626,-0.0930745895385742,0.0534206245422363,9.7545761138916
1732511476413766100,24.74976611328125,-0.0743698890686035,0.0790086547851562,9.73527286300659
1732511476423700000,24.759699951171875,-0.0785597419738769,0.1042974098205566,9.762057994079589
1732511476433634000,24.76963403320313,-0.0944213279724121,0.1093850883483886,9.824007962036132
1732511476443568000,24.779568115234376,-0.086789810180664,0.137217682647705,9.860968450164794
1732511476453503200,24.789503173828123,-0.0992097312927246,0.1364694946289062,9.868899243164062
1732511476463437000,24.79943701171875,-0.0987608184814453,0.1527799934387207,9.811438403320311
1732511476473371100,24.80937109375,-0.0984615432739257,0.1656488273620605,9.69741454925537
1732511476483305200,24.81930517578125,-0.0647930824279785,0.1671452033996582,9.877428586578368
1732511476493239000,24.829239013671877,-0.0544680877685546,0.1514332550048828,9.91483798751831
1732511476503173000,24.839173095703124,-0.0655412704467773,0.1247977615356445,9.66584101486206
1732511476513107000,24.84910693359375,-0.0577601150512695,0.112976390838623,9.626336687469482
1732511476523041000,24.859041015625,-0.0384568641662597,0.1292868896484375,9.684246440124513
1732511476532975000,24.86897509765625,-0.055515550994873,0.1164180557250976,9.745597857666016
1732511476542909200,24.8789091796875,-0.0567126518249511,0.120009358215332,9.882216989898682
1732511476552844000,24.888843994140625,-0.0603039543151855,0.1294365272521972,9.954641590118408
1732511476562778000,24.89877807617188,-0.0667383712768554,0.1307832656860351,9.953594126892089
1732511476572712200,24.908712158203127,-0.0411503410339355,0.1476923149108886,9.894936186218262
1732511476582646000,24.91864599609375,-0.0380079513549804,0.1756745468139648,9.834183319091796
1732511476592580000,24.928580078125,-0.0401028778076171,0.2051531547546386,9.791985514831543
1732511476602514000,24.938513916015623,-0.0435445426940917,0.2072480812072754,9.771784438323976
1732511476612448300,24.9484482421875,-0.0424970794677734,0.194079972076416,9.785401460266112
1732511476622382000,24.958382080078124,-0.0448912811279296,0.16594810256958,9.796325005340575
1732511476632316200,24.96831616210937,-0.0285807823181152,0.131531453704834,9.784802909851074
1732511476642251000,24.9782509765625,-0.0219967277526855,0.1116296524047851,9.805003986358642
1732511476652185000,24.98818505859375,-0.0233434661865234,0.096366616821289,9.801113408660887
1732511476662119400,24.998119384765623,-0.0499789596557617,0.0941220527648925,9.760262342834473
1732511476672053500,25.008053466796877,-0.063147068786621,0.1144727668762207,9.709984107971191
1732511476681987600,25.017987548828124,-0.0929249519348144,0.1218050094604492,9.619154082489011
1732511476691921400,25.02792138671875,-0.0998082817077636,0.1236006607055664,9.59625952911377
1732511476701855500,25.03785546875,-0.0992097312927246,0.1213560966491699,9.715071786499022
1732511476711789600,25.04778955078125,-0.0686836601257324,0.1036988594055175,9.846453602600096
1732511476721723600,25.0577236328125,-0.0471358451843261,0.1090858131408691,9.916783276367187
1732511476731657500,25.067657470703125,-0.065092357635498,0.1256955871582031,9.887304668426513
1732511476741592300,25.07759228515625,-0.1253963119506836,0.1432031867980956,9.797522106170652
1732511476751526700,25.087526611328126,-0.1499368789672851,0.18510171585083,9.727192432403564
1732511476761460500,25.09746044921875,-0.1590647727966308,0.2174234382629394,9.483881688690184
1732511476771394600,25.10739453125,-0.1849520782470703,0.2472013214111328,9.53086789627075
1732511476781328400,25.117328369140623,-0.0740706138610839,0.1939303344726562,9.843460850524902
1732511476791262500,25.12726245117188,0.0658405456542968,0.077213003540039,9.993098454284668
1732511476801196500,25.137196533203124,0.0827495948791503,0.0112228202819824,9.813982242584228
1732511476811130600,25.14713061523437,0.0507271476745605,0.0022445640563964,9.632172554016112
1732511476821064400,25.157064453125,-0.0405517906188964,0.0380079513549804,9.70310077819824
1732511476830999300,25.166999267578124,-0.1213560966491699,0.1005564697265625,9.771934075927732
1732511476840933600,25.17693359375,-0.1451484756469726,0.1687912170410156,9.812186591339112
1732511476850867500,25.186867431640625,-0.1358709442138671,0.2305915473937988,9.86291373901367
1732511476860801500,25.196801513671875,-0.0869394477844238,0.2406172668457031,9.79378116607666
1732511476870735400,25.2067353515625,-0.0478840332031249,0.26171616897583,9.74200655517578
1732511476880669700,25.216669677734377,-0.0059855041503906,0.241964005279541,9.734225399780271
1732511476890603500,25.226603515625,0.0182557876586914,0.2160766998291015,9.769839149475096
1732511476900537600,25.23653759765625,0.0184054252624511,0.1762730972290039,9.797821381378172
1732511476910471400,25.24647143554688,-0.0411503410339355,0.1631049880981445,9.81263550415039
1732511476920406500,25.256406494140624,-0.1016039329528808,0.1421557235717773,9.828497090148923
1732511476930340600,25.266340576171874,-0.1424549987792968,0.1259948623657226,9.849895267486572
1732511476940274400,25.2762744140625,-0.1632546257019043,0.103399584197998,9.873986921691897
1732511476950208500,25.28620849609375,-0.1575683967590332,0.0679354721069335,9.847800341033937
1732511476960142300,25.29614233398437,-0.1379658706665039,0.0661398208618164,9.805602536773682
1732511476970076700,25.30607666015625,-0.1298854400634765,0.0781108291625976,9.797522106170652
1732511476980010500,25.316010498046875,-0.0990600936889648,0.0737713386535644,9.786000010681152
1732511476989944600,25.32594458007813,-0.0775122787475585,0.0947206031799316,9.795726454925536
1732511476999878400,25.33587841796875,-0.0505775100708007,0.1325789169311523,9.800963771057129
1732511477009812500,25.3458125,-0.0559644638061523,0.1686415794372558,9.803956523132324
1732511477019747600,25.35574755859375,-0.0641945320129394,0.2120364845275879,9.810390940093994
1732511477029681400,25.365681396484376,-0.0616506927490234,0.2195183647155761,9.816526081848144
1732511477039615500,25.375615478515623,-0.0683843849182128,0.2379237899780273,9.809493114471437
1732511477049549600,25.385549560546878,-0.0674865592956543,0.2313397354125976,9.76864204864502
1732511477059483600,25.395483642578125,-0.0685340225219726,0.2154781494140625,9.650877254486083
1732511477069417500,25.40541748046875,-0.0716764122009277,0.2216132911682128,9.784802909851074
1732511477079351600,25.4153515625,-0.055515550994873,0.1939303344726562,9.932495224761963
1732511477089285400,25.425285400390624,-0.0591068534851074,0.1352723937988281,9.748740247344973
1732511477099219500,25.435219482421875,-0.0507271476745605,0.1354220314025878,9.67242506942749
1732511477109154600,25.445154541015626,-0.028730419921875,0.1373673202514648,9.66599065246582
1732511477119088400,25.45508837890625,-0.0424970794677734,0.144250650024414,9.732878661346437
1732511477129022700,25.465022705078123,-0.0399532402038574,0.1241992111206054,9.892392346954344
1732511477138956500,25.47495654296875,-0.0474351203918457,0.1161187805175781,9.917681101989746
1732511477148890400,25.484890380859376,-0.0597054039001464,0.139162971496582,9.886556480407714
1732511477158824400,25.494824462890627,-0.038905776977539,0.1605611488342285,9.890147782897948
1732511477168758300,25.50475830078125,-0.0040402153015136,0.1773205604553222,9.90840357055664
1732511477178692600,25.514692626953124,0.0097264442443847,0.2193687271118164,9.840168823242188
1732511477188626400,25.52462646484375,0.0028431144714355,0.2645592834472656,9.761010530853271
1732511477198561500,25.5345615234375,-0.0181061500549316,0.2753331909179687,9.747094233703612
1732511477208495400,25.544495361328124,0.0004489128112792,0.271292975616455,9.77358008956909
1732511477218429400,25.55442944335937,-0.0107739074707031,0.2385223403930663,9.787945299530028
1732511477228363500,25.564363525390625,-0.0044891281127929,0.2005143890380859,9.81248586654663
1732511477238297300,25.57429736328125,0.0112228202819824,0.1662473777770996,9.82565397567749
1732511477248231400,25.5842314453125,0.017208324432373,0.1602618736267089,9.810091664886476
1732511477258165500,25.59416552734375,0.0246902046203613,0.122553197479248,9.758466691589357
1732511477268099600,25.604099609375,-0.0291793327331542,0.143652099609375,9.673622170257568
1732511477278033400,25.614033447265623,-0.0571615646362304,0.1500865165710449,9.606285248565673
1732511477287968500,25.623968505859374,-0.079158292388916,0.1451484756469726,9.63456675567627
1732511477297902600,25.633902587890624,-0.0837970581054687,0.149338328552246,9.719710552215576
1732511477307836400,25.64383642578125,-0.0436941802978515,0.151283617401123,9.87054525680542
1732511477317770500,25.6537705078125,0.0061351417541503,0.178068748474121,9.938331091308592
1732511477327704300,25.663704345703124,0.0119710083007812,0.1934814216613769,9.905710093688963
1732511477337638400,25.67363842773437,-0.0209492645263671,0.2205658279418945,9.858873523712155
1732511477347572500,25.683572509765625,-0.0649427200317382,0.2633621826171874,9.80724855041504
1732511477357506600,25.69350659179688,-0.0595557662963867,0.2726397140502929,9.718064538574218
1732511477367440400,25.7034404296875,-0.0713771369934082,0.2970306434631347,9.459490759277344
1732511477377375500,25.71337548828125,-0.1004068321228027,0.2843114471435546,9.575160626983642
1732511477387309600,25.7233095703125,0.0418985290527343,0.1812111381530761,9.935637614440918
1732511477397243400,25.733243408203126,0.15322890625,0.103399584197998,10.02392380065918
1732511477407177500,25.743177490234373,0.1373673202514648,0.0655412704467773,9.764452195739745
1732511477417111300,25.753111328125,0.0706289489746093,0.0570119270324707,9.578901567077637
1732511477427045600,25.763045654296874,0.0061351417541503,0.1221042846679687,9.71656816253662
1732511477436979500,25.7729794921875,-0.0659901832580566,0.1871966423034667,9.892841259765625
1732511477446913500,25.78291357421875,-0.0830488700866699,0.2401683540344238,9.938331091308592
1732511477456847400,25.79284741210937,-0.0845452461242675,0.2822165206909179,9.88371336593628
1732511477466782500,25.802782470703125,-0.0552162757873535,0.3037643356323242,9.830741654205324
1732511477476716500,25.812716552734376,0.005686228942871,0.3094505645751953,9.784054721832277
1732511477486650400,25.822650390625,0.0511760604858398,0.2952349922180176,9.777620304870604
1732511477496584400,25.83258447265625,0.0848445213317871,0.2744353652954101,9.78704747390747
1732511477506518500,25.8425185546875,0.0644938072204589,0.2443582069396972,9.784653272247311
1732511477516452600,25.85245263671875,0.0161608612060546,0.2343324874877929,9.812036953735351
1732511477526386400,25.862386474609377,-0.0059855041503906,0.2064998931884765,9.822960498809811
1732511477536320500,25.872320556640624,-0.0685340225219726,0.1976712745666503,9.85767642288208
1732511477546254300,25.88225439453125,-0.0840963333129882,0.1864484542846679,9.85737714767456
1732511477556189400,25.892189453125,-0.0873883605957031,0.181959326171875,9.827299989318847
1732511477566123500,25.90212353515625,-0.0770633659362793,0.1596633232116699,9.784802909851074
1732511477576057300,25.912057373046878,-0.045938744354248,0.151283617401123,9.76804349822998
1732511477585991400,25.921991455078125,-0.0196025260925292,0.1382651458740234,9.765948571777344
1732511477595925500,25.93192553710937,-0.0122702835083007,0.1348234809875488,9.765798934173583
1732511477605859600,25.941859619140622,-0.0218470901489257,0.1759738220214843,9.779116680908205
1732511477615793400,25.95179345703125,-0.0019452888488769,0.211288296508789,9.808894564056397
1732511477625727500,25.9617275390625,-0.0215478149414062,0.2350806755065917,9.8204166595459
1732511477635661600,25.97166162109375,-0.0142155723571777,0.2642600082397461,9.829993466186522
1732511477645596400,25.98159643554688,-0.0082300682067871,0.2959831802368164,9.808146376037596
1732511477655530500,25.991530517578123,0.0125695587158203,0.296881005859375,9.783605809020996
1732511477665464000,26.00146411132813,0.0203507141113281,0.3024175971984863,9.67197615661621
1732511477675398100,26.011398193359376,0.0213981773376464,0.313490779876709,9.772233351135254
1732511477685332200,26.021332275390623,0.0252887550354003,0.2856581855773926,9.906757556915284
1732511477695266300,26.031266357421877,0.0243909294128417,0.2379237899780273,9.770886612701416
1732511477705200000,26.0412001953125,0.0245405670166015,0.2177227134704589,9.63351929244995
1732511477715134200,26.05113427734375,0.0573112022399902,0.2032078659057617,9.618405894470214
1732511477725069300,26.0610693359375,0.0781108291625976,0.1852513534545898,9.78091233215332
1732511477735003100,26.071003173828124,0.0544680877685546,0.1876455551147461,9.89613328704834
1732511477744937200,26.08093725585937,0.0194528884887695,0.1846528030395507,9.860369899749756
1732511477754871000,26.09087109375,0.0085293434143066,0.1987187377929687,9.85692823486328
1732511477764805400,26.10080541992188,0.0085293434143066,0.232387198638916,9.893439810180665
1732511477774739200,26.1107392578125,0.0354641120910644,0.2530371879577636,9.926210445404053
1732511477784673300,26.12067333984375,0.0477343955993652,0.2675520355224609,9.873687646484374
1732511477794607000,26.130607177734376,0.0243909294128417,0.309600202178955,9.778218855285644
1732511477804541200,26.140541259765627,0.0559644638061523,0.3265092514038086,9.745148944854735
1732511477814476300,26.15047631835937,0.0520738861083984,0.3124433166503906,9.749189160156249
1732511477824410000,26.16041015625,0.0628477935791015,0.2858078231811523,9.780014506530762
1732511477834344200,26.17034423828125,0.0577601150512695,0.2727893516540527,9.814281517791748
1732511477844278000,26.180278076171877,0.0748188018798828,0.2433107437133788,9.815777893829344
1732511477854212400,26.19021240234375,0.0837970581054687,0.2367266891479492,9.82580361328125
1732511477864146200,26.20014624023437,0.0674865592956543,0.2216132911682128,9.790189863586424
1732511477874080300,26.210080322265625,0.0679354721069335,0.2141314109802246,9.721356565856931
1732511477884014000,26.22001416015625,0.0474351203918457,0.2310404602050781,9.659855510711669
1732511477893948400,26.229948486328126,0.0137666595458984,0.2492962478637695,9.695020347595214
1732511477903883300,26.23988330078125,0.0089782562255859,0.2392705284118652,9.752481187438963
1732511477913817000,26.24981713867188,0.024241291809082,0.2370259643554687,9.8189202835083
1732511477923751200,26.259751220703127,0.0194528884887695,0.2428618309020996,9.8326869430542
1732511477933685200,26.269685302734374,0.0308253463745117,0.2353799507141113,9.786149648284912
1732511477943619300,26.279619384765624,0.0246902046203613,0.2434603813171386,9.785551097869872
1732511477953553200,26.28955322265625,0.0405517906188964,0.2683002235412597,9.792733702850342
1732511477963487200,26.2994873046875,0.0498293220520019,0.2834136215209961,9.796624280548096
1732511477973421000,26.309421142578124,0.0463876571655273,0.2867056488037109,9.791536602020264
1732511477983356200,26.319356201171875,0.0480336708068847,0.2855085479736328,9.804106160736085
1732511477993290200,26.329290283203125,0.074669164276123,0.2926911529541015,9.816526081848144
1732511478003224000,26.33922412109375,0.0629974311828613,0.3055599868774414,9.797821381378172
1732511478013158100,26.349158203125,0.0670376464843749,0.2907458641052245,9.797222830963134
1732511478023092200,26.35909228515625,0.0809539436340332,0.2819172454833984,9.788543849945068
1732511478033026300,26.3690263671875,0.0790086547851562,0.2837128967285156,9.790638776397705
1732511478042960100,26.37896020507813,0.0752677146911621,0.2801215942382812,9.778817405700684
1732511478052894200,26.388894287109373,0.0728735130310058,0.2759317413330078,9.786448923492433
1732511478062828300,26.398828369140624,0.05746083984375,0.2742857276916504,9.788244574737549
1732511478072763100,26.40876318359375,0.058059390258789,0.2650081962585449,9.800365220642089
1732511478082697200,26.418697265625,0.0387561393737792,0.2739864524841308,9.797671743774414
1732511478092631000,26.428631103515624,0.0263362182617187,0.2804208694458007,9.782707983398437
1732511478102565400,26.4385654296875,0.0393546897888183,0.2642600082397461,9.786598561096191
1732511478112499200,26.448499267578125,0.033818098449707,0.268749136352539,9.800365220642089
1732511478122433300,26.458433349609376,0.0365115753173828,0.2754828285217285,9.803657247924804
1732511478132367000,26.4683671875,0.0474351203918457,0.2941875289916992,9.814580792999267
1732511478142301200,26.47830126953125,0.0582090278625488,0.28086978225708,9.81862100830078
1732511478152235300,26.4882353515625,0.0377086761474609,0.2997241203308105,9.760711255645752
1732511478162170000,26.498170166015623,0.0538695373535156,0.2917933273315429,9.709385557556152
1732511478172104200,26.50810424804688,0.0275333190917968,0.295534267425537,9.73033482208252
1732511478182038300,26.518038330078124,0.0445920059204101,0.2644096458435058,9.80575217437744
1732511478191972400,26.52797241210937,0.0412999786376953,0.2605190681457519,9.868599967956545
1732511478201906200,26.53790625,0.0200514389038085,0.2665045722961425,9.859472074127195
1732511478211840300,26.54784033203125,0.0508767852783203,0.2727893516540527,9.822361948394777
1732511478221774000,26.557774169921878,0.0552162757873535,0.2816179702758788,9.805003986358642
1732511478231708400,26.56770849609375,0.0240916542053222,0.307056362915039,9.80006594543457
1732511478241643300,26.577643310546875,0.0206499893188476,0.3154360687255859,9.82520506286621
1732511478251577000,26.5875771484375,0.0001496376037597,0.3419219245910644,9.816376444244383
1732511478261511200,26.59751123046875,-0.0139162971496582,0.342819750213623,9.541192890930176
1732511478271445200,26.6074453125,-0.0588075782775878,0.360028074645996,9.376292251586914
1732511478281379300,26.61737939453125,-0.0421978042602539,0.3148375183105468,9.687837742614745
1732511478291313200,26.62731323242188,0.1056441482543945,0.2154781494140625,10.07345384750366
1732511478301247200,26.637247314453123,0.1415571731567382,0.1523310806274413,10.01629228286743
1732511478311181300,26.64718139648437,0.1093850883483886,0.1363198570251464,9.654767832183838
1732511478321116200,26.6571162109375,0.0475847579956054,0.1857002662658691,9.571419686889648
1732511478331050200,26.66705029296875,0.0035913024902343,0.2573766784667968,9.778069217681884
1732511478340984000,26.67698413085937,-0.0193032508850097,0.2956839050292968,9.947758260345458
1732511478350918400,26.68691845703125,-0.0451905563354492,0.3399766357421875,9.930549935913085
1732511478360852200,26.696852294921875,-0.0571615646362304,0.3711012573242187,9.856030409240722
1732511478370786300,26.70678637695313,-0.0207996269226074,0.4065653694152832,9.829993466186522
1732511478380720000,26.71672021484375,0.0386065017700195,0.4278139091491699,9.814730430603026
1732511478390654200,26.726654296875,0.0778115539550781,0.4132990615844726,9.816825357055665
1732511478400588300,26.73658837890625,0.0900818374633789,0.3833715408325195,9.766547122192382
1732511478410523100,26.746523193359376,0.0950198783874511,0.3476081535339355,9.757119953155517
1732511478420457200,26.756457275390623,0.0707785865783691,0.311545491027832,9.77432827758789
1732511478430391300,26.766391357421877,0.0405517906188964,0.2760813789367675,9.8204166595459
1732511478440325400,26.776325439453124,0.0161608612060546,0.263661457824707,9.86396120223999
1732511478450259200,26.78625927734375,-0.0231938285827636,0.2287958961486816,9.88850176925659
1732511478460193300,26.796193359375,-0.0436941802978515,0.2015618522644043,9.843011937713625
1732511478470127000,26.806127197265624,-0.0395043273925781,0.2064998931884765,9.791536602020264
1732511478480061200,26.816061279296875,0.0026934768676757,0.1731307075500488,9.784054721832277
1732511478489996300,26.825996337890626,0.0149637603759765,0.1903390319824218,9.772831901550292
1732511478499930000,26.83593017578125,0.0124199211120605,0.2250549560546874,9.78106196975708
1732511478509864200,26.8458642578125,0.0326209976196289,0.2346317626953125,9.796025730133056
1732511478519798300,26.85579833984375,0.0047884033203125,0.2597708801269531,9.827748902130129
1732511478529732400,26.865732421875,-0.0040402153015136,0.2705447875976562,9.815628256225583
1732511478539666200,26.875666259765627,-0.0179565124511718,0.3079541885375976,9.79333225326538
1732511478549600000,26.88560009765625,-0.0070329673767089,0.3320458427429199,9.77432827758789
1732511478559534300,26.895534423828124,0.0354641120910644,0.3312976547241211,9.670629418182372
1732511478569469200,26.90546923828125,0.0269347686767578,0.3387795349121094,9.776423204040526
1732511478579403300,26.9154033203125,0.0299275207519531,0.3303998291015624,9.91543653793335
1732511478589337000,26.925337158203124,0.0083797058105468,0.2947860794067383,9.756371765136718
1732511478599271400,26.935271484375,0.0335188232421874,0.2819172454833984,9.617657706451416
1732511478609205200,26.945205322265625,0.0493804092407226,0.273238264465332,9.665092826843262
1732511478619139000,26.95513916015625,0.0805050308227539,0.2491466102600097,9.860369899749756
1732511478629073200,26.9650732421875,0.0954687911987304,0.225952781677246,9.9078050201416
1732511478639007000,26.975007080078125,0.0670376464843749,0.2316390106201172,9.8189202835083
1732511478648942300,26.9849423828125,0.0218470901489257,0.2364274139404296,9.784802909851074
1732511478658877000,26.994876953125,0.0110731826782226,0.2594716049194335,9.842563024902343
1732511478668810800,27.004810791015625,0.0215478149414062,0.2593219673156738,9.925162982177731
1732511478678744800,27.01474487304688,0.022296002960205,0.256029940032959,9.911246685028075
1732511478688678700,27.0246787109375,0.0493804092407226,0.2843114471435546,9.817723182678222
1732511478698613000,27.034613037109374,0.0302267959594726,0.2846107223510742,9.727790982818602
1732511478708546800,27.044546875,0.0369604881286621,0.2831143463134765,9.667935941314695
1732511478718481000,27.05448095703125,0.0436941802978515,0.2798223190307617,9.746794958496093
1732511478728415700,27.064415771484374,0.0493804092407226,0.2819172454833984,9.84540613937378
1732511478738349800,27.074349853515624,0.063147068786621,0.2721908012390137,9.862764101409912
1732511478748284000,27.084283935546875,0.086191259765625,0.2545335639953613,9.833884043884275
1732511478758217700,27.0942177734375,0.1072901618957519,0.2370259643554687,9.847949978637695
1732511478768151800,27.10415185546875,0.0872387229919433,0.245106394958496,9.80021558303833
1732511478778085600,27.11408569335937,0.0694318481445312,0.2677016731262207,9.73587141342163
1732511478788020000,27.12402001953125,0.043993455505371,0.2656067466735839,9.676914197540285
1732511478797953800,27.13395385742188,0.0185550628662109,0.2579752288818359,9.683049339294431
1732511478807888000,27.143887939453126,0.0014963760375976,0.2480991470336914,9.763704007720946
1732511478817823000,27.153822998046877,0.0297778831481933,0.2427121932983398,9.8059018119812
1732511478827756800,27.1637568359375,0.0281318695068359,0.2317886482238769,9.815029705810549
1732511478837691000,27.17369091796875,0.0219967277526855,0.2302922721862793,9.788094937133788
1732511478847624700,27.183624755859373,0.0465372947692871,0.2243067680358886,9.78779566192627
1732511478857558800,27.193558837890624,0.053570262145996,0.2397194412231445,9.79303297805786
1732511478867492900,27.203492919921874,0.0628477935791015,0.2293944465637206,9.80530326156616
1732511478877427000,27.213427001953125,0.0547673629760742,0.2418143676757812,9.81293477935791
1732511478887360800,27.22336083984375,0.0477343955993652,0.2551321144104004,9.81188731613159
1732511478897295600,27.233295654296874,0.0378583137512207,0.2832639839172363,9.823559049224851
1732511478907230000,27.24322998046875,0.0668880088806152,0.2739864524841308,9.82460651245117
1732511478917163800,27.253163818359376,0.0618003303527832,0.2572270408630371,9.803657247924804
1732511478927097900,27.263097900390623,0.0725742378234863,0.2651578338623047,9.798569569396973
1732511478937031700,27.27303173828125,0.0849941589355468,0.2641103706359863,9.796025730133056
1732511478946966000,27.282966064453124,0.0588075782775878,0.2570774032592773,9.813533329772948
1732511478956899800,27.29289990234375,0.0697311233520507,0.2415150924682617,9.803507610321043
1732511478966834000,27.302833984375,0.0626981559753418,0.2406172668457031,9.80679963760376
1732511478976768800,27.312768798828124,0.0583586654663085,0.254683201599121,9.809493114471437
1732511478986702800,27.32270288085937,0.0454898315429687,0.2388216156005859,9.765948571777344
1732511478996637000,27.332636962890625,0.0658405456542968,0.2527379127502441,9.71671780014038
1732511479006570800,27.34257080078125,0.0493804092407226,0.2482487846374511,9.70354969100952
1732511479016504800,27.3525048828125,0.0513256980895996,0.2340332122802734,9.74215619277954
1732511479026438700,27.362438720703125,0.0490811340332031,0.2195183647155761,9.822062673187256
1732511479036373000,27.372373046875,0.0410007034301757,0.2199672775268554,9.873089096069336
1732511479046306800,27.382306884765622,0.0486322212219238,0.2295440841674804,9.888801044464111
1732511479056241700,27.39224169921875,0.0480336708068847,0.229843359375,9.820715934753418
1732511479066176000,27.402176025390624,0.0489314964294433,0.2472013214111328,9.759214879608152
1732511479076109800,27.41210986328125,0.0330699104309082,0.2717418884277343,9.772532626342771
1732511479086044000,27.4220439453125,-0.0131681091308593,0.2671031227111816,9.802759422302245
1732511479095977700,27.431977783203124,0.007631517791748,0.2666542098999023,9.759065242004391
1732511479105911800,27.44191186523437,-0.0104746322631835,0.2702455123901367,9.53939723968506
1732511479115846000,27.451845947265625,-0.0375590385437011,0.2650081962585449,9.615712417602538
1732511479125780000,27.461780029296875,0.0426467170715332,0.2030582283020019,9.929203197479248
1732511479135714800,27.47171484375,0.1387140586853027,0.1601122360229492,10.116549477386474
1732511479145648600,27.481648681640625,0.1032499465942382,0.1378162330627441,9.851391643524169
1732511479155583000,27.4915830078125,0.0852934341430664,0.1358709442138671,9.521889640045163
1732511479165516800,27.50151684570313,0.0282815071105957,0.1719336067199706,9.52443347930908
1732511479175451000,27.511450927734376,0.0196025260925292,0.2130839477539062,9.76879168624878
1732511479185384700,27.521384765625,-0.0047884033203125,0.1915361328124999,9.942371306610108
1732511479195319000,27.531319091796878,-0.0182557876586914,0.2359785011291503,9.916783276367187
1732511479205254000,27.54125390625,-0.0213981773376464,0.2702455123901367,9.847800341033937
1732511479215187700,27.551187744140623,0.0125695587158203,0.2840121719360351,9.826851076507568
1732511479225121800,27.561121826171878,0.033818098449707,0.2929904281616211,9.824007962036132
1732511479235055900,27.571055908203125,0.0441430931091308,0.2874538368225097,9.810989490509032
1732511479244990000,27.58098999023437,0.0604535919189453,0.2762310165405273,9.838672447204589
1732511479254923800,27.590923828125,0.091877488708496,0.2543839263916015,9.815628256225583
1732511479264857900,27.60085791015625,0.0706289489746093,0.2430114685058593,9.822212310791016
1732511479274791700,27.610791748046875,0.077213003540039,0.2097919204711913,9.81906992111206
1732511479284726800,27.620726806640626,0.0620996055603027,0.20425532913208,9.83777462158203
1732511479294660900,27.63066088867188,0.0311246215820312,0.1812111381530761,9.828048177337646
1732511479304594700,27.6405947265625,0.0252887550354003,0.1614589744567871,9.796175367736817
1732511479314529000,27.65052905273437,0.0149637603759765,0.1494879661560058,9.790489138793944
1732511479324462800,27.660462890625,0.0233434661865234,0.1400607971191406,9.777470667266844
1732511479334397000,27.67039697265625,0.0365115753173828,0.1385644210815429,9.78106196975708
1732511479344330800,27.680330810546877,0.0478840332031249,0.1446995628356933,9.792284790039062
1732511479354264800,27.690264892578124,0.043993455505371,0.156371295928955,9.80679963760376
1732511479364200000,27.700199951171875,0.0516249732971191,0.1740285331726074,9.789441675567629
1732511479374133800,27.7101337890625,0.0432452674865722,0.1861491790771484,9.806949275207518
1732511479384067800,27.72006787109375,0.0570119270324707,0.2012625770568847,9.828347452545165
1732511479394001700,27.73000170898437,0.0487818588256835,0.2247556808471679,9.805003986358642
1732511479403936000,27.73993603515625,0.0704793113708496,0.2421136428833007,9.724798230743408
1732511479413869800,27.74986987304688,0.0694318481445312,0.2483984222412109,9.757868141174315
1732511479423804000,27.759803955078127,0.0781108291625976,0.2371756019592285,9.889249957275393
1732511479433737700,27.76973779296875,0.0525227989196777,0.2252045936584472,9.763554370117188
1732511479443672800,27.7796728515625,0.0468365699768066,0.1913864952087402,9.57650736541748
1732511479453607000,27.78960693359375,0.0713771369934082,0.1752256340026855,9.705943892669676
1732511479463540700,27.799540771484374,0.1047463226318359,0.1376665954589843,9.911396322631836
1732511479473474800,27.809474853515624,0.1345242057800293,0.1312321784973144,9.874735109710691
1732511479483409000,27.819408935546875,0.1152209548950195,0.1247977615356445,9.747094233703612
1732511479493343000,27.829343017578125,0.0773626411437988,0.1511339797973632,9.711330846405028
1732511479503276800,27.83927685546875,0.0454898315429687,0.1750759963989257,9.836427883148191
1732511479513211000,27.8492109375,0.0658405456542968,0.1868973670959472,9.968258612060549
1732511479523146000,27.85914599609375,0.0840963333129882,0.2033575035095214,9.963619846343994
1732511479533079800,27.869079833984376,0.0833481452941894,0.2280477081298828,9.859771349334716
1732511479543014000,27.879013916015627,0.1026513961791992,0.2439092941284179,9.756970315551758
1732511479552947700,27.88894775390625,0.0971148048400878,0.2370259643554687,9.734973587799072
1732511479562881800,27.8988818359375,0.0969651672363281,0.2261024192810058,9.784054721832277
1732511479572816000,27.90881591796875,0.0995090065002441,0.1990180130004882,9.804255798339844
1732511479582750000,27.91875,0.1102829139709472,0.1897404815673828,9.786000010681152
1732511479592683800,27.928683837890624,0.131531453704834,0.1701379554748535,9.786448923492433
1732511479602619000,27.93861889648437,0.149338328552246,0.1614589744567871,9.81996774673462
1732511479612553000,27.948552978515625,0.149338328552246,0.1616086120605468,9.824756150054933
1732511479622486800,27.95848681640625,0.1268926879882812,0.1818096885681152,9.765050746154785
1732511479632420900,27.9684208984375,0.0996586441040039,0.1936310592651367,9.70444751663208
1732511479642354700,27.978354736328125,0.0915782135009765,0.1791162117004394,9.726743519592285
1732511479652289000,27.9882890625,0.0694318481445312,0.1970727241516113,9.794828629302978
1732511479662222300,27.99822241210937,0.0788590171813964,0.194678522491455,9.823259774017334
1732511479672157200,28.0081572265625,0.0872387229919433,0.1945288848876953,9.812186591339112
1732511479682091300,28.01809130859375,0.098311905670166,0.1990180130004882,9.791087689208984
1732511479692025300,28.028025390625,0.1038484970092773,0.194079972076416,9.784204359436034
1732511479701959400,28.03795947265625,0.1123778404235839,0.1952770729064941,9.813234054565427
1732511479711893200,28.04789331054688,0.0915782135009765,0.2044049667358398,9.80530326156616
1732511479721827300,28.05782739257813,0.0770633659362793,0.2047042419433593,9.801113408660887
1732511479731761200,28.06776123046875,0.1095347259521484,0.206799168395996,9.791237326812745
1732511479741695500,28.077695556640624,0.0920271263122558,0.1987187377929687,9.798419931793212
1732511479751630300,28.08763037109375,0.1011550201416015,0.2039560539245605,9.803208335113524
1732511479761564200,28.097564208984377,0.1252466743469238,0.2053027923583984,9.810091664886476
1732511479771498500,28.10749853515625,0.1218050094604492,0.1900397567749023,9.79916811981201
1732511479781432300,28.117432373046874,0.1156698677062988,0.2041056915283203,9.783456171417235
1732511479791366400,28.127366455078125,0.1197100830078125,0.1961748985290527,9.791985514831543
1732511479801300200,28.13730029296875,0.1213560966491699,0.1840542526245117,9.786000010681152
1732511479811234300,28.147234375,0.1138742164611816,0.1821089637756347,9.794828629302978
1732511479821169400,28.15716943359375,0.1120785652160644,0.1868973670959472,9.811737678527832
1732511479831103200,28.167103271484372,0.1256955871582031,0.1822586013793945,9.834033681488036
1732511479841037300,28.177037353515622,0.1188122573852539,0.1728314323425293,9.836278245544433
1732511479850971100,28.18697119140625,0.1212064590454101,0.1854009910583496,9.821314485168456
1732511479860905500,28.196905517578124,0.1162684181213378,0.1889922935485839,9.745747495269775
1732511479870839300,28.20683935546875,0.1065419738769531,0.1861491790771484,9.734823950195311
1732511479880773400,28.2167734375,0.1075894371032714,0.1638531761169433,9.762955819702148
1732511479890707200,28.226707275390623,0.1089361755371093,0.1717839691162109,9.83882208480835
1732511479900642300,28.23664233398437,0.1044470474243164,0.1565209335327148,9.886257205200195
1732511479910576400,28.246576416015625,0.1179144317626953,0.1719336067199706,9.896282924652098
1732511479920510200,28.25651025390625,0.1415571731567382,0.1810615005493163,9.859322436523437
1732511479930444300,28.2664443359375,0.1539770942687988,0.2204161903381347,9.788244574737549
1732511479940378400,28.27637841796875,0.1222539222717285,0.2430114685058593,9.749937348175049
1732511479950312400,28.2863125,0.0692822105407714,0.2367266891479492,9.772831901550292
1732511479960246300,28.296246337890626,0.0411503410339355,0.2368763267517089,9.746196408081056
1732511479970181000,28.30618115234375,0.0345662864685058,0.2328361114501953,9.514258122253418
1732511479980115500,28.316115478515623,0.0173579620361328,0.2154781494140625,9.619303720092772
1732511479990049300,28.32604931640625,0.0698807609558105,0.170437230682373,9.922469505310058
1732511479999983400,28.3359833984375,0.1646013641357421,0.1258452247619629,10.086023406219482
1732511480009917200,28.345917236328123,0.1919850456237793,0.103399584197998,9.867552504730224
1732511480019851300,28.35585131835937,0.1725321571350097,0.1337760177612304,9.54418564300537
1732511480029785300,28.365785400390624,0.1256955871582031,0.1396118843078613,9.515904135894775
1732511480039719400,28.375719482421875,0.079158292388916,0.1565209335327148,9.746645320892334
1732511480049654300,28.385654296875,0.0501285972595214,0.1696890426635742,9.91453871231079
1732511480059588400,28.39558837890625,0.0647930824279785,0.17238251953125,9.909899946594235
1732511480069522400,28.4055224609375,0.0713771369934082,0.1990180130004882,9.831040929412842
1732511480079456300,28.41545629882813,0.0956184288024902,0.2045546043395996,9.829544553375245
1732511480089390300,28.425390380859376,0.1271919631958007,0.2295440841674804,9.821164847564695
1732511480099324200,28.43532421875,0.1370680450439453,0.2612672561645507,9.822062673187256
1732511480109258500,28.445258544921877,0.1502361541748046,0.2469020462036132,9.84480758895874
1732511480119193300,28.455193359375,0.1571194839477539,0.254683201599121,9.84450831375122
1732511480129127200,28.465127197265623,0.1717839691162109,0.249595523071289,9.842263749694824
1732511480139061200,28.475061279296877,0.1824082389831542,0.2305915473937988,9.843311212921142
1732511480148995300,28.484995361328124,0.1405097099304199,0.2094926452636718,9.822661223602294
1732511480158929400,28.49492944335937,0.1231517478942871,0.1710357810974121,9.828497090148923
1732511480168863200,28.50486328125,0.0974140800476074,0.1490390533447265,9.790788414001463
1732511480178797300,28.51479736328125,0.0881365486145019,0.131531453704834,9.760711255645752
1732511480188731400,28.5247314453125,0.0694318481445312,0.1261444999694824,9.772382988739013
1732511480198666200,28.534666259765626,0.0718260498046875,0.1171662437438964,9.796175367736817
1732511480208600300,28.54460034179688,0.0929249519348144,0.1373673202514648,9.7943797164917
1732511480218534100,28.5545341796875,0.1038484970092773,0.1473930397033691,9.778817405700684
1732511480228468500,28.564468505859374,0.1031003089904785,0.1536778190612792,9.78734674911499
1732511480238402300,28.57440234375,0.1074397994995117,0.1894412063598632,9.792284790039062
1732511480248336400,28.58433642578125,0.1039981346130371,0.2142810485839843,9.803058697509766
1732511480258270200,28.594270263671877,0.1135749412536621,0.2385223403930663,9.797522106170652
1732511480268205300,28.604205322265624,0.137217682647705,0.2386719779968261,9.716119249725342
1732511480278139400,28.614139404296875,0.1285387016296386,0.2483984222412109,9.758317053985596
1732511480288073200,28.6240732421875,0.1201589958190917,0.2569277656555175,9.933093775177
1732511480298007300,28.63400732421875,0.1004068321228027,0.2293944465637206,9.826851076507568
1732511480307941400,28.64394140625,0.0854430717468261,0.2090437324523925,9.60852981262207
1732511480317875500,28.65387548828125,0.110432551574707,0.1960252609252929,9.714173960876463
1732511480327809300,28.66380932617188,0.180014037322998,0.1623568000793457,9.886257205200195
1732511480337744100,28.673744140625,0.2180219886779785,0.1294365272521972,9.853935482788083
1732511480347678500,28.683678466796877,0.1919850456237793,0.1414075355529785,9.70414824142456
1732511480357612300,28.6936123046875,0.1466448516845703,0.1533785438537597,9.682450788879391
1732511480367546400,28.70354638671875,0.1204582710266113,0.1728314323425293,9.80021558303833
1732511480377480200,28.713480224609373,0.1017535705566406,0.1836053398132324,9.911545960235594
1732511480387414300,28.723414306640624,0.1002571945190429,0.1987187377929687,9.944466233062744
1732511480397348400,28.733348388671875,0.1271919631958007,0.2162263374328613,9.881319164276125
1732511480407282400,28.743282470703125,0.1448492004394531,0.2412158172607421,9.790638776397705
1732511480417217300,28.75321728515625,0.1430535491943359,0.2431611061096191,9.780014506530762
1732511480427151400,28.7631513671875,0.1514332550048828,0.2264016944885253,9.784653272247311
1732511480437085400,28.77308544921875,0.1565209335327148,0.218321263885498,9.821763397979735
1732511480447019300,28.783019287109376,0.1602618736267089,0.1997662010192871,9.81862100830078
1732511480456953300,28.792953369140623,0.1631049880981445,0.1954267105102539,9.804704711151125
1732511480466887200,28.80288720703125,0.18510171585083,0.1789665740966796,9.803208335113524
1732511480476821500,28.812821533203124,0.1777694732666015,0.1574187591552734,9.825953250885007
1732511480486756400,28.82275634765625,0.1732803451538085,0.1472434020996093,9.814131880187988
1732511480496690200,28.832690185546877,0.1575683967590332,0.1515828926086425,9.749937348175049
1732511480506624300,28.842624267578124,0.1331774673461914,0.144250650024414,9.734524674987792
1732511480516558300,28.85255834960937,0.0926256767272949,0.1403600723266601,9.748141696929933
1732511480526492400,28.862492431640625,0.1035492218017578,0.1464952140808105,9.803806885528564
1732511480536426200,28.87242626953125,0.1262941375732421,0.1307832656860351,9.832836580657958
1732511480546360300,28.8823603515625,0.1218050094604492,0.1265934127807617,9.804255798339844
1732511480556295400,28.89229541015625,0.1123778404235839,0.1420060859680175,9.776722479248049
1732511480566229200,28.90222924804688,0.1231517478942871,0.1586158599853515,9.78719711151123
1732511480576163300,28.91216333007813,0.1161187805175781,0.1578676719665527,9.791237326812745
1732511480586097200,28.92209716796875,0.1125274780273437,0.1812111381530761,9.796624280548096
1732511480596031500,28.932031494140624,0.1125274780273437,0.1840542526245117,9.816226806640625
1732511480605965300,28.94196533203125,0.1271919631958007,0.1862988166809082,9.815628256225583
1732511480615899400,28.9518994140625,0.1363198570251464,0.1889922935485839,9.819668471527098
1732511480625834200,28.961834228515624,0.143652099609375,0.1795651245117187,9.83089129180908
1732511480635768300,28.971768310546874,0.1584662223815917,0.1753752716064453,9.824456874847412
1732511480645702400,28.981702392578125,0.1400607971191406,0.1604115112304687,9.801861596679688
1732511480655636200,28.99163623046875,0.155772745513916,0.1553238327026367,9.810241302490232
1732511480665570800,29.00157080078125,0.1418564483642578,0.1370680450439453,9.811139128112792
1732511480675504600,29.01150463867188,0.1611596992492675,0.112976390838623,9.787945299530028
1732511480685438700,29.021438720703124,0.1693897674560547,0.122553197479248,9.764003282928469
1732511480695373600,29.03137353515625,0.1333271049499511,0.1004068321228027,9.784353997039794
1732511480705307600,29.0413076171875,0.134673843383789,0.0896329246520996,9.78121160736084
1732511480715241700,29.05124169921875,0.139162971496582,0.0873883605957031,9.783755446624756
1732511480725175600,29.06117553710937,0.1292868896484375,0.084245970916748,9.79423007888794
1732511480735109600,29.071109619140625,0.1444002876281738,0.0965162544250488,9.770886612701416
1732511480745043500,29.08104345703125,0.1246481239318847,0.0845452461242675,9.743951844024656
1732511480754977800,29.09097778320313,0.1280897888183593,0.1047463226318359,9.705345342254638
1732511480764912600,29.10091259765625,0.1488894157409667,0.110432551574707,9.682001876068115
1732511480774846500,29.110846435546875,0.1400607971191406,0.1322796417236328,9.71581997451782
1732511480784780500,29.12078051757813,0.1408089851379394,0.1026513961791992,9.79378116607666
1732511480794714600,29.130714599609377,0.1318307289123535,0.0742202514648437,9.841216286468503
1732511480804648700,29.140648681640624,0.1596633232116699,0.1075894371032714,9.859472074127195
1732511480814582500,29.15058251953125,0.182557876586914,0.1300350776672363,9.884012641143798
1732511480824516600,29.1605166015625,0.187047004699707,0.1367687698364257,9.83089129180908
1732511480834450700,29.17045068359375,0.1541267318725586,0.1509843421936035,9.770437699890136
1732511480844385500,29.180385498046878,0.118064069366455,0.1441010124206543,9.760860893249513
1732511480854319600,29.190319580078125,0.0794575675964355,0.1348234809875488,9.76116016845703
1732511480864253400,29.20025341796875,0.0769137283325195,0.1228524726867675,9.56393780670166
1732511480874187800,29.210187744140622,0.0546177253723144,0.1224035598754882,9.554660275268557
1732511480884121600,29.22012158203125,0.0863408973693847,0.0763151779174804,9.852289469146728
1732511480894055700,29.2300556640625,0.1888426559448242,0.0610521423339843,10.084975942993164
1732511480903989500,29.23998950195313,0.2406172668457031,0.0372597633361816,9.9714010017395
1732511480913924600,29.24992456054688,0.2353799507141113,0.0359130249023437,9.616310968017578
1732511480923858700,29.259858642578124,0.203656778717041,0.0680851097106933,9.516053773498534
1732511480933792500,29.26979248046875,0.1496376037597656,0.098311905670166,9.715071786499022
1732511480943726600,29.2797265625,0.1219546470642089,0.0962169792175293,9.936535440063476
1732511480953660700,29.28966064453125,0.0808043060302734,0.0884358238220214,9.970952088928222
1732511480963594800,29.2995947265625,0.0743698890686035,0.0996586441040039,9.859621711730956
1732511480973528600,29.309528564453124,0.096366616821289,0.0965162544250488,9.791237326812745
1732511480983463400,29.31946337890625,0.1167173309326171,0.105943423461914,9.804555073547364
1732511480993397800,29.32939770507813,0.1433528244018554,0.1306336280822753,9.836427883148191
1732511481003331600,29.33933154296875,0.168491941833496,0.1390133338928222,9.847351428222655
1732511481013265700,29.349265625,0.1996165634155273,0.1496376037597656,9.85782606048584
1732511481023199500,29.359199462890626,0.2111386589050292,0.1255459495544433,9.86366192703247
1732511481033133600,29.36913354492188,0.2159270622253417,0.1222539222717285,9.848548529052731
1732511481043067600,29.379067626953123,0.1846528030395507,0.1212064590454101,9.81757354507446
1732511481053002500,29.38900244140625,0.1424549987792968,0.1004068321228027,9.80679963760376
1732511481062936600,29.3989365234375,0.1066916114807128,0.074669164276123,9.807697463226315
1732511481072870700,29.40887060546875,0.091278938293457,0.0656909080505371,9.81248586654663
1732511481082804700,29.4188046875,0.0671872840881347,0.0481833084106445,9.797821381378172
1732511481092738600,29.428738525390624,0.0658405456542968,0.0275333190917968,9.797372468566897
1732511481102672600,29.438672607421875,0.0713771369934082,0.0430956298828125,9.778069217681884
1732511481112606500,29.4486064453125,0.1108814643859863,0.05746083984375,9.77402900238037
1732511481122541600,29.45854150390625,0.1189618949890136,0.0733224258422851,9.777470667266844
1732511481132475600,29.4684755859375,0.1340752929687499,0.0836474205017089,9.784802909851074
1732511481142409500,29.47840942382813,0.1470937644958496,0.1038484970092773,9.825953250885007
1732511481152343600,29.488343505859376,0.1598129608154296,0.1253963119506836,9.817723182678222
1732511481162277600,29.498277587890627,0.1650502769470214,0.1479915901184082,9.770288062286376
1732511481172211700,29.508211669921877,0.1717839691162109,0.1420060859680175,9.732280110931397
1732511481182145500,29.5181455078125,0.1396118843078613,0.1494879661560058,9.85632968444824
1732511481192080600,29.52808056640625,0.1019032081604003,0.1313818161010742,9.835530057525634
1732511481202014700,29.5380146484375,0.0661398208618164,0.115520230102539,9.66584101486206
1732511481211948500,29.547948486328124,0.1013046577453613,0.093822777557373,9.650577979278564
1732511481221882600,29.55788256835937,0.1728314323425293,0.091278938293457,9.817723182678222
1732511481231816400,29.56781640625,0.2165256126403808,0.0673369216918945,9.871742357635496
1732511481241750800,29.57775073242188,0.2127846725463867,0.0618003303527832,9.7806130569458
1732511481251684600,29.5876845703125,0.1643020889282226,0.0760159027099609,9.70429787902832
1732511481261619500,29.597619384765625,0.1297358024597167,0.0713771369934082,9.759364517211914
1732511481271553500,29.60755346679688,0.1004068321228027,0.0956184288024902,9.8709941696167
1732511481281487600,29.617487548828127,0.1092354507446289,0.1156698677062988,9.920524216461182
1732511481291421700,29.627421630859374,0.1092354507446289,0.1430535491943359,9.906607919311522
1732511481301355500,29.63735546875,0.1411082603454589,0.1476923149108886,9.853486569976804
1732511481311289600,29.64728955078125,0.156371295928955,0.1530792686462402,9.803208335113524
1732511481321224700,29.657224609375,0.1587654975891113,0.1345242057800293,9.801412683868408
1732511481331158500,29.667158447265624,0.1792658493041992,0.1375169578552246,9.821314485168456
1732511481341092600,29.677092529296875,0.167893391418457,0.1062426986694335,9.814281517791748
1732511481351026400,29.6870263671875,0.1369184074401855,0.1143231292724609,9.813682967376709
1732511481360960800,29.696960693359376,0.1303343528747558,0.1062426986694335,9.806949275207518
1732511481370894600,29.70689453125,0.1439513748168945,0.0972644424438476,9.809792389678954
1732511481380828700,29.71682861328125,0.1551741950988769,0.0999579193115234,9.834183319091796
1732511481390763500,29.726763427734376,0.1511339797973632,0.1092354507446289,9.80665
1732511481400697600,29.736697509765627,0.1114800148010253,0.1072901618957519,9.747094233703612
1732511481410631700,29.746631591796877,0.0951695159912109,0.0959177040100097,9.735422500610351
1732511481420565500,29.7565654296875,0.0769137283325195,0.0980126304626464,9.757568865966796
1732511481430499600,29.76649951171875,0.0846948837280273,0.0730231506347656,9.794978266906735
1732511481440433400,29.776433349609373,0.0906803878784179,0.0808043060302734,9.83223803024292
1732511481450367700,29.78636767578125,0.0827495948791503,0.0697311233520507,9.801412683868408
1732511481460302600,29.79630249023437,0.0917278511047363,0.0921767639160156,9.794828629302978
1732511481470236400,29.806236328125,0.1137245788574218,0.1020528457641601,9.786149648284912
1732511481480170800,29.81617065429688,0.1204582710266113,0.0921767639160156,9.808445651245115
1732511481490104600,29.8261044921875,0.1126771156311035,0.1048959602355956,9.816077169036864
1732511481500038700,29.83603857421875,0.0959177040100097,0.1152209548950195,9.808445651245115
1732511481509972500,29.845972412109376,0.1047463226318359,0.1212064590454101,9.81278514175415
1732511481519906600,29.855906494140623,0.100855744934082,0.101454295349121,9.794978266906735
1732511481529841700,29.865841552734373,0.1060930610656738,0.096366616821289,9.795576817321775
1732511481539775500,29.875775390625,0.1138742164611816,0.1019032081604003,9.7928833404541
1732511481549709600,29.88570947265625,0.1238999359130859,0.0802057556152343,9.795876092529296
1732511481559643400,29.895643310546877,0.1310825408935546,0.0724246002197265,9.781959795379638
1732511481569577700,29.90557763671875,0.1252466743469238,0.0604535919189453,9.803058697509766
1732511481579511600,29.91551147460937,0.1209071838378906,0.062548518371582,9.803806885528564
1732511481589445600,29.925445556640625,0.1017535705566406,0.0451905563354492,9.807697463226315
1732511481599380700,29.935380615234376,0.0933738647460937,0.0412999786376953,9.809343476867674
1732511481609314600,29.945314453125,0.0930745895385742,0.0462380195617675,9.810241302490232
1732511481619248600,29.95524853515625,0.105344873046875,0.0686836601257324,9.801861596679688
1732511481629182500,29.96518237304688,0.0800561180114746,0.0502782348632812,9.811588040924072
1732511481639116500,29.97511645507813,0.0843956085205078,0.0522235237121582,9.826252526092528
1732511481649050600,29.985050537109377,0.084245970916748,0.0495300468444824,9.835081144714357
1732511481658984700,29.994984619140624,0.0902314750671386,0.0635959815979003,9.80545289916992
1732511481668919800,30.004919921875,0.0948702407836914,0.0870890853881835,9.760860893249513
1732511481678853600,30.014853515625,0.0864905349731445,0.0870890853881835,9.7177652633667
1732511481688788000,30.0247880859375,0.0803553932189941,0.0779611915588378,9.744999307250977
1732511481698721800,30.0347216796875,0.0921767639160156,0.063147068786621,9.812036953735351
1732511481708655900,30.04465576171875,0.0719756874084472,0.050427872467041,9.865607215881347
1732511481718589700,30.054589599609372,0.0658405456542968,0.0644938072204589,9.871742357635496
1732511481728523800,30.064523681640622,0.0703296737670898,0.0713771369934082,9.893290172576904
1732511481738459000,30.074458984375,0.0818517692565918,0.0888847366333007,9.915735813140868
1732511481748392700,30.084392822265624,0.0960673416137695,0.0930745895385742,9.850344180297853
1732511481758326800,30.094326904296874,0.0685340225219726,0.1023521209716796,9.810390940093994
1732511481768260600,30.10426049804688,0.0194528884887695,0.1062426986694335,9.748740247344973
1732511481778195000,30.11419482421875,-0.01271919631958,0.0858919845581054,9.542689266967772
1732511481788128800,30.12412866210937,-0.0585083030700683,0.0833481452941894,9.394847314453123
1732511481798063900,30.13406396484375,0.0016460136413574,0.0398036026000976,9.734524674987792
1732511481807998000,30.143998046875,0.1035492218017578,-0.0035913024902343,10.10053825378418
1732511481817931800,30.153931884765623,0.1643020889282226,-0.0451905563354492,10.08063645248413
1732511481827865900,30.16386596679688,0.1629553504943847,-0.0399532402038574,9.681852238464357
1732511481837799700,30.173799560546875,0.1466448516845703,-0.0044891281127929,9.485228427124024
1732511481847733800,30.18373364257813,0.0709282241821289,0.019752163696289,9.66479355163574
1732511481857667800,30.193667724609377,0.0421978042602539,0.0656909080505371,9.93399160079956
1732511481867603000,30.20360302734375,0.0200514389038085,0.0896329246520996,9.99788685760498
1732511481877536800,30.21353686523437,0.0053869537353515,0.1186626197814941,9.859023161315918
1732511481887470800,30.223470947265625,0.0103249946594238,0.149338328552246,9.791536602020264
1732511481897405000,30.233405029296875,0.0228945533752441,0.1403600723266601,9.809493114471437
1732511481907338800,30.2433388671875,0.043993455505371,0.1569698463439941,9.821015209960937
1732511481917272800,30.25327294921875,0.069581485748291,0.15322890625,9.827898539733884
1732511481927206700,30.26320654296875,0.0754173522949218,0.1227028350830078,9.81877064590454
1732511481937142000,30.27314208984375,0.0790086547851562,0.0869394477844238,9.80545289916992
1732511481947075800,30.283075927734377,0.0875379981994628,0.0845452461242675,9.836577520751952
1732511481957010000,30.293010009765624,0.0564133766174316,0.048482583618164,9.840318460845946
1732511481966943700,30.30294384765625,0.0348655616760253,0.0239420166015624,9.849296717071532
1732511481976877800,30.3128779296875,0.0047884033203125,0.0064344169616699,9.833285493469235
1732511481986812000,30.32281201171875,-0.0041898529052734,-0.0026934768676757,9.809642752075195
1732511481996746800,30.332746826171874,-0.0116717330932617,-0.0104746322631835,9.774777190399169
1732511482006680800,30.342680908203125,-0.005686228942871,-0.015263035583496,9.752331549835205
1732511482016615000,30.352614990234372,0.0118213706970214,-0.0097264442443847,9.758765966796874
1732511482026548700,30.362548828125,0.0237923789978027,0.0246902046203613,9.804704711151125
1732511482036482800,30.37248291015625,0.0424970794677734,0.029328970336914,9.81802245788574
1732511482046416600,30.382416748046875,0.0436941802978515,0.0737713386535644,9.808146376037596
1732511482056350700,30.39235083007813,0.0230441909790039,0.081702131652832,9.80635072479248
1732511482066285800,30.40228588867188,0.010175357055664,0.1176151565551757,9.826402163696288
1732511482076220000,30.412219970703124,0.0496796844482421,0.1233013854980468,9.79423007888794
1732511482086153700,30.42215380859375,0.0487818588256835,0.1342249305725097,9.776872116851806
1732511482096087800,30.432087890625,0.0353144744873046,0.1252466743469238,9.961225644683838
1732511482106022000,30.44202197265625,0.0383072265625,0.0984615432739257,9.902866979217528
1732511482115955700,30.451955810546878,-0.0052373161315917,0.0743698890686035,9.676465284729003
1732511482125889800,30.461889892578125,-0.0169090492248535,0.072723875427246,9.606883798980713
1732511482135825000,30.471824951171875,0.0598550415039062,0.0498293220520019,9.706692080688477
1732511482145759000,30.48175903320313,0.065092357635498,0.031274259185791,9.821763397979735
1732511482155692800,30.49169287109375,0.0852934341430664,0.0251391174316406,9.860220262145996
1732511482165627000,30.501626953125,0.0448912811279296,0.021697452545166,9.847052153015136
1732511482175560700,30.511560791015626,0.0255880302429199,0.0508767852783203,9.864709390258788
1732511482185494800,30.52149487304688,0.031274259185791,0.0538695373535156,9.856628959655762
1732511482195430000,30.531429931640623,0.0353144744873046,0.0834977828979492,9.827150351715089
1732511482205363700,30.54136376953125,0.038905776977539,0.0986111808776855,9.820267021942138
1732511482215298000,30.551298095703125,0.0528220741271972,0.1038484970092773,9.833435131072996
1732511482225232000,30.56123193359375,0.0612017799377441,0.1108814643859863,9.840468098449708
1732511482235166000,30.571166015625,0.0598550415039062,0.1144727668762207,9.814281517791748
1732511482245099800,30.581099853515624,0.0757166275024414,0.0986111808776855,9.78166052017212
1732511482255033900,30.591033935546875,0.0796072052001953,0.0785597419738769,9.750984811401366
1732511482264969000,30.600968994140626,0.0665887336730957,0.0659901832580566,9.776722479248049
1732511482274902800,30.61090283203125,0.0623988807678222,0.0561141014099121,9.81338369216919
1732511482284836900,30.6208369140625,0.0613514175415039,0.0471358451843261,9.83223803024292
1732511482294770700,30.63077075195313,0.0820014068603515,0.0549170005798339,9.833884043884275
1732511482304705000,30.640705078125,0.0378583137512207,0.0483329460144042,9.794678991699218
1732511482314638800,30.650638916015627,0.0468365699768066,0.0637456192016601,9.756671040344235
1732511482324573000,30.660572998046877,0.0528220741271972,0.0588075782775878,9.731681560516355
1732511482334508000,30.670508056640625,0.0333691856384277,0.0710778617858886,9.731980835723876
1732511482344441900,30.68044189453125,0.0341173736572265,0.0731727882385253,9.763404732513427
1732511482354376000,30.6903759765625,0.0399532402038574,0.0700303985595703,9.788693487548828
1732511482364309800,30.700309814453124,0.0567126518249511,0.0620996055603027,9.817124632263184
1732511482374243800,30.71024389648437,0.0354641120910644,0.0710778617858886,9.821015209960937
1732511482384178000,30.720177978515625,0.0263362182617187,0.0884358238220214,9.795726454925536
1732511482394112800,30.73011279296875,0.0381575889587402,0.0954687911987304,9.779565593719482
1732511482404046800,30.740046875,0.0375590385437011,0.0915782135009765,9.771485163116454
1732511482413980700,30.749980712890626,0.0392050521850585,0.0899321998596191,9.80545289916992
1732511482423915000,30.7599150390625,0.0372597633361816,0.0855927093505859,9.813533329772948
1732511482433848800,30.769848876953127,0.0305260711669921,0.0921767639160156,9.85019454269409
1732511482443783000,30.779782958984374,0.0365115753173828,0.0966658920288085,9.828048177337646
1732511482453716700,30.789716796875,0.0534206245422363,0.0828992324829101,9.823858324432372
1732511482463651800,30.79965185546875,0.0659901832580566,0.0767640907287597,9.818321733093262
1732511482473586000,30.8095859375,0.05746083984375,0.0749684394836425,9.796624280548096
1732511482483519700,30.819519775390624,0.0700303985595703,0.0647930824279785,9.784054721832277
1732511482493453800,30.829453857421875,0.0761655403137206,0.0697311233520507,9.759214879608152
1732511482503388000,30.839387939453125,0.0775122787475585,0.0719756874084472,9.746794958496093
1732511482513322000,30.849322021484376,0.0499789596557617,0.05746083984375,9.750984811401366
1732511482523256800,30.8592568359375,0.0396539649963378,0.0559644638061523,9.757269590759275
1732511482533190700,30.869190673828125,0.0131681091308593,0.0453401939392089,9.798719207000731
1732511482543125000,30.879125,0.0082300682067871,0.0647930824279785,9.854683670806883
1732511482553058800,30.889058837890627,0.0227449157714843,0.0643441696166992,9.893739085388184
1732511482562993000,30.898992919921877,0.0421978042602539,0.0805050308227539,9.942520944213866
1732511482572926700,30.9089267578125,0.0236427413940429,0.1105821891784668,9.88895068206787
1732511482582860800,30.91886083984375,0.0047884033203125,0.1029506713867187,9.78674819869995
1732511482592796000,30.9287958984375,-0.0137666595458984,0.0993593688964843,9.726593881988524
1732511482602729700,30.938729736328124,-0.0010474632263183,0.1114800148010253,9.54523310623169
1732511482612663800,30.94866381835937,-0.0604535919189453,0.1170166061401367,9.393201300811768
1732511482622598000,30.958597900390625,-0.0827495948791503,0.0899321998596191,9.693224696350097
1732511482632532000,30.96853198242188,0.0405517906188964,0.0079307929992675,10.064924504089356
1732511482642465800,30.9784658203125,0.1288379768371582,-0.0597054039001464,10.11220998687744
1732511482652400600,30.988400634765625,0.1589151351928711,-0.0712274993896484,9.724947868347169
1732511482662335000,30.9983349609375,0.0960673416137695,-0.0357633872985839,9.4864255279541
1732511482672268800,31.008268798828126,0.0149637603759765,0.0309749839782714,9.65910732269287
1732511482682203000,31.018202880859373,-0.0342670112609863,0.0740706138610839,9.9085532081604
1732511482692136700,31.02813671875,-0.060603229522705,0.0975637176513671,9.948207173156735
1732511482702071000,31.038071044921875,-0.0724246002197265,0.131531453704834,9.83178911743164
1732511482712004900,31.0480048828125,-0.0495300468444824,0.1479915901184082,9.779116680908205
1732511482721939700,31.057939697265624,-0.0477343955993652,0.16594810256958,9.815478618621826
1732511482731873800,31.067873779296875,0.0014963760375976,0.158316584777832,9.828946002960205
1732511482741807900,31.077807861328125,0.0430956298828125,0.1291372520446777,9.841515561676024
1732511482751742000,31.087741943359376,0.0366612129211425,0.1253963119506836,9.820117384338378
1732511482761675800,31.09767578125,0.0326209976196289,0.1072901618957519,9.828796365356444
1732511482771609900,31.10760986328125,0.0035913024902343,0.0781108291625976,9.839420635223387
1732511482781545000,31.117544921875,-0.0444423683166503,0.0579097526550293,9.862614463806151
1732511482791478800,31.127478759765623,-0.0487818588256835,0.0314238967895507,9.855431858825684
1732511482801412900,31.137412841796877,-0.0788590171813964,0.014664485168457,9.819668471527098
1732511482811346700,31.1473466796875,-0.0745195266723632,0.0182557876586914,9.817124632263184
1732511482821281000,31.15728100585937,-0.0689829353332519,-0.0044891281127929,9.7936315284729
1732511482831214800,31.16721484375,-0.0407014282226562,0.0094271690368652,9.784952547454834
1732511482841149700,31.177149658203124,-0.0086789810180664,0.0097264442443847,9.808296013641357
1732511482851083800,31.18708374023437,0.0065840545654296,0.0424970794677734,9.81921955871582
1732511482861017900,31.197017822265625,-0.0188543380737304,0.0758662651062011,9.80575217437744
1732511482870952000,31.20695190429688,-0.0282815071105957,0.0944213279724121,9.810690215301513
1732511482880885800,31.2168857421875,-0.0353144744873046,0.1186626197814941,9.815777893829344
1732511482890819800,31.22681982421875,-0.0357633872985839,0.1402104347229003,9.79423007888794
1732511482900754000,31.23675390625,-0.0366612129211425,0.1357213066101074,9.71686743774414
1732511482910688800,31.246688720703126,-0.0315735343933105,0.151283617401123,9.810241302490232
1732511482920622800,31.256622802734373,0.0047884033203125,0.1375169578552246,9.987262587738035
1732511482930556700,31.266556640625,0.0037409400939941,0.0870890853881835,9.804405435943602
1732511482940491000,31.276490966796874,-0.0317231719970703,0.0689829353332519,9.638158058166503
1732511482950424800,31.2864248046875,-0.0014963760375976,0.0855927093505859,9.670479780578614
1732511482960359000,31.29635888671875,0.0142155723571777,0.0643441696166992,9.720608377838134
1732511482970293800,31.306293701171874,-0.0113724578857421,0.0592564910888671,9.719112001800536
1732511482980227800,31.316227783203125,-0.0447416435241699,0.0508767852783203,9.811588040924072
1732511482990162000,31.326161865234376,-0.0227449157714843,0.0448912811279296,9.90840357055664
1732511483000095700,31.336095703125,0.0070329673767089,0.0591068534851074,9.936086527252195
1732511483010029800,31.34602978515625,-0.0023942016601562,0.072125325012207,9.874884747314452
1732511483019964000,31.3559638671875,0.0041898529052734,0.0872387229919433,9.85064345550537
1732511483029899000,31.36589892578125,0.0139162971496582,0.1075894371032714,9.846752877807615
1732511483039832800,31.375832763671877,0.0080804306030273,0.1259948623657226,9.817723182678222
1732511483049766700,31.3857666015625,0.0207996269226074,0.1568202087402343,9.824307237243652
1732511483059701000,31.39570092773437,0.0279822319030761,0.1387140586853027,9.822361948394777
1732511483069634800,31.405634765625,0.0368108505249023,0.1233013854980468,9.822960498809811
1732511483079569000,31.41556884765625,0.0520738861083984,0.1319803665161132,9.808296013641357
1732511483089502700,31.425502685546878,0.0237923789978027,0.0962169792175293,9.809193839263916
1732511483099438000,31.43543798828125,0.0565630142211914,0.084245970916748,9.817723182678222
1732511483109372000,31.44537182617188,0.0824503196716308,0.0855927093505859,9.803806885528564
1732511483119305700,31.4553056640625,0.0848445213317871,0.0811035812377929,9.746196408081056
1732511483129239800,31.46523974609375,0.0653916328430175,0.0942716903686523,9.669581954956056
1732511483139174000,31.475173828125,0.043993455505371,0.0845452461242675,9.6404026222229
1732511483149108000,31.48510791015625,-0.0028431144714355,0.0941220527648925,9.671527243804931
1732511483159042800,31.495042724609377,-0.0236427413940429,0.0758662651062011,9.748141696929933
1732511483168977000,31.504976806640624,-0.024241291809082,0.0688332977294921,9.830292741394045
1732511483178911000,31.514910888671874,0.0170586868286132,0.0628477935791015,9.889249957275393
1732511483188844800,31.5248447265625,0.0457891067504882,0.0821510444641113,9.924265156555176
1732511483198779000,31.53477880859375,0.0348655616760253,0.1126771156311035,9.87084453201294
1732511483208712700,31.54471264648437,0.0028431144714355,0.1427542739868164,9.80006594543457
1732511483218646800,31.554646728515625,-0.040851065826416,0.144250650024414,9.782707983398437
1732511483228582000,31.564581787109372,-0.041449616241455,0.1791162117004394,9.579949030303954
1732511483238516000,31.574515869140622,-0.077213003540039,0.1897404815673828,9.4358480178833
1732511483248449800,31.58444970703125,-0.0508767852783203,0.1481412277221679,9.75517466430664
1732511483258384000,31.5943837890625,0.0839466957092285,0.0914285758972167,10.005368737792969
1732511483268318000,31.60431787109375,0.1355716690063476,0.038905776977539,10.01015714111328
1732511483278251800,31.614251708984376,0.1569698463439941,0.0026934768676757,9.731382285308838
1732511483288187000,31.624186767578124,0.1319803665161132,0.0181061500549316,9.567529109191891
1732511483298121000,31.63412084960937,0.0534206245422363,0.0698807609558105,9.728239895629882
1732511483308055000,31.644054931640625,-0.0113724578857421,0.112976390838623,9.86979706878662
1732511483317988900,31.65398876953125,-0.0489314964294433,0.1319803665161132,9.9093013961792
1732511483327923000,31.6639228515625,-0.0460883819580078,0.1696890426635742,9.879074600219726
1732511483337856800,31.673856689453125,-0.0206499893188476,0.1889922935485839,9.821913035583496
1732511483347792000,31.6837919921875,0.0148141227722167,0.2054524299621581,9.800814133453368
1732511483357726000,31.69372583007813,0.0544680877685546,0.1939303344726562,9.796325005340575
1732511483367659800,31.70365966796875,0.0806546684265136,0.1771709228515625,9.803806885528564
1732511483377593900,31.71359375,0.0845452461242675,0.1446995628356933,9.80620108718872
1732511483387528000,31.72352783203125,0.0706289489746093,0.1399111595153808,9.837624983978271
1732511483397462000,31.7334619140625,0.0164601364135742,0.1328781921386718,9.837176071166992
1732511483407395800,31.743395751953123,-0.0157119483947753,0.1274912384033203,9.84361048812866
1732511483417331000,31.7533310546875,-0.0570119270324707,0.1126771156311035,9.816226806640625
1732511483427265000,31.76326513671875,-0.0683843849182128,0.0902314750671386,9.82610288848877
1732511483437198800,31.77319873046875,-0.0592564910888671,0.0712274993896484,9.803657247924804
1732511483447133000,31.7831328125,-0.0480336708068847,0.0516249732971191,9.771784438323976
1732511483457066800,31.793066650390625,-0.0113724578857421,0.0626981559753418,9.77447791519165
1732511483467001000,31.8030009765625,0.0210989021301269,0.0598550415039062,9.788394212341307
1732511483476936000,31.81293603515625,0.0261865806579589,0.0781108291625976,9.80530326156616
1732511483486869800,31.82286987304688,0.0249894798278808,0.1089361755371093,9.834781869506836
1732511483496803800,31.832803955078123,0.0260369430541992,0.1277905136108398,9.811588040924072
1732511483506738000,31.84273803710937,0.0234931037902832,0.1526303558349609,9.822361948394777
1732511483516672000,31.852672119140625,0.0218470901489257,0.1852513534545898,9.827000714111328
1732511483526605800,31.862605712890623,0.0151133979797363,0.1827075141906738,9.758466691589357
1732511483536541000,31.872541015625,0.0196025260925292,0.1842038902282714,9.731232647705076
1732511483546475000,31.88247509765625,0.0374094009399414,0.1865980918884277,9.94596260910034
1732511483556408800,31.892408935546875,0.0520738861083984,0.155772745513916,9.846154327392576
1732511483566343000,31.90234301757813,0.0124199211120605,0.1285387016296386,9.636960957336424
1732511483576276700,31.91227685546875,0.0411503410339355,0.1394622467041015,9.638606970977785
1732511483586211000,31.922211181640623,0.0513256980895996,0.1182137069702148,9.71821417617798
1732511483596146000,31.93214599609375,0.0215478149414062,0.1016039329528808,9.770736975097655
1732511483606079700,31.942079833984376,0.0032920272827148,0.0957680664062499,9.8694977935791
1732511483616013800,31.952013916015623,-0.0034416648864746,0.1031003089904785,9.916932913970946
1732511483625948000,31.961947998046877,0.0080804306030273,0.1066916114807128,9.89523546142578
1732511483635882000,31.971882080078124,0.0263362182617187,0.1230021102905273,9.859472074127195
1732511483645815800,31.98181591796875,0.0468365699768066,0.1364694946289062,9.820865572357176
1732511483655750700,31.991750732421878,0.0703296737670898,0.1677437538146972,9.81951883392334
1732511483665684700,32.00168481445313,0.0478840332031249,0.1913864952087402,9.81338369216919
1732511483675618600,32.01161865234375,0.048482583618164,0.2039560539245605,9.813234054565427
1732511483685552600,32.021552734375,0.0543184501647949,0.197222361755371,9.82610288848877
1732511483695486700,32.03148681640625,0.0640448944091796,0.1595136856079101,9.822062673187256
1732511483705420800,32.0414208984375,0.0745195266723632,0.1364694946289062,9.80051485824585
1732511483715354600,32.05135473632812,0.0728735130310058,0.1306336280822753,9.789890588378906
1732511483725289500,32.06128955078125,0.0839466957092285,0.1265934127807617,9.786598561096191
1732511483735223800,32.07122387695313,0.0561141014099121,0.149338328552246,9.733776486968994
1732511483745157600,32.08115771484375,0.028730419921875,0.1294365272521972,9.647734864807129
1732511483755091700,32.091091796875,0.0133177467346191,0.1318307289123535,9.604190322113036
1732511483765025500,32.10102563476563,0.0243909294128417,0.1259948623657226,9.708787007141114
1732511483774959900,32.1109599609375,0.0368108505249023,0.1152209548950195,9.87084453201294
1732511483784894700,32.120894775390624,0.0683843849182128,0.1219546470642089,9.953743764495847
1732511483794828500,32.13082861328125,0.0444423683166503,0.1375169578552246,9.89598364944458
1732511483804762600,32.1407626953125,-0.0010474632263183,0.1542763694763183,9.81233622894287
1732511483814696700,32.15069677734375,-0.0251391174316406,0.1647510017395019,9.705943892669676
1732511483824630800,32.160630859375,-0.0612017799377441,0.2035071411132812,9.471162492370604
1732511483834564600,32.170564697265625,-0.1122282028198242,0.2195183647155761,9.525929855346678
1732511483844499700,32.18049975585937,0.0,0.1432031867980956,9.884311916351315
1732511483854433800,32.19043383789062,0.1403600723266601,0.091278938293457,10.0357451713562
1732511483864367600,32.20036767578125,0.1716343315124511,0.0362123001098632,9.839420635223387
1732511483874301700,32.2103017578125,0.156371295928955,0.022296002960205,9.57665700302124
1732511483884235500,32.22023559570312,0.0998082817077636,0.086789810180664,9.663147537994384
1732511483894169900,32.230169921875,0.000598550415039,0.1286883392333984,9.81862100830078
1732511483904104700,32.24010473632813,-0.0369604881286621,0.1762730972290039,9.88206735229492
1732511483914038800,32.25003881835938,-0.0273836814880371,0.1948281600952148,9.892093071746826
1732511483923972600,32.25997265625,0.0014963760375976,0.2210147407531738,9.87054525680542
1732511483933906700,32.26990673828125,0.0245405670166015,0.2275987953186035,9.792284790039062
1732511483943840800,32.2798408203125,0.0820014068603515,0.2287958961486816,9.791536602020264
1732511483953774600,32.28977465820312,0.1004068321228027,0.2020107650756835,9.81293477935791
1732511483963709700,32.29970971679688,0.1062426986694335,0.1753752716064453,9.800814133453368
1732511483973643800,32.30964379882813,0.0430956298828125,0.1602618736267089,9.802909059906003
1732511483983577900,32.31957788085938,0.0151133979797363,0.1485901405334472,9.80575217437744
1732511483993511700,32.32951171875,-0.0341173736572265,0.1349731185913086,9.80575217437744
1732511484003445500,32.33944555664063,-0.0570119270324707,0.1224035598754882,9.804555073547364
1732511484013379800,32.3493798828125,-0.0601543167114257,0.1267430503845214,9.79916811981201
1732511484023314700,32.359314697265624,-0.0532709869384765,0.1056441482543945,9.792284790039062
1732511484033248800,32.369248779296875,-0.0164601364135742,0.1020528457641601,9.783007258605956
1732511484043182600,32.3791826171875,0.0085293434143066,0.0820014068603515,9.817423907470705
1732511484053116700,32.38911669921875,0.0427963546752929,0.0977133552551269,9.799018482208252
1732511484063050800,32.39905078125,0.0393546897888183,0.1301847152709961,9.781361244964598
1732511484072984600,32.408984619140625,0.0362123001098632,0.1575683967590332,9.80066449584961
1732511484082919700,32.41891967773437,0.0366612129211425,0.1816600509643554,9.79961703262329
1732511484092853800,32.42885375976562,0.0255880302429199,0.1907879447937011,9.81936919631958
1732511484102787800,32.438787841796874,0.028730419921875,0.2168248878479003,9.845256501770018
1732511484112721700,32.4487216796875,0.0378583137512207,0.2353799507141113,9.839420635223387
1732511484122655700,32.45865576171875,0.0234931037902832,0.24256255569458,9.727790982818602
1732511484132589800,32.46858984375,0.0175075996398925,0.249595523071289,9.743054018402098
1732511484142524700,32.47852465820313,0.0273836814880371,0.2289455337524414,9.936385802459716
1732511484152458800,32.48845874023438,0.0348655616760253,0.2000654762268066,9.794529354095458
1732511484162392600,32.498392578125,0.0462380195617675,0.1635539009094238,9.633369654846192
1732511484172327000,32.50832690429687,0.0688332977294921,0.1533785438537597,9.634866030883789
1732511484182260700,32.5182607421875,0.0855927093505859,0.1604115112304687,9.695618898010252
1732511484192194800,32.52819482421875,0.060004679107666,0.1665466529846191,9.833734406280517
1732511484202128600,32.53812866210937,0.0477343955993652,0.1611596992492675,9.890895970916748
1732511484212063700,32.54806372070313,0.0230441909790039,0.1650502769470214,9.840767373657226
1732511484221997800,32.55799780273438,0.0254383926391601,0.1801636749267578,9.827599264526366
1732511484231931600,32.567931640625,0.060603229522705,0.2033575035095214,9.853935482788083
1732511484241865700,32.57786572265625,0.0814028564453124,0.2243067680358886,9.886855755615231
1732511484251799600,32.58779956054688,0.0802057556152343,0.244507844543457,9.839570272827148
1732511484261734000,32.59773388671875,0.0845452461242675,0.2671031227111816,9.785551097869872
1732511484271668700,32.607668701171875,0.0751180770874023,0.2840121719360351,9.765499658966064
1732511484281602600,32.6176025390625,0.0885854614257812,0.2739864524841308,9.767145672607422
1732511484291537000,32.627536865234376,0.0734720634460449,0.2467524085998535,9.804405435943602
1732511484301470700,32.637470703125,0.086789810180664,0.2111386589050292,9.821314485168456
1732511484311404800,32.64740478515625,0.1041477722167968,0.1954267105102539,9.8449572265625
1732511484321338600,32.65733862304688,0.1137245788574218,0.1752256340026855,9.840617736053469
1732511484331273700,32.66727368164062,0.1188122573852539,0.1599625984191894,9.796624280548096
1732511484341207800,32.67720776367187,0.0920271263122558,0.1812111381530761,9.734375037384032
1732511484351141600,32.6871416015625,0.0718260498046875,0.1931821464538574,9.65237363052368
1732511484361075700,32.69707568359375,0.0451905563354492,0.2032078659057617,9.655366382598876
1732511484371009500,32.70700952148437,0.036361937713623,0.2151788742065429,9.71073229598999
1732511484380944000,32.71694384765625,0.0275333190917968,0.1982698249816894,9.746944596099851
1732511484390878700,32.72687866210938,0.050427872467041,0.2073977188110351,9.817723182678222
1732511484400812500,32.7368125,0.0760159027099609,0.2226607543945312,9.87084453201294
1732511484410747000,32.74674682617187,0.10848726272583,0.2328361114501953,9.9093013961792
1732511484420680700,32.7566806640625,0.0953191535949707,0.2635118202209472,9.894337635803222
1732511484430614800,32.76661474609375,0.0583586654663085,0.2681505859374999,9.841066648864745
1732511484440548600,32.77654858398437,0.0236427413940429,0.3081038261413574,9.795277542114258
1732511484450483700,32.786483642578126,0.0116717330932617,0.3309983795166015,9.626037412261962
1732511484460417800,32.79641772460938,-0.0243909294128417,0.3301005538940429,9.39843861694336
1732511484470351600,32.8063515625,-0.0103249946594238,0.2784755805969238,9.668085578918456
1732511484480285700,32.81628564453125,0.1408089851379394,0.1828571517944335,10.032153868865969
1732511484490219500,32.82621948242188,0.2364274139404296,0.1153705924987792,10.096198763275146
1732511484500153900,32.83615380859375,0.2177227134704589,0.0776619163513183,9.721057290649414
1732511484510088700,32.846088623046874,0.1325789169311523,0.0978629928588867,9.52488239212036
1732511484520022500,32.8560224609375,0.0469862075805664,0.1520318054199218,9.685892453765868
1732511484529956900,32.865956787109376,0.0086789810180664,0.2041056915283203,9.886855755615231
1732511484539890700,32.875890625,0.0136170219421386,0.2368763267517089,9.929053559875488
1732511484549824800,32.88582470703125,0.0311246215820312,0.2705447875976562,9.860968450164794
1732511484559758600,32.895758544921875,0.0501285972595214,0.342819750213623,9.823409411621093
1732511484569693700,32.90569360351562,0.0900818374633789,0.3718494453430175,9.80006594543457
1732511484579627800,32.91562768554687,0.1472434020996093,0.3621230010986327,9.797971018981931
1732511484589561600,32.9255615234375,0.1441010124206543,0.3378817092895507,9.79393080368042
1732511484599495700,32.93549560546875,0.1406593475341797,0.3107973030090332,9.802160871887208
1732511484609429500,32.94542944335937,0.1022024833679199,0.2937386161804199,9.817423907470705
1732511484619363800,32.95536376953125,0.0591068534851074,0.2455553077697753,9.822810861206056
1732511484629298700,32.96529858398438,0.0306757087707519,0.2319382858276367,9.83747534637451
1732511484639232500,32.975232421875,0.003142389678955,0.1994669258117675,9.834482594299317
1732511484649166600,32.98516650390625,0.0134673843383789,0.189590843963623,9.847800341033937
1732511484659100700,32.9951005859375,0.0028431144714355,0.1812111381530761,9.813533329772948
1732511484669033700,33.00503369140625,0.029328970336914,0.1587654975891113,9.777470667266844
1732511484678967800,33.0149677734375,0.053570262145996,0.1657984649658203,9.775675016021728
1732511484688903000,33.02490283203125,0.077213003540039,0.1711854187011718,9.77358008956909
1732511484698836700,33.03483666992187,0.0915782135009765,0.1886930183410644,9.78779566192627
1732511484708770800,33.04477075195312,0.0820014068603515,0.2150292366027832,9.808445651245115
1732511484718705000,33.054704833984374,0.079158292388916,0.2536357383728027,9.807996738433838
1732511484728639000,33.064638916015625,0.0480336708068847,0.2950853546142578,9.81847137069702
1732511484738573800,33.07457373046875,0.0652419952392578,0.3232172241210937,9.854683670806883
1732511484748507600,33.08450756835938,0.0953191535949707,0.3497030799865722,9.841814836883543
1732511484758442000,33.09444189453125,0.1074397994995117,0.3408744613647461,9.757269590759275
1732511484768375800,33.10437573242187,0.103399584197998,0.3494038047790527,9.751433724212646
1732511484778310000,33.11430981445312,0.0803553932189941,0.3443161262512206,9.91438907470703
1732511484788243700,33.12424365234375,0.0399532402038574,0.3037643356323242,9.805003986358642
1732511484798178800,33.1341787109375,0.0377086761474609,0.2772784797668456,9.620201545715332
1732511484808113000,33.14411279296875,0.0806546684265136,0.2653074714660644,9.60149684524536
1732511484818046700,33.154046630859376,0.1310825408935546,0.2477998718261718,9.777919580078123
1732511484827980800,33.16398071289063,0.1580173095703125,0.2270002449035644,9.89613328704834
1732511484837915000,33.17391479492188,0.132130004119873,0.2317886482238769,9.856030409240722
1732511484847849000,33.18384887695313,0.0815524940490722,0.2358288635253906,9.763404732513427
1732511484857783800,33.19378369140625,0.0927753143310546,0.2639607330322265,9.790339501190186
1732511484867717600,33.203717529296874,0.1060930610656738,0.303913973236084,9.888202494049072
1732511484877652000,33.21365185546875,0.1560720207214355,0.3290530906677246,9.926360083007811
1732511484887585800,33.223585693359375,0.1496376037597656,0.3314472923278808,9.854234757995606
1732511484897519900,33.233519775390626,0.1460463012695312,0.3464110527038574,9.763554370117188
1732511484907453700,33.24345361328125,0.1322796417236328,0.3633201019287109,9.722553666687013
1732511484917388800,33.25338891601562,0.1328781921386718,0.3621230010986327,9.7560724899292
1732511484927323000,33.263322998046874,0.1222539222717285,0.3432686630249023,9.796773918151857
1732511484937256700,33.27325659179687,0.1262941375732421,0.3139396926879882,9.79916811981201
1732511484947190800,33.28319067382812,0.1547252822875976,0.2864063735961913,9.7928833404541
1732511484957124600,33.29312451171875,0.1637035385131836,0.2567781280517578,9.796923555755615
1732511484967059000,33.303058837890624,0.1762730972290039,0.2518400871276855,9.797671743774414
1732511484976993800,33.31299389648437,0.1376665954589843,0.2512415367126465,9.7415576423645
1732511484986927900,33.32292797851562,0.1167173309326171,0.270694425201416,9.679158761596678
1732511484996862000,33.33286206054687,0.115520230102539,0.2741360900878906,9.707589906311034
1732511485006795800,33.34279565429687,0.1011550201416015,0.3057096244812011,9.75592285232544
1732511485016729900,33.35272973632812,0.1075894371032714,0.3010708587646484,9.795576817321775
1732511485026663700,33.36266357421875,0.1126771156311035,0.3033154228210449,9.7806130569458
1732511485036599000,33.37259912109375,0.1105821891784668,0.3036146980285644,9.769390236663815
1732511485046532900,33.38253295898438,0.1138742164611816,0.3197755592346191,9.788543849945068
1732511485056467000,33.39246704101563,0.1122282028198242,0.3314472923278808,9.809942027282714
1732511485066400800,33.40240087890625,0.1057937858581542,0.3269581642150879,9.815328981018066
1732511485076334600,33.41233447265625,0.1313818161010742,0.3384802597045898,9.798419931793212
1732511485086269000,33.42226904296875,0.1090858131408691,0.3214215728759765,9.804854348754882
1732511485096203800,33.432203857421875,0.1219546470642089,0.3353378700256347,9.808894564056397
1732511485106137900,33.442137939453126,0.1313818161010742,0.323666136932373,9.811737678527832
1732511485116072000,33.452072021484376,0.1324292793273925,0.311545491027832,9.813832604980467
1732511485126005800,33.462005859375,0.1478419525146484,0.3119944038391113,9.792434427642824
1732511485135939800,33.47193994140625,0.1560720207214355,0.3061585372924804,9.78719711151123
1732511485145873700,33.48187377929688,0.1566705711364746,0.312144041442871,9.78091233215332
1732511485155809000,33.49180908203125,0.1662473777770996,0.3027168724060058,9.77492682800293
1732511485165742800,33.501742919921874,0.1451484756469726,0.3200748344421386,9.78046341934204
1732511485175677000,33.511677001953124,0.1598129608154296,0.3239654121398925,9.779864868927
1732511485185610800,33.52161083984375,0.1503857917785644,0.326209976196289,9.7806130569458
1732511485195544800,33.531544921875,0.1280897888183593,0.3278559898376464,9.788843125152589
1732511485205480000,33.54147998046875,0.1433528244018554,0.3277063522338867,9.772682263946532
1732511485215413800,33.55141381835937,0.1464952140808105,0.3253121505737305,9.755773214721678
1732511485225347800,33.56134790039062,0.1244984863281249,0.330699104309082,9.775226103210448
1732511485235282000,33.57128198242187,0.1280897888183593,0.316034619140625,9.79258406524658
1732511485245216000,33.58121606445312,0.110432551574707,0.326209976196289,9.79961703262329
1732511485255149800,33.59114990234375,0.1108814643859863,0.3250128753662109,9.797372468566897
1732511485265084700,33.60108471679688,0.1150713172912597,0.3359364204406738,9.801113408660887
1732511485275019000,33.61101904296875,0.120009358215332,0.333242943572998,9.816825357055665
1732511485284952800,33.62095288085938,0.1194108078002929,0.3256114257812499,9.835380419921874
1732511485294887000,33.63088696289063,0.1234510231018066,0.3311480171203613,9.821763397979735
1732511485304820700,33.64082080078125,0.1282394264221191,0.3392284477233886,9.829843828582764
1732511485314754800,33.6507548828125,0.1402104347229003,0.3405751861572265,9.827599264526366
1732511485324690000,33.66068994140625,0.1518821678161621,0.3218704856872558,9.807847100830076
1732511485334623700,33.670623779296875,0.1445499252319335,0.3386298973083496,9.753678288269043
1732511485344557800,33.680557861328126,0.1313818161010742,0.3395277229309081,9.695169985198977
1732511485354491600,33.69049169921875,0.1234510231018066,0.3136404174804687,9.719411277008057
1732511485364426000,33.70042602539063,0.1264437751770019,0.3203741096496582,9.816974994659423
1732511485374359800,33.71035986328125,0.1005564697265625,0.3127425918579101,9.868599967956545
1732511485384294700,33.72029467773437,0.0995090065002441,0.3146878807067871,9.88206735229492
1732511485394229000,33.73022900390625,0.1198597206115722,0.352396556854248,9.84376012573242
1732511485404162800,33.740162841796874,0.1288379768371582,0.3800795135498047,9.770437699890136
1732511485414097000,33.750096923828124,0.100855744934082,0.3742436470031738,9.759364517211914
1732511485424030700,33.76003076171875,0.0857423469543457,0.3942950859069824,9.804255798339844
1732511485433964800,33.76996484375,0.0486322212219238,0.4001309524536132,9.813084416961669
1732511485443900000,33.77989990234375,0.0513256980895996,0.3924994346618652,9.582043956756593
1732511485453833700,33.78983374023438,0.0205003517150878,0.3922001594543456,9.430909976959228
1732511485463767800,33.79976782226562,0.0612017799377441,0.3419219245910644,9.682899701690673
1732511485473701600,33.80970166015625,0.1930325088500976,0.2847603599548339,10.075698411560058
1732511485483636000,33.81963598632812,0.2467524085998535,0.2096422828674316,10.059387912750244
1732511485493570800,33.82957080078125,0.2175730758666992,0.2093430076599121,9.676465284729003
1732511485503504600,33.83950463867188,0.1409586227416992,0.2472013214111328,9.498995086669922
1732511485513439000,33.84943896484375,0.1036988594055175,0.2819172454833984,9.65925696029663
1732511485523372800,33.85937280273438,0.0794575675964355,0.2925415153503418,9.879822788238524
1732511485533307000,33.86930688476563,0.0410007034301757,0.3393780853271484,9.937433265686035
1732511485543240700,33.87924072265625,0.0635959815979003,0.3652653907775878,9.887155030822754
1732511485553175800,33.88917578125,0.0906803878784179,0.3916016090393066,9.8326869430542
1732511485563110000,33.89910986328125,0.1369184074401855,0.4100070343017578,9.816526081848144
1732511485573043700,33.909043701171875,0.1693897674560547,0.4167407264709472,9.834931507110594
1732511485582977800,33.918977783203125,0.2053027923583984,0.3962403747558593,9.860070624542235
1732511485592911600,33.92891162109375,0.1930325088500976,0.3899555953979492,9.837176071166992
1732511485602846000,33.93884594726563,0.1970727241516113,0.3660135787963867,9.80575217437744
1732511485612780800,33.94878076171875,0.1843535278320312,0.3465606903076171,9.80066449584961
1732511485622715000,33.95871484375,0.1388636962890625,0.3226186737060547,9.81757354507446
1732511485632649000,33.96864892578125,0.1041477722167968,0.3076549133300781,9.817872820281982
1732511485642582800,33.978582763671874,0.098311905670166,0.2763806541442871,9.807547825622558
1732511485652516900,33.988516845703124,0.0974140800476074,0.254683201599121,9.79258406524658
1732511485662450700,33.99845068359375,0.1072901618957519,0.2449567573547363,9.777769942474364
1732511485672386000,34.00838598632812,0.1173158813476562,0.2455553077697753,9.78689783630371
1732511485682320100,34.01832006835937,0.1233013854980468,0.2527379127502441,9.80051485824585
1732511485692254000,34.02825390625,0.1186626197814941,0.2751835533142089,9.783755446624756
1732511485702188000,34.03818798828125,0.0974140800476074,0.3128922294616699,9.760561618041992
1732511485712121900,34.04812182617187,0.0864905349731445,0.3405751861572265,9.769689511871338
1732511485722057200,34.05805712890625,0.0658405456542968,0.3708019821166992,9.783156896209716
1732511485731991000,34.06799096679688,0.0767640907287597,0.3769371238708496,9.795576817321775
1732511485741925000,34.07792504882813,0.1044470474243164,0.3889081321716308,9.766547122192382
1732511485751859200,34.08785913085938,0.1455973884582519,0.3883095817565917,9.72285294189453
1732511485761793000,34.09779296875,0.1523310806274413,0.40222587890625,9.840019185638427
1732511485771727000,34.10772705078125,0.1409586227416992,0.3841197288513183,9.875483297729492
1732511485781662000,34.117661865234375,0.1028010337829589,0.3676595924377441,9.679158761596678
1732511485791596300,34.12759619140625,0.1149216796875,0.3562871345520019,9.613318215942382
1732511485801530000,34.13753002929688,0.1985691001892089,0.3303998291015624,9.816376444244383
1732511485811464200,34.14746411132813,0.2373252395629882,0.3031657852172851,9.91513726272583
1732511485821398000,34.15739794921875,0.1919850456237793,0.2844610847473144,9.791835877227784
1732511485831332000,34.16733203125,0.1369184074401855,0.3006219459533691,9.67242506942749
1732511485841267200,34.17726708984375,0.1081879875183105,0.3173813575744629,9.696516723632811
1732511485851201000,34.187200927734374,0.1086369003295898,0.3118447662353515,9.827449626922608
1732511485861135000,34.197135009765624,0.1203086334228515,0.3338414939880371,9.93429087600708
1732511485871069200,34.207069091796875,0.1515828926086425,0.3488052543640136,9.95239702606201
1732511485881003300,34.217003173828125,0.1640028137207031,0.3691559684753417,9.875184022521973
1732511485890937000,34.22693701171875,0.1782183860778808,0.4135983367919921,9.748141696929933
1732511485900872000,34.23687182617188,0.1737292579650878,0.4091092086791992,9.696815998840332
1732511485910806300,34.24680615234375,0.139761521911621,0.3916016090393066,9.725995331573486
1732511485920740000,34.25673999023437,0.1482908653259277,0.3863642929077148,9.811139128112792
1732511485930674200,34.26667407226562,0.1646013641357421,0.364517202758789,9.846154327392576
1732511485940608000,34.27660791015625,0.1738788955688476,0.3302501914978027,9.825953250885007
1732511485950543000,34.28654321289063,0.1807622253417968,0.3205237472534179,9.810989490509032
1732511485960477200,34.29647729492188,0.1762730972290039,0.3181295455932617,9.823259774017334
1732511485970411000,34.30641088867188,0.1364694946289062,0.3293523658752441,9.77358008956909
1732511485980345000,34.31634497070313,0.1122282028198242,0.31917700881958,9.719560914611815
1732511485990279000,34.32627880859375,0.0915782135009765,0.3359364204406738,9.70354969100952
1732511486000213200,34.33621313476562,0.0926256767272949,0.3476081535339355,9.732429748535155
1732511486010148000,34.346148193359376,0.0948702407836914,0.3417722869873046,9.778667768096923
1732511486020082000,34.35608203125,0.1143231292724609,0.3257610633850097,9.785251822662351
1732511486030016300,34.36601635742188,0.1286883392333984,0.3416226493835449,9.77971523132324
1732511486039950000,34.3759501953125,0.1185129821777343,0.3301005538940429,9.790788414001463
1732511486049884200,34.38588427734375,0.1343745681762695,0.3407248237609863,9.790489138793944
1732511486059819000,34.395819091796874,0.1379658706665039,0.3555389465332031,9.811288765716553
1732511486069753000,34.405753173828124,0.1262941375732421,0.3516483688354492,9.810690215301513
1732511486079687200,34.415687255859375,0.1164180557250976,0.361374813079834,9.79916811981201
1732511486089621000,34.42562109375,0.1360205818176269,0.3591302490234375,9.791087689208984
1732511486099555000,34.43555517578125,0.1247977615356445,0.3464110527038574,9.779864868927
1732511486109489000,34.445489013671875,0.1171662437438964,0.3374327964782714,9.788843125152589
1732511486119424000,34.45542407226562,0.1331774673461914,0.3464110527038574,9.786000010681152
1732511486129358000,34.46535815429687,0.1488894157409667,0.3482067039489745,9.78779566192627
1732511486139292000,34.4752919921875,0.1598129608154296,0.3615244506835937,9.790788414001463
1732511486149226200,34.48522631835937,0.141706810760498,0.3422211997985839,9.78031378173828
1732511486159160000,34.49516015625,0.1330278297424316,0.3227683113098144,9.770437699890136
1732511486169094100,34.50509423828125,0.1424549987792968,0.3254617881774902,9.769988787078857
1732511486179029000,34.51502905273438,0.1303343528747558,0.3323451179504394,9.78719711151123
1732511486188963000,34.52496313476563,0.101454295349121,0.3286041778564453,9.795726454925536
1732511486198897200,34.53489721679688,0.1080383499145507,0.3309983795166015,9.818321733093262
1732511486208831000,34.5448310546875,0.0957680664062499,0.3221697608947754,9.806949275207518
1732511486218765000,34.55476513671875,0.1048959602355956,0.3148375183105468,9.776572841644288
1732511486228700200,34.5647001953125,0.1019032081604003,0.3027168724060058,9.713126497650146
1732511486238634000,34.574634033203125,0.1044470474243164,0.2738368148803711,9.709535195159912
1732511486248568000,34.584568115234376,0.0903811126708984,0.2594716049194335,9.760411980438231
1732511486258502000,34.594501953125,0.1005564697265625,0.2618658065795898,9.814431155395509
1732511486268436200,34.60443627929688,0.1171662437438964,0.2415150924682617,9.878924962615969
1732511486278370000,34.6143701171875,0.1559223831176757,0.241964005279541,9.899126039123535
1732511486288305200,34.62430517578125,0.1672948410034179,0.2688987739562988,9.845705414581298
1732511486298239000,34.63423901367187,0.1441010124206543,0.2656067466735839,9.778817405700684
1732511486308173000,34.644173095703124,0.125097036743164,0.2714426132202148,9.75487538909912
1732511486318107100,34.654107177734375,0.0894832870483398,0.2796726814270019,9.78779566192627
1732511486328041000,34.664041015625,0.0543184501647949,0.2733879020690918,9.71821417617798
1732511486337975000,34.67397509765625,0.0496796844482421,0.2683002235412597,9.53820013885498
1732511486347910100,34.68391015625,0.0407014282226562,0.2690484115600586,9.713575410461424
1732511486357844200,34.69384423828125,0.117465518951416,0.2243067680358886,9.996540119171142
1732511486367778000,34.70377807617187,0.197222361755371,0.2047042419433593,10.11295817489624
1732511486377712000,34.71371215820312,0.1857002662658691,0.1602618736267089,9.881019889068602
1732511486387646000,34.72364599609375,0.1698386802673339,0.1711854187011718,9.56438671951294
1732511486397581000,34.7335810546875,0.1262941375732421,0.2075473564147949,9.53864905166626
1732511486407515100,34.74351513671875,0.1137245788574218,0.1994669258117675,9.741258367156982
1732511486417449000,34.75344897460938,0.0749684394836425,0.1988683753967285,9.91513726272583
1732511486427383300,34.76338330078125,0.0715267745971679,0.2102408332824707,9.913640886688231
1732511486437317000,34.77331713867188,0.0784101043701171,0.2346317626953125,9.848847804260254
1732511486447251200,34.78325122070312,0.0981622680664062,0.2528875503540039,9.81338369216919
1732511486457186000,34.79318603515625,0.0978629928588867,0.2534861007690429,9.8449572265625
1732511486467120000,34.8031201171875,0.0965162544250488,0.2680009483337402,9.857975698089598
1732511486477054200,34.81305419921875,0.1379658706665039,0.2570774032592773,9.85079309310913
1732511486486988000,34.822988037109376,0.1647510017395019,0.2457049453735351,9.849745629882811
1732511486496922000,34.832922119140626,0.1768716476440429,0.2377741523742675,9.843311212921142
1732511486506857200,34.84285717773437,0.1716343315124511,0.2171241630554199,9.823409411621093
1732511486516791000,34.852791015625,0.1628057128906249,0.1963245361328124,9.81757354507446
1732511486526725000,34.86272509765625,0.1358709442138671,0.1765723724365234,9.814580792999267
1732511486536659000,34.87265893554687,0.1028010337829589,0.160860424041748,9.803357972717285
1732511486546593300,34.88259326171875,0.1035492218017578,0.1605611488342285,9.81862100830078
1732511486556527000,34.892527099609374,0.0748188018798828,0.1598129608154296,9.811588040924072
1732511486566462000,34.9024619140625,0.08933364944458,0.1599625984191894,9.788244574737549
1732511486576396000,34.91239599609375,0.0977133552551269,0.146195938873291,9.773729727172851
1732511486586330000,34.922330078125,0.103399584197998,0.168491941833496,9.788843125152589
1732511486596264200,34.93226416015625,0.1010053825378417,0.1894412063598632,9.79991630783081
1732511486606198000,34.94219799804687,0.0993593688964843,0.2090437324523925,9.814580792999267
1732511486616132000,34.95213208007812,0.1099836387634277,0.2240074928283691,9.84555577697754
1732511486626067200,34.96206713867188,0.1150713172912597,0.2295440841674804,9.833135855865478
1732511486636001000,34.9720009765625,0.1286883392333984,0.2498947982788086,9.78734674911499
1732511486645935000,34.98193505859375,0.1475426773071289,0.2519897247314453,9.699808750915526
1732511486655869000,34.99186889648438,0.1654991897583007,0.2683002235412597,9.835978970336914
1732511486665803000,35.00180297851563,0.1370680450439453,0.2621650817871093,9.900173502349851
1732511486675737900,35.01173779296875,0.0805050308227539,0.222810391998291,9.674220720672606
1732511486685672000,35.021671875,0.1117792900085449,0.2056020675659179,9.654767832183838
1732511486695606000,35.03160595703125,0.1728314323425293,0.1810615005493163,9.859172798919678
1732511486705539800,35.041539794921874,0.218321263885498,0.1411082603454589,9.906308644104003
1732511486715474000,35.051473876953125,0.2048538795471191,0.1554734703063964,9.788992762756347
1732511486725409000,35.06140893554687,0.1545756446838379,0.1580173095703125,9.661950437164306
1732511486735343000,35.07134301757812,0.0945709655761718,0.1740285331726074,9.689633393859864
1732511486745277000,35.08127685546875,0.0668880088806152,0.1857002662658691,9.835679695129397
1732511486755210800,35.09121069335937,0.0843956085205078,0.1975216369628906,9.937882178497311
1732511486765145000,35.10114501953125,0.1128267532348632,0.2091933700561523,9.939228916931151
1732511486775079000,35.11107885742187,0.1319803665161132,0.2240074928283691,9.83777462158203
1732511486785014000,35.12101391601563,0.14679448928833,0.2373252395629882,9.788693487548828
1732511486794947800,35.13094775390625,0.1529296310424804,0.2364274139404296,9.753827925872802
1732511486804882200,35.14088208007813,0.1541267318725586,0.2252045936584472,9.78166052017212
1732511486814816000,35.15081591796875,0.1702875930786132,0.2145803237915039,9.828197814941406
1732511486824749800,35.16074975585938,0.1675941162109374,0.1931821464538574,9.81877064590454
1732511486834685000,35.170684814453125,0.160860424041748,0.1695394050598144,9.808445651245115
1732511486844619000,35.180618896484376,0.1607107864379882,0.1747767211914062,9.811139128112792
1732511486854553000,35.190552978515626,0.1788169364929199,0.1732803451538085,9.818321733093262
1732511486864487000,35.20048681640625,0.1879448303222656,0.1744774459838867,9.808296013641357
1732511486874421000,35.2104208984375,0.1475426773071289,0.1740285331726074,9.771934075927732
1732511486884355000,35.22035498046875,0.1292868896484375,0.1693897674560547,9.751882637023924
1732511486894290000,35.2302900390625,0.1022024833679199,0.1677437538146972,9.785401460266112
1732511486904224000,35.24022412109375,0.1114800148010253,0.1759738220214843,9.78106196975708
1732511486914157800,35.25015771484375,0.120009358215332,0.1584662223815917,9.770736975097655
1732511486924092200,35.260092041015625,0.1164180557250976,0.168491941833496,9.75562357711792
1732511486934026000,35.27002587890625,0.136619132232666,0.1584662223815917,9.792284790039062
1732511486943960800,35.2799609375,0.1420060859680175,0.1761234596252441,9.804704711151125
1732511486953895000,35.28989501953125,0.160860424041748,0.1969230865478515,9.802460147094726
1732511486963829000,35.2998291015625,0.1565209335327148,0.1824082389831542,9.809493114471437
1732511486973763000,35.30976318359375,0.1485901405334472,0.1939303344726562,9.80021558303833
1732511486983697000,35.31969677734375,0.1464952140808105,0.1934814216613769,9.806949275207518
1732511486993631000,35.329630859375,0.1485901405334472,0.1957259857177734,9.796923555755615
1732511487003566000,35.33956616210938,0.1599625984191894,0.1812111381530761,9.7936315284729
1732511487013500000,35.3495,0.1683423042297363,0.181959326171875,9.795277542114258
1732511487023434000,35.35943408203125,0.1623568000793457,0.1821089637756347,9.801263046264648
1732511487033367800,35.36936791992188,0.1710357810974121,0.1753752716064453,9.795576817321775
1732511487043302100,35.37930224609375,0.1581669471740722,0.1888426559448242,9.78674819869995
1732511487053237000,35.38923706054688,0.1494879661560058,0.1894412063598632,9.790489138793944
1732511487063170800,35.3991708984375,0.1584662223815917,0.1743278083801269,9.78734674911499
1732511487073105000,35.40910498046875,0.1707365058898925,0.1677437538146972,9.797522106170652
1732511487083039000,35.4190390625,0.1464952140808105,0.1656488273620605,9.80709891281128
1732511487092973000,35.42897314453125,0.1426046363830566,0.1713350563049316,9.791686239624022
1732511487102907000,35.43890698242188,0.1271919631958007,0.168491941833496,9.809044201660155
1732511487112841700,35.448841796875,0.1369184074401855,0.1821089637756347,9.80620108718872
1732511487122776000,35.458776123046874,0.1455973884582519,0.1732803451538085,9.821613760375977
1732511487132710000,35.4687099609375,0.1289876144409179,0.1660977401733398,9.80665
1732511487142644000,35.47864404296875,0.1650502769470214,0.17238251953125,9.78674819869995
1732511487152577800,35.488577880859374,0.1484405029296875,0.178068748474121,9.766098209381102
1732511487162513000,35.49851293945313,0.1472434020996093,0.1891419311523437,9.709834470367433
1732511487172447000,35.50844702148437,0.1336263801574707,0.1641524513244628,9.72285294189453
1732511487182380800,35.518380859375,0.1408089851379394,0.1623568000793457,9.80650036239624
1732511487192315000,35.52831494140625,0.1427542739868164,0.1771709228515625,9.848698166656494
1732511487202249000,35.5382490234375,0.1427542739868164,0.167893391418457,9.880570976257324
1732511487212183000,35.54818310546875,0.1638531761169433,0.175524909210205,9.903315892028807
1732511487222118000,35.55811791992188,0.1767220100402832,0.1978209121704101,9.845705414581298
1732511487232052000,35.56805200195313,0.17238251953125,0.2079962692260742,9.777769942474364
1732511487241986000,35.57798608398438,0.1399111595153808,0.213832135772705,9.764452195739745
1732511487251920000,35.587919921875,0.0876876358032226,0.2159270622253417,9.769988787078857
1732511487261854000,35.59785400390625,0.0779611915588378,0.2097919204711913,9.610774376678464
1732511487271788800,35.607788818359374,0.05746083984375,0.2063502555847167,9.565883095550536
1732511487281723100,35.61772314453125,0.0802057556152343,0.1789665740966796,9.848997441864013
1732511487291657000,35.627656982421875,0.1976712745666503,0.1313818161010742,10.050858569335936
1732511487301591000,35.637591064453126,0.2340332122802734,0.1007061073303222,10.02287633743286
1732511487311524900,35.64752490234375,0.2213140159606933,0.1050455978393554,9.685742816162108
1732511487321459000,35.657458984375,0.1761234596252441,0.1213560966491699,9.501688563537597
1732511487331394000,35.66739404296875,0.1369184074401855,0.14679448928833,9.644293199920654
1732511487341328000,35.67732788085937,0.0882861862182617,0.1539770942687988,9.872340908050536
1732511487351262000,35.687261962890624,0.0722749626159667,0.1553238327026367,9.94715970993042
1732511487361196000,35.697196044921874,0.091278938293457,0.1722328819274902,9.862614463806151
1732511487371130000,35.707130126953125,0.1300350776672363,0.1797147621154785,9.788394212341307
1732511487381065000,35.71706494140625,0.1337760177612304,0.1943792472839355,9.813084416961669
1732511487390998800,35.72699877929688,0.1548749198913574,0.2078466316223144,9.860519537353516
1732511487400933000,35.73693310546875,0.1747767211914062,0.2027589530944824,9.871891995239258
1732511487410867000,35.74686694335937,0.1873462799072265,0.2115875717163085,9.84450831375122
1732511487420801000,35.75680102539062,0.1813607757568359,0.2047042419433593,9.8572275100708
1732511487430736100,35.76673608398438,0.170437230682373,0.1924339584350586,9.863063376617433
1732511487440670000,35.776669921875,0.1524807182312011,0.1777694732666015,9.840767373657226
1732511487450604000,35.78660400390625,0.1219546470642089,0.1833060646057129,9.83777462158203
1732511487460537900,35.79653784179688,0.0996586441040039,0.1478419525146484,9.810390940093994
1732511487470472000,35.80647192382813,0.0845452461242675,0.1262941375732421,9.76160908126831
1732511487480406000,35.81640600585938,0.0682347473144531,0.1029506713867187,9.74320365600586
1732511487490340900,35.8263408203125,0.0770633659362793,0.0855927093505859,9.78674819869995
1732511487500275000,35.83627490234375,0.0939724151611328,0.0781108291625976,9.81981810913086
1732511487510208800,35.846208740234374,0.1081879875183105,0.0785597419738769,9.80679963760376
1732511487520143000,35.85614306640625,0.1298854400634765,0.103399584197998,9.794828629302978
1732511487530077000,35.866076904296875,0.1330278297424316,0.1420060859680175,9.802160871887208
1732511487540011800,35.87601171875,0.12764087600708,0.165349552154541,9.817274269866942
1732511487549946000,35.88594604492187,0.1370680450439453,0.1868973670959472,9.839869548034669
1732511487559880000,35.8958798828125,0.1240495735168457,0.1789665740966796,9.843311212921142
1732511487569814000,35.90581396484375,0.1271919631958007,0.201711489868164,9.78091233215332
1732511487579747800,35.91574780273437,0.1387140586853027,0.2072480812072754,9.766397484588625
1732511487589683000,35.92568286132813,0.1286883392333984,0.2102408332824707,9.925462257385254
1732511487599617000,35.93561694335938,0.1057937858581542,0.1906383071899414,9.836427883148191
1732511487609550800,35.94555078125,0.0821510444641113,0.1518821678161621,9.584288520812988
1732511487619485000,35.95548486328125,0.1230021102905273,0.1452981132507324,9.670928693389891
1732511487629418800,35.96541870117188,0.1732803451538085,0.105344873046875,9.839420635223387
1732511487639353000,35.97535302734375,0.1945288848876953,0.0679354721069335,9.86291373901367
1732511487649288000,35.985287841796875,0.1756745468139648,0.0830488700866699,9.792434427642824
1732511487659221800,35.9952216796875,0.1375169578552246,0.0998082817077636,9.753079737854003
1732511487669155800,36.00515576171875,0.0833481452941894,0.1325789169311523,9.776273566436767
1732511487679089700,36.015089599609375,0.0814028564453124,0.1246481239318847,9.84376012573242
1732511487689024000,36.02502392578125,0.0790086547851562,0.1485901405334472,9.87054525680542
1732511487698958800,36.03495874023437,0.1241992111206054,0.1705868682861328,9.852888019561767
1732511487708893000,36.04489282226562,0.1351227561950683,0.1689408546447753,9.818321733093262
1732511487718826800,36.05482666015625,0.1598129608154296,0.1797147621154785,9.814281517791748
1732511487728760800,36.0647607421875,0.1731307075500488,0.170437230682373,9.81233622894287
1732511487738695000,36.07469482421875,0.1683423042297363,0.1637035385131836,9.796025730133056
1732511487748629800,36.08462963867188,0.155772745513916,0.1458966636657714,9.77492682800293
1732511487758563800,36.09456372070313,0.17238251953125,0.134673843383789,9.778667768096923
1732511487768498000,36.10449780273437,0.1514332550048828,0.1222539222717285,9.810690215301513
1732511487778432000,36.11443188476562,0.1565209335327148,0.1077390747070312,9.834931507110594
1732511487788365800,36.12436572265625,0.1478419525146484,0.1005564697265625,9.829993466186522
1732511487798300000,36.1342998046875,0.1457470260620117,0.1035492218017578,9.770437699890136
1732511487808235000,36.14423510742188,0.1271919631958007,0.1131260284423828,9.73063409729004
1732511487818168800,36.1541689453125,0.1137245788574218,0.1077390747070312,9.712527947235106
1732511487828103000,36.16410302734375,0.0951695159912109,0.1081879875183105,9.740210903930665
1732511487838036700,36.17403662109375,0.098910456085205,0.1162684181213378,9.785102185058593
1732511487847971000,36.18397119140625,0.0975637176513671,0.122553197479248,9.790938051605224
1732511487857906000,36.193906005859375,0.1264437751770019,0.118064069366455,9.80620108718872
1732511487867839700,36.20383984375,0.1153705924987792,0.12764087600708,9.80575217437744
1732511487877773800,36.21377392578125,0.1126771156311035,0.1279401512145996,9.7943797164917
1732511487887708000,36.2237080078125,0.1026513961791992,0.1249473991394043,9.794828629302978
1732511487897642000,36.23364208984375,0.1183633445739746,0.1309329032897949,9.775974291229248
1732511487907576800,36.24357690429687,0.1123778404235839,0.1262941375732421,9.797073193359374
1732511487917511000,36.25351098632812,0.1048959602355956,0.1282394264221191,9.82565397567749
1732511487927445000,36.263445068359374,0.1189618949890136,0.1147720420837402,9.80575217437744
1732511487937378800,36.27337890625,0.1231517478942871,0.12764087600708,9.797971018981931
1732511487947313000,36.28331298828125,0.1087865379333496,0.1099836387634277,9.779565593719482
1732511487957246700,36.293246826171874,0.1367687698364257,0.1114800148010253,9.78629928588867
1732511487967181800,36.30318188476563,0.1381155082702636,0.120009358215332,9.803507610321043
1732511487977116000,36.31311596679687,0.1312321784973144,0.105943423461914,9.81263550415039
1732511487987049700,36.3230498046875,0.1354220314025878,0.1089361755371093,9.796624280548096
1732511487996983800,36.33298388671875,0.1241992111206054,0.0995090065002441,9.777021754455566
1732511488006918000,36.34291796875,0.1279401512145996,0.1041477722167968,9.7943797164917
1732511488016852700,36.352852783203126,0.1348234809875488,0.0890343742370605,9.795277542114258
1732511488026786800,36.362786865234376,0.1107318267822265,0.0977133552551269,9.80051485824585
1732511488036720600,36.372720703125,0.1019032081604003,0.105344873046875,9.80665
1732511488046655000,36.38265502929688,0.1077390747070312,0.1203086334228515,9.823259774017334
1732511488056588800,36.3925888671875,0.1120785652160644,0.1152209548950195,9.83253730545044
1732511488066524000,36.40252392578125,0.1020528457641601,0.1138742164611816,9.810091664886476
1732511488076458000,36.4124580078125,0.1020528457641601,0.0990600936889648,9.78031378173828
1732511488086391800,36.422391845703125,0.098311905670166,0.105344873046875,9.721356565856931
1732511488096326000,36.432325927734375,0.0986111808776855,0.0966658920288085,9.710433020782473
1732511488106259700,36.442259765625,0.1010053825378417,0.0950198783874511,9.758915604400634
1732511488116195000,36.45219506835937,0.0885854614257812,0.0641945320129394,9.8311905670166
1732511488126129000,36.46212890625,0.0956184288024902,0.0764648155212402,9.842862300109864
1732511488136063000,36.47206298828125,0.0881365486145019,0.0686836601257324,9.83807389678955
1732511488145996800,36.48199682617187,0.082300682067871,0.0927753143310546,9.86411083984375
1732511488155931000,36.49193090820312,0.1179144317626953,0.1074397994995117,9.904512992858884
1732511488165865000,36.50186499023437,0.1048959602355956,0.111031101989746,9.85737714767456
1732511488175799800,36.5117998046875,0.0869394477844238,0.1255459495544433,9.787646024322507
1732511488185734000,36.52173388671875,0.0502782348632812,0.1306336280822753,9.752930100250245
1732511488195668000,36.53166796875,0.0538695373535156,0.1283890640258789,9.514707035064696
1732511488205602000,36.54160205078125,-0.0071826049804687,0.1189618949890136,9.35938320236206
1732511488215535900,36.55153588867187,-0.0077811553955078,0.0784101043701171,9.71641852493286
1732511488225470700,36.561470703125,0.1176151565551757,0.0170586868286132,10.084078117370606
1732511488235405000,36.57140502929688,0.1978209121704101,-0.0278325942993164,10.110863248443604
1732511488245339000,36.5813388671875,0.1982698249816894,-0.0415992538452148,9.712079034423828
1732511488255273000,36.59127294921875,0.1622071624755859,-0.0106242698669433,9.484629876708984
1732511488265206800,36.601206787109376,0.0809539436340332,0.0496796844482421,9.664045363616944
1732511488275142000,36.61114184570312,0.0348655616760253,0.0704793113708496,9.918279652404784
1732511488285076000,36.62107592773437,0.0124199211120605,0.1047463226318359,9.957035791778564
1732511488295009800,36.631009765625,0.0092775314331054,0.1285387016296386,9.850044905090332
1732511488304943900,36.64094384765625,0.0233434661865234,0.1622071624755859,9.789142400360106
1732511488314878000,36.6508779296875,0.0412999786376953,0.1611596992492675,9.795726454925536
1732511488324812800,36.66081274414063,0.0594061286926269,0.1767220100402832,9.82460651245117
1732511488334747000,36.67074682617187,0.1022024833679199,0.1675941162109374,9.850044905090332
1732511488344680700,36.6806806640625,0.0879869110107421,0.1267430503845214,9.861118087768554
1732511488354615000,36.69061499023437,0.118064069366455,0.1054945106506347,9.873687646484374
1732511488364548900,36.700548828125,0.0854430717468261,0.0926256767272949,9.875034384918212
1732511488374483000,36.71048291015625,0.0438438179016113,0.0779611915588378,9.878924962615969
1732511488384417800,36.720417724609376,0.0366612129211425,0.0427963546752929,9.86336265182495
1732511488394351900,36.73035180664063,0.0212485397338867,0.041449616241455,9.823259774017334
1732511488404286000,36.74028588867188,0.024839842224121,0.0196025260925292,9.791686239624022
1732511488414219800,36.7502197265625,0.0173579620361328,0.0058358665466308,9.76744494781494
1732511488424153900,36.76015380859375,0.0128688339233398,-0.0011971008300781,9.76145944366455
1732511488434089000,36.7700888671875,0.0372597633361816,0.0179565124511718,9.75427683868408
1732511488444022800,36.780022705078125,0.0646434448242187,0.0261865806579589,9.769539874267576
1732511488453956900,36.789956787109375,0.0537198997497558,0.0508767852783203,9.79258406524658
1732511488463890700,36.799890625,0.0552162757873535,0.1035492218017578,9.849446354675292
1732511488473825000,36.80982495117188,0.0187047004699707,0.1176151565551757,9.851391643524169
1732511488483759900,36.819759765625,0.0224456405639648,0.1421557235717773,9.835978970336914
1732511488493694000,36.82969384765625,0.009576806640625,0.1518821678161621,9.80724855041504
1732511488503627800,36.83962768554687,0.0137666595458984,0.1687912170410156,9.71596961212158
1732511488513561900,36.84956176757812,0.0573112022399902,0.1506850669860839,9.880421338653564
1732511488523496000,36.859495849609374,0.0583586654663085,0.1361702194213867,9.962572383117676
1732511488533430800,36.8694306640625,0.0420481666564941,0.0960673416137695,9.704746791839598
1732511488543364900,36.87936474609375,0.0478840332031249,0.0808043060302734,9.62139864654541
1732511488553299000,36.889298828125,0.0742202514648437,0.0671872840881347,9.693972884368897
1732511488563233000,36.89923291015625,0.0960673416137695,0.0457891067504882,9.759065242004391
1732511488573166800,36.90916674804687,0.0659901832580566,0.0411503410339355,9.83897172241211
1732511488583101700,36.91910180664063,0.0243909294128417,0.0522235237121582,9.874884747314452
1732511488593036000,36.9290361328125,0.014664485168457,0.0501285972595214,9.860968450164794
1732511488602969900,36.93896997070313,0.0145148475646972,0.0689829353332519,9.848698166656494
1732511488612904000,36.94890405273438,0.0471358451843261,0.0966658920288085,9.845855052185058
1732511488622837800,36.958837646484376,0.0618003303527832,0.1080383499145507,9.85692823486328
1732511488632772900,36.96877294921875,0.0709282241821289,0.1364694946289062,9.845256501770018
1732511488642707000,36.97870703125,0.0755669898986816,0.1420060859680175,9.822361948394777
1732511488652640800,36.98864086914063,0.0737713386535644,0.139761521911621,9.815628256225583
1732511488662574800,36.99857495117188,0.0811035812377929,0.1297358024597167,9.78016414413452
1732511488672509400,37.00850952148438,0.0866401725769042,0.1298854400634765,9.795576817321775
1732511488682443300,37.018443359375,0.0736217010498046,0.0953191535949707,9.792135152435302
1732511488692378400,37.02837841796875,0.0745195266723632,0.0858919845581054,9.78629928588867
1732511488702312200,37.038312255859374,0.0924760391235351,0.0890343742370605,9.782408708190918
1732511488712246500,37.04824658203125,0.0990600936889648,0.0915782135009765,9.773131176757811
1732511488722180400,37.05818041992188,0.0854430717468261,0.084245970916748,9.74903952255249
1732511488732114400,37.068114501953126,0.0680851097106933,0.0956184288024902,9.724498955535887
1732511488742049300,37.07804931640625,0.0607528671264648,0.1132756660461425,9.700108026123049
1732511488751983400,37.0879833984375,0.0505775100708007,0.0905307502746581,9.702651865386962
1732511488761917400,37.09791748046875,0.0508767852783203,0.0909796630859375,9.775675016021728
1732511488771851300,37.10785131835937,0.0644938072204589,0.0911293006896972,9.823858324432372
1732511488781785300,37.11778540039062,0.0646434448242187,0.0971148048400878,9.848997441864013
1732511488791720400,37.12772045898438,0.0778115539550781,0.1105821891784668,9.822810861206056
1732511488801654300,37.137654296875,0.0671872840881347,0.1125274780273437,9.782558345794676
1732511488811588400,37.14758837890625,0.0522235237121582,0.132130004119873,9.78121160736084
1732511488821522200,37.15752221679688,0.0615010551452636,0.1319803665161132,9.788394212341307
1732511488831456500,37.16745654296875,0.0692822105407714,0.1244984863281249,9.795876092529296
1732511488841391400,37.17739135742188,0.0522235237121582,0.1227028350830078,9.81951883392334
1732511488851325200,37.1873251953125,0.0679354721069335,0.1156698677062988,9.801861596679688
1732511488861259300,37.19725927734375,0.0643441696166992,0.1194108078002929,9.808445651245115
1732511488871193300,37.207193359375,0.0655412704467773,0.1285387016296386,9.783007258605956
1732511488881127400,37.21712744140625,0.0649427200317382,0.1098340011596679,9.79393080368042
1732511488891062300,37.22706225585937,0.0824503196716308,0.1216553718566894,9.82520506286621
1732511488900996000,37.23699609375,0.081702131652832,0.1044470474243164,9.817423907470705
1732511488910930400,37.246930419921874,0.0908300254821777,0.112976390838623,9.80006594543457
1732511488920864300,37.2568642578125,0.0890343742370605,0.1010053825378417,9.814880068206786
1732511488930798300,37.26679833984375,0.0775122787475585,0.1065419738769531,9.792135152435302
1732511488940733400,37.2767333984375,0.076614453125,0.1137245788574218,9.733626849365232
1732511488950667300,37.28666723632813,0.0731727882385253,0.1025017585754394,9.69112976989746
1732511488960601300,37.29660131835937,0.0520738861083984,0.093822777557373,9.73587141342163
1732511488970535200,37.30653515625,0.0597054039001464,0.0998082817077636,9.823708686828612
1732511488980469200,37.31646923828125,0.0546177253723144,0.1039981346130371,9.877428586578368
1732511488990403300,37.3264033203125,0.0532709869384765,0.1047463226318359,9.840168823242188
1732511489000338400,37.33633837890625,0.0495300468444824,0.1005564697265625,9.797821381378172
1732511489010272300,37.34627221679688,0.0505775100708007,0.0999579193115234,9.867552504730224
1732511489020206300,37.35620629882813,0.0649427200317382,0.1101332763671874,9.902567704010009
1732511489030140400,37.36614038085938,0.0365115753173828,0.1099836387634277,9.836128607940672
1732511489040074200,37.37607421875,0.0341173736572265,0.1002571945190429,9.74245546798706
1732511489050009300,37.38600927734375,0.0444423683166503,0.0995090065002441,9.672574707031249
1732511489059943400,37.395943359375,0.0486322212219238,0.1044470474243164,9.455899456787108
1732511489069877500,37.40587744140625,-0.0302267959594726,0.1215057342529296,9.509020806121825
1732511489079811300,37.41581127929688,-0.012120645904541,0.0709282241821289,9.880570976257324
1732511489089745400,37.425745361328126,0.1253963119506836,0.005686228942871,10.103979918670651
1732511489099680500,37.43568041992187,0.1607107864379882,-0.0384568641662597,9.920524216461182
1732511489109614300,37.4456142578125,0.1420060859680175,-0.0317231719970703,9.57022258605957
1732511489119548400,37.45554833984375,0.0662894584655761,0.026785131072998,9.60164648284912
1732511489129482200,37.46548217773437,0.0196025260925292,0.0814028564453124,9.81278514175415
1732511489139416300,37.47541625976562,-0.0181061500549316,0.120009358215332,9.925162982177731
1732511489149351400,37.48535131835938,-0.0487818588256835,0.1421557235717773,9.916783276367187
1732511489159285200,37.49528515625,-0.0285807823181152,0.1622071624755859,9.859023161315918
1732511489169219300,37.50521923828125,-0.0291793327331542,0.1734299827575683,9.80545289916992
1732511489179153400,37.5151533203125,0.029328970336914,0.1666962905883789,9.791087689208984
1732511489189087500,37.52508740234375,0.0803553932189941,0.1464952140808105,9.811288765716553
1732511489199022300,37.53502221679688,0.1107318267822265,0.111031101989746,9.85079309310913
1732511489208956200,37.5449560546875,0.1004068321228027,0.1042974098205566,9.847650703430174
1732511489218890500,37.554890380859376,0.0674865592956543,0.0776619163513183,9.856030409240722
1732511489228824300,37.56482421875,0.021697452545166,0.0635959815979003,9.854384395599364
1732511489238758400,37.57475830078125,0.0053869537353515,0.0677858345031738,9.855282221221923
1732511489248693200,37.584693359375,-0.0390554145812988,0.0387561393737792,9.861716638183593
1732511489258627300,37.59462744140625,-0.0424970794677734,0.0140659347534179,9.810839852905271
1732511489268561400,37.6045615234375,-0.0415992538452148,-0.0007481880187988,9.770138424682616
1732511489278495200,37.6144951171875,-0.0134673843383789,0.0013467384338378,9.738564890289306
1732511489288429300,37.62442919921875,0.012120645904541,0.0112228202819824,9.759813430023192
1732511489298364400,37.63436450195312,0.022296002960205,0.0260369430541992,9.765499658966064
1732511489308298200,37.64429833984375,0.0300771583557128,0.0525227989196777,9.813982242584228
1732511489318232300,37.654232421875,0.0300771583557128,0.0953191535949707,9.833584768676758
1732511489328166100,37.66416625976562,0.0209492645263671,0.1222539222717285,9.852888019561767
1732511489338100500,37.6741005859375,0.0070329673767089,0.1369184074401855,9.829843828582764
1732511489348035300,37.68403540039063,-0.0001496376037597,0.1626560752868652,9.81921955871582
1732511489357969400,37.69396948242188,0.0151133979797363,0.1643020889282226,9.721805478668212
1732511489367903200,37.7039033203125,0.0124199211120605,0.1394622467041015,9.752930100250245
1732511489377837300,37.71383740234375,0.0451905563354492,0.1247977615356445,9.944466233062744
1732511489387771400,37.723771484375,0.0532709869384765,0.0945709655761718,9.776123928833009
1732511489397706200,37.733706298828125,0.0390554145812988,0.0837970581054687,9.631424365997312
1732511489407640300,37.743640380859375,0.0407014282226562,0.0806546684265136,9.687688105010986
1732511489417574400,37.75357446289063,0.0595557662963867,0.0655412704467773,9.74275474319458
1732511489427508500,37.76350854492188,0.040851065826416,0.072125325012207,9.747243871307372
1732511489437442300,37.7734423828125,0.0,0.0781108291625976,9.80665
1732511489447377400,37.78337744140625,0.0052373161315917,0.0540191749572753,9.90825393295288
1732511489457311500,37.7933115234375,0.0525227989196777,0.060004679107666,9.93967782974243
1732511489467245300,37.80324536132812,0.0450409187316894,0.0579097526550293,9.8947865486145
1732511489477179400,37.813179443359374,0.058059390258789,0.0941220527648925,9.853636207580566
1732511489487113200,37.82311328125,0.0613514175415039,0.1273416007995605,9.815628256225583
1732511489497048300,37.83304833984375,0.0475847579956054,0.1476923149108886,9.803208335113524
1732511489506982400,37.842982421875,0.0632967063903808,0.149338328552246,9.80620108718872
1732511489516916200,37.85291625976563,0.0697311233520507,0.1562216583251953,9.794978266906735
1732511489526850300,37.86285034179687,0.0703296737670898,0.143652099609375,9.78689783630371
1732511489536784400,37.87278442382812,0.0828992324829101,0.1168669685363769,9.765499658966064
1732511489546719200,37.88271923828125,0.0971148048400878,0.088735099029541,9.79961703262329
1732511489556653300,37.8926533203125,0.0866401725769042,0.0863408973693847,9.785551097869872
1732511489566587100,37.902587158203126,0.0836474205017089,0.0722749626159667,9.790189863586424
1732511489576521500,37.912521484375,0.0453401939392089,0.0656909080505371,9.750685536193847
1732511489586455300,37.92245532226563,0.0441430931091308,0.0825999572753906,9.7170170753479
1732511489596390100,37.93239013671875,0.0275333190917968,0.0790086547851562,9.72315221710205
1732511489606324500,37.94232446289063,0.0193032508850097,0.0831985076904296,9.73617068862915
1732511489616258300,37.95225830078125,0.0356137496948242,0.0662894584655761,9.770138424682616
1732511489626192400,37.9621923828125,0.0359130249023437,0.0811035812377929,9.819668471527098
1732511489636126200,37.97212622070312,0.0369604881286621,0.0884358238220214,9.827898539733884
1732511489646061300,37.98206127929687,0.0571615646362304,0.0921767639160156,9.811737678527832
1732511489655995400,37.99199536132812,0.0412999786376953,0.1044470474243164,9.807547825622558
1732511489665929200,38.00192919921875,0.0453401939392089,0.1113303771972656,9.828796365356444
1732511489675863600,38.01186352539062,0.0612017799377441,0.0996586441040039,9.82550433807373
1732511489685797400,38.02179736328125,0.0613514175415039,0.1198597206115722,9.825953250885007
1732511489695732500,38.031732421875,0.0558148262023925,0.1194108078002929,9.83747534637451
1732511489705666600,38.04166650390625,0.0628477935791015,0.1378162330627441,9.81338369216919
1732511489715600400,38.05160034179688,0.0704793113708496,0.1390133338928222,9.770138424682616
1732511489725534500,38.06153442382813,0.0873883605957031,0.1348234809875488,9.72345149230957
1732511489735468300,38.07146826171875,0.0612017799377441,0.1182137069702148,9.76190835647583
1732511489745403600,38.081403564453126,0.053570262145996,0.1045966850280761,9.770587337493897
1732511489755337500,38.09133740234375,0.0303764335632324,0.1075894371032714,9.802759422302245
1732511489765271600,38.101271484375,0.000598550415039,0.0840963333129882,9.783755446624756
1732511489775205400,38.111205322265626,-0.0068833297729492,0.0680851097106933,9.795726454925536
1732511489785139500,38.12113940429688,0.0082300682067871,0.0782604667663574,9.834781869506836
1732511489795074600,38.13107446289062,0.0179565124511718,0.0894832870483398,9.881618439483642
1732511489805008400,38.14100830078125,0.0348655616760253,0.1032499465942382,9.867402867126463
1732511489814942500,38.1509423828125,0.0339677360534667,0.1141734916687011,9.80575217437744
1732511489824876500,38.16087646484375,-0.0077811553955078,0.1304839904785156,9.764302558135986
1732511489834810400,38.17081030273437,-0.0115220954895019,0.1228524726867675,9.689034843444825
1732511489844745500,38.18074536132813,-0.0520738861083984,0.1285387016296386,9.496151972198486
1732511489854679300,38.19067919921875,-0.1039981346130371,0.1385644210815429,9.5890769241333
1732511489864613600,38.20061352539062,-0.0032920272827148,0.0532709869384765,9.891045608520509
1732511489874547500,38.21054736328125,0.1042974098205566,-0.0143652099609375,10.01075569152832
1732511489884481500,38.2204814453125,0.1387140586853027,-0.0303764335632324,9.77402900238037
1732511489894416400,38.23041650390625,0.0800561180114746,-0.0160112236022949,9.55795230255127
1732511489904350500,38.2403505859375,-0.0176572372436523,0.0350151992797851,9.697115274047851
1732511489914284500,38.25028442382813,-0.0612017799377441,0.1057937858581542,9.866056128692628
1732511489924218400,38.26021826171875,-0.0956184288024902,0.1433528244018554,9.905261180877686
1732511489934152400,38.27015234375,-0.0882861862182617,0.1985691001892089,9.905111543273923
1732511489944087600,38.280087646484375,-0.065092357635498,0.2216132911682128,9.835230782318115
1732511489954021400,38.290021484375,-0.0281318695068359,0.2073977188110351,9.78121160736084
1732511489963955500,38.29995556640625,0.052971711730957,0.1930325088500976,9.78779566192627
1732511489973889300,38.30988916015625,0.0990600936889648,0.1572691215515136,9.829394915771484
1732511489983823600,38.31982373046875,0.0902314750671386,0.1376665954589843,9.839270997619629
1732511489993758500,38.32975854492187,0.0495300468444824,0.1204582710266113,9.848698166656494
1732511490003692300,38.3396923828125,-0.005686228942871,0.0863408973693847,9.83852280960083
1732511490013626400,38.34962646484375,-0.0686836601257324,0.0754173522949218,9.827898539733884
1732511490023560400,38.359560546875,-0.0836474205017089,0.0514753356933593,9.813234054565427
1732511490033494500,38.36949462890625,-0.08933364944458,0.0543184501647949,9.777171392059326
1732511490043429400,38.37942944335938,-0.0851437965393066,0.036361937713623,9.752032274627686
1732511490053363500,38.38936352539063,-0.0781108291625976,0.0377086761474609,9.734674312591553
1732511490063297500,38.39929760742187,-0.0556651885986328,0.033818098449707,9.743951844024656
1732511490073231400,38.4092314453125,-0.0323217224121093,0.0486322212219238,9.790489138793944
1732511490083165400,38.41916552734375,-0.0392050521850585,0.0773626411437988,9.810839852905271
1732511490093100500,38.4291005859375,-0.034416648864746,0.127042325592041,9.822810861206056
1732511490103034600,38.43903466796875,-0.0219967277526855,0.1711854187011718,9.820267021942138
1732511490112968400,38.448968505859376,-0.0020949264526367,0.1984194625854492,9.818321733093262
1732511490122902300,38.45890234375,-0.0013467384338378,0.206799168395996,9.83208839263916
1732511490132836400,38.46883642578125,0.0119710083007812,0.211288296508789,9.809343476867674
1732511490142771500,38.478771484375,0.0034416648864746,0.1954267105102539,9.731232647705076
1732511490152705500,38.48870556640625,-0.0046387657165527,0.1801636749267578,9.7415576423645
1732511490162639400,38.49863940429688,-0.0046387657165527,0.1565209335327148,9.94641152191162
1732511490172573400,38.508573486328125,-0.0023942016601562,0.118064069366455,9.817124632263184
1732511490182507500,38.518507568359375,-0.0091278938293457,0.100855744934082,9.61451531677246
1732511490192442400,38.5284423828125,0.0251391174316406,0.0809539436340332,9.638756608581543
1732511490202376400,38.53837646484375,0.0300771583557128,0.0917278511047363,9.71656816253662
1732511490212310500,38.548310546875,-0.0047884033203125,0.0977133552551269,9.739313078308104
1732511490222244600,38.55824462890625,-0.0179565124511718,0.1069908866882324,9.830741654205324
1732511490232178400,38.56817846679687,0.0128688339233398,0.1291372520446777,9.903016616821288
1732511490242113300,38.57811328125,0.0118213706970214,0.1209071838378906,9.916035088348387
1732511490252047600,38.58804760742188,0.0044891281127929,0.1566705711364746,9.884461553955076
1732511490261981400,38.5979814453125,0.036361937713623,0.1711854187011718,9.87683003616333
1732511490271915500,38.60791552734375,0.0445920059204101,0.1994669258117675,9.837026433563231
1732511490281849300,38.61784936523438,0.0270844062805175,0.2338835746765136,9.802011234283446
1732511490291784400,38.627784423828125,0.024839842224121,0.2509422615051269,9.78166052017212
1732511490301718500,38.637718505859375,0.0496796844482421,0.2328361114501953,9.776423204040526
1732511490311652400,38.64765234375,0.0456394691467285,0.1945288848876953,9.796923555755615
1732511490321586400,38.65758642578125,0.0585083030700683,0.177470198059082,9.827449626922608
1732511490331521500,38.667521484375,0.0736217010498046,0.141706810760498,9.83822353439331
1732511490341455400,38.67745532226562,0.0499789596557617,0.1333271049499511,9.843311212921142
1732511490351389400,38.68738940429687,0.055515550994873,0.1508347045898437,9.81233622894287
1732511490361323300,38.6973232421875,0.0432452674865722,0.17238251953125,9.779864868927
1732511490371257600,38.707257568359374,0.0302267959594726,0.1877951927185058,9.699958388519288
1732511490381192400,38.7171923828125,0.0098760818481445,0.199167650604248,9.648483052825927
1732511490391126300,38.72712622070313,0.0143652099609375,0.1785176612854004,9.658209497070311
1732511490401060400,38.73706030273438,0.0038905776977539,0.1660977401733398,9.710881933593749
1732511490410994400,38.74699438476563,0.0324713600158691,0.1446995628356933,9.764003282928469
1732511490420928500,38.75692846679687,0.0314238967895507,0.1307832656860351,9.8204166595459
1732511490430863400,38.76686328125,0.0252887550354003,0.1334767425537109,9.834183319091796
1732511490440797400,38.77679736328125,0.0540191749572753,0.1768716476440429,9.85019454269409
1732511490450731500,38.7867314453125,0.0438438179016113,0.1898901191711425,9.906159006500245
1732511490460665300,38.796665283203126,0.0412999786376953,0.2174234382629394,9.904363355255128
1732511490470599400,38.806599365234376,0.0143652099609375,0.2377741523742675,9.84465795135498
1732511490480534500,38.81653442382813,0.0020949264526367,0.2421136428833007,9.794678991699218
1732511490490468600,38.826468505859374,0.021697452545166,0.2443582069396972,9.703250415802
1732511490500402400,38.83640234375,0.0193032508850097,0.2477998718261718,9.503484214782716
1732511490510336500,38.84633642578125,-0.0264858558654785,0.2385223403930663,9.629329439544676
1732511490520270300,38.856270263671874,0.0740706138610839,0.1604115112304687,9.937133990478516
1732511490530205400,38.86620532226563,0.1997662010192871,0.0980126304626464,10.041581037902832
1732511490540139500,38.87613940429687,0.1855506286621093,0.0882861862182617,9.74290438079834
1732511490550073300,38.8860732421875,0.1146224044799804,0.1035492218017578,9.521440727233886
1732511490560007400,38.89600732421875,0.0288800575256347,0.1559223831176757,9.676166009521484
1732511490569941500,38.90594140625,-0.0134673843383789,0.1978209121704101,9.860369899749756
1732511490579876400,38.91587646484375,-0.0561141014099121,0.2198176399230957,9.918279652404784
1732511490589810400,38.925810546875,-0.0383072265625,0.2627636322021484,9.907056832122802
1732511490599744500,38.93574462890625,-0.012120645904541,0.2953846298217773,9.88191771469116
1732511490609678600,38.9456787109375,0.0202010765075683,0.2964320930480957,9.813084416961669
1732511490619612400,38.9556123046875,0.052971711730957,0.3073556381225585,9.79348189086914
1732511490629547300,38.96554736328125,0.084245970916748,0.2727893516540527,9.81338369216919
1732511490639481600,38.975481689453126,0.1032499465942382,0.2469020462036132,9.817723182678222
1732511490649415400,38.98541552734375,0.0761655403137206,0.2169745254516601,9.822511585998535
1732511490659349500,38.995349609375,0.0356137496948242,0.2009633018493652,9.8181720954895
1732511490669282600,39.00528247070312,0.0122702835083007,0.2102408332824707,9.830592016601562
1732511490679218000,39.01521801757813,-0.0074818801879882,0.2053027923583984,9.838672447204589
1732511490689151700,39.02515185546875,-0.0034416648864746,0.1779191108703613,9.833584768676758
1732511490699085800,39.0350859375,-0.0035913024902343,0.1529296310424804,9.785850373077391
1732511490709019600,39.04501953125,-0.0046387657165527,0.1418564483642578,9.760112705230712
1732511490718954800,39.054954833984375,0.0225952781677246,0.1463455764770507,9.752032274627686
1732511490728888800,39.064888916015626,0.0290296951293945,0.144250650024414,9.752181912231444
1732511490738822700,39.07482275390625,0.0288800575256347,0.1714846939086914,9.795726454925536
1732511490748756700,39.0847568359375,0.0368108505249023,0.1999158386230468,9.81906992111206
1732511490758690600,39.094690673828126,0.0218470901489257,0.2127846725463867,9.81757354507446
1732511490768625700,39.10462573242187,0.053570262145996,0.2497451606750488,9.814880068206786
1732511490778559700,39.11455981445312,0.034416648864746,0.2944868041992187,9.798419931793212
1732511490788493600,39.12449365234375,0.0402525154113769,0.2792237686157226,9.815328981018066
1732511490798428000,39.134427978515625,0.0481833084106445,0.2859574607849121,9.817274269866942
1732511490808361700,39.14436181640625,0.0429459922790527,0.2717418884277343,9.719560914611815
1732511490818296600,39.15429663085938,0.0423474418640136,0.2843114471435546,9.783605809020996
1732511490828230700,39.16423071289063,0.0653916328430175,0.263661457824707,9.925911170196532
1732511490838164700,39.17416479492187,0.0418985290527343,0.2091933700561523,9.731083010101315
1732511490848098800,39.18409887695312,0.0568622894287109,0.2039560539245605,9.60867945022583
1732511490858032600,39.19403271484375,0.0900818374633789,0.1928828712463378,9.641749360656735
1732511490867967500,39.20396752929688,0.0977133552551269,0.1756745468139648,9.773430451965332
1732511490877901800,39.21390185546875,0.0917278511047363,0.1726817947387695,9.919925666046142
1732511490887835600,39.223835693359376,0.0743698890686035,0.1824082389831542,9.897180750274655
1732511490897769700,39.23376977539063,0.0514753356933593,0.1945288848876953,9.824007962036132
1732511490907703600,39.24370361328125,0.0653916328430175,0.2204161903381347,9.840468098449708
1732511490917638700,39.253638671875,0.0843956085205078,0.234931037902832,9.878326412200929
1732511490927572700,39.26357275390625,0.1090858131408691,0.2608183433532715,9.86336265182495
1732511490937506600,39.27350659179688,0.1081879875183105,0.277727392578125,9.823409411621093
1732511490947440600,39.283440673828125,0.0902314750671386,0.3133411422729492,9.788094937133788
1732511490957375700,39.29337573242187,0.1025017585754394,0.3066074501037597,9.783755446624756
1732511490967309800,39.30330981445312,0.1089361755371093,0.2932897033691406,9.801711959075927
1732511490977243600,39.31324365234375,0.0909796630859375,0.2979284690856933,9.797821381378172
1732511490987177700,39.323177734375,0.0858919845581054,0.2534861007690429,9.810989490509032
1732511490997111800,39.33311181640625,0.0839466957092285,0.2247556808471679,9.795876092529296
1732511491007046700,39.34304663085938,0.1147720420837402,0.2177227134704589,9.791087689208984
1732511491016980700,39.35298071289063,0.0966658920288085,0.2118868469238281,9.73617068862915
1732511491026914600,39.36291455078125,0.0779611915588378,0.2099415580749511,9.68514426574707
1732511491036849000,39.37284887695313,0.0603039543151855,0.2391208908081054,9.692626145935058
1732511491046782700,39.38278271484375,0.0502782348632812,0.2252045936584472,9.739761991119384
1732511491056717600,39.39271752929688,0.0438438179016113,0.2181716262817382,9.77492682800293
1732511491066651600,39.402651611328125,0.0436941802978515,0.2219125663757324,9.81248586654663
1732511491076585700,39.412585693359375,0.0517746109008789,0.2295440841674804,9.802310509490969
1732511491086519800,39.42251977539063,0.07018003616333,0.2326864738464355,9.796773918151857
1732511491096453600,39.43245361328125,0.069581485748291,0.254084651184082,9.821913035583496
1732511491106388700,39.442388671875,0.0604535919189453,0.2457049453735351,9.823858324432372
1732511491116322800,39.45232275390625,0.0683843849182128,0.2675520355224609,9.83807389678955
1732511491126256600,39.46225659179687,0.0793079299926757,0.2615665313720703,9.828048177337646
1732511491136190700,39.47219067382812,0.0972644424438476,0.2545335639953613,9.83163947982788
1732511491146124500,39.48212451171875,0.1149216796875,0.2486976974487304,9.805003986358642
1732511491156059600,39.4920595703125,0.1131260284423828,0.2379237899780273,9.772682263946532
1732511491165993700,39.50199365234375,0.1017535705566406,0.2492962478637695,9.7545761138916
1732511491175927600,39.51192749023438,0.0941220527648925,0.2356792259216308,9.752032274627686
1732511491185861600,39.52186157226563,0.0710778617858886,0.2290951713562011,9.783156896209716
1732511491195796700,39.531796630859375,0.0517746109008789,0.2370259643554687,9.8204166595459
1732511491205730600,39.54173046875,0.0709282241821289,0.2418143676757812,9.860968450164794
1732511491215664600,39.55166455078125,0.0736217010498046,0.2443582069396972,9.880870251464843
1732511491225598700,39.5615986328125,0.084245970916748,0.2647089210510254,9.83807389678955
1732511491235532800,39.57153271484375,0.0511760604858398,0.2668038475036621,9.76789386062622
1732511491245467600,39.58146752929687,0.0565630142211914,0.2674023979187011,9.774777190399169
1732511491255401700,39.59140161132812,0.0333691856384277,0.2795230438232421,9.611672202301024
1732511491265335800,39.601335693359374,-0.0136170219421386,0.2890998504638671,9.447968663787842
1732511491275269600,39.61126953125,-0.01915361328125,0.2498947982788086,9.71013374557495
1732511491285203700,39.62120361328125,0.0722749626159667,0.1949777976989746,10.0617821144104
1732511491295138600,39.631138671875,0.1526303558349609,0.1406593475341797,10.114753826141357
1732511491305073000,39.64107299804687,0.1587654975891113,0.1277905136108398,9.716119249725342
1732511491315006700,39.6510068359375,0.0950198783874511,0.1466448516845703,9.468917928314209
1732511491324940800,39.66094091796875,0.0390554145812988,0.1961748985290527,9.61556277999878
1732511491334874600,39.67087451171875,-0.0145148475646972,0.2475005966186523,9.8955347366333
1732511491344809700,39.68080981445313,-0.015263035583496,0.2509422615051269,9.961824195098876
1732511491354743800,39.69074389648438,-0.005087678527832,0.3057096244812011,9.87084453201294
1732511491364677600,39.700677734375,-0.0053869537353515,0.3324947555541992,9.80665
1732511491374611700,39.71061181640625,0.0300771583557128,0.3591302490234375,9.807547825622558
1732511491384546800,39.720546875,0.0799064804077148,0.3444657638549804,9.798719207000731
1732511491394480600,39.73048071289063,0.1167173309326171,0.3544914833068847,9.790489138793944
1732511491404414700,39.74041479492188,0.1153705924987792,0.3176806327819824,9.817872820281982
1732511491414348500,39.7503486328125,0.1122282028198242,0.268749136352539,9.83837317199707
1732511491424283000,39.76028295898438,0.0751180770874023,0.2563292152404785,9.853785845184326
1732511491434217700,39.7702177734375,0.0426467170715332,0.244507844543457,9.83807389678955
1732511491444151600,39.78015161132812,0.0231938285827636,0.2262520568847656,9.847052153015136
1732511491454085600,39.79008569335937,0.0139162971496582,0.2147299613952636,9.80635072479248
1732511491464019700,39.80001977539062,0.0140659347534179,0.211288296508789,9.767145672607422
1732511491473953800,39.809953857421874,0.029328970336914,0.2039560539245605,9.758167416381836
1732511491483888600,39.819888671875,0.0421978042602539,0.1939303344726562,9.771185887908937
1732511491493822700,39.82982275390625,0.0643441696166992,0.201711489868164,9.790489138793944
1732511491503756800,39.8397568359375,0.0601543167114257,0.2160766998291015,9.79976667022705
1732511491513690600,39.84969067382813,0.055515550994873,0.2448071197509765,9.786149648284912
1732511491523624700,39.85962475585937,0.0206499893188476,0.2705447875976562,9.809792389678954
1732511491533559800,39.869559814453126,0.0347159240722656,0.2874538368225097,9.797971018981931
1732511491543493600,39.87949365234375,0.060603229522705,0.3170820823669433,9.80665
1732511491553427700,39.889427734375,0.0637456192016601,0.3202244720458984,9.820117384338378
1732511491563361500,39.899361572265626,0.0890343742370605,0.326209976196289,9.752930100250245
1732511491573297000,39.909296875,0.0990600936889648,0.3238157745361328,9.720758015441891
1732511491583230700,39.919230712890624,0.0749684394836425,0.3341407691955566,9.892841259765625
1732511491593164800,39.929164794921874,0.0561141014099121,0.3084031013488769,9.878027136993408
1732511491603098600,39.9390986328125,0.0333691856384277,0.2768295669555664,9.626336687469482
1732511491613032700,39.94903271484375,0.0456394691467285,0.2542342887878417,9.540743978118895
1732511491622967800,39.9589677734375,0.1077390747070312,0.2397194412231445,9.745597857666016
1732511491632901600,39.96890161132813,0.1518821678161621,0.2295440841674804,9.92725790863037
1732511491642835700,39.97883569335937,0.10848726272583,0.2252045936584472,9.87578257293701
1732511491652769800,39.98876977539062,0.0647930824279785,0.2364274139404296,9.759813430023192
1732511491662703900,39.99870385742187,0.0418985290527343,0.2537853759765625,9.765350021362304
1732511491672639200,40.00863916015625,0.034416648864746,0.2801215942382812,9.86964743118286
1732511491682573300,40.0185732421875,0.0776619163513183,0.28730419921875,9.945513696289062
1732511491692507400,40.02850732421875,0.1001075569152832,0.3365349708557129,9.900173502349851
1732511491702441200,40.03844116210937,0.1071405242919921,0.330699104309082,9.78689783630371
1732511491712376300,40.048376220703126,0.1207575462341308,0.3311480171203613,9.718962364196775
1732511491722310400,40.05831030273438,0.1060930610656738,0.3389291725158691,9.724947868347169
1732511491732244200,40.068244140625,0.098311905670166,0.3169324447631835,9.78689783630371
1732511491742178300,40.07817822265625,0.1150713172912597,0.3054103492736816,9.833884043884275
1732511491752112000,40.08811206054688,0.112976390838623,0.2769792045593262,9.815628256225583
1732511491762047200,40.098047119140624,0.1339256553649902,0.2606687057495117,9.80665
1732511491771981300,40.107981201171874,0.1300350776672363,0.2463034957885742,9.801861596679688
1732511491781915100,40.1179150390625,0.1192611701965331,0.2533364631652832,9.765499658966064
1732511491791849200,40.12784912109375,0.0995090065002441,0.2666542098999023,9.73617068862915
1732511491801783300,40.137783203125,0.0685340225219726,0.2702455123901367,9.702202952575684
1732511491811718100,40.14771826171875,0.0752677146911621,0.2893991256713867,9.727790982818602
1732511491821652200,40.15765234375,0.0692822105407714,0.2831143463134765,9.79258406524658
1732511491831586300,40.16758642578125,0.0814028564453124,0.3069067253112792,9.802460147094726
1732511491841520400,40.17752026367187,0.0839466957092285,0.2989759323120117,9.797821381378172
1732511491851454200,40.1874541015625,0.0761655403137206,0.282815071105957,9.79393080368042
1732511491861389000,40.19738916015625,0.0962169792175293,0.2904465888977051,9.788244574737549
1732511491871323400,40.20732348632812,0.1026513961791992,0.2826654335021972,9.803956523132324
1732511491881257200,40.21725732421875,0.091877488708496,0.2934393409729003,9.794678991699218
1732511491891191300,40.22719140625,0.0778115539550781,0.2937386161804199,9.797821381378172
1732511491901126100,40.237126220703125,0.0969651672363281,0.2844610847473144,9.806949275207518
1732511491911060200,40.247060302734376,0.096366616821289,0.282815071105957,9.804106160736085
1732511491920994300,40.256994384765626,0.1071405242919921,0.2837128967285156,9.797671743774414
1732511491930928000,40.26692822265625,0.1147720420837402,0.2795230438232421,9.795127904510498
1732511491940862200,40.2768623046875,0.1264437751770019,0.2804208694458007,9.7936315284729
1732511491950797300,40.28679736328125,0.1246481239318847,0.278325942993164,9.792434427642824
1732511491960731400,40.2967314453125,0.1212064590454101,0.2641103706359863,9.776273566436767
1732511491970665200,40.30666528320312,0.1192611701965331,0.2483984222412109,9.776123928833009
1732511491980599000,40.31659912109375,0.1086369003295898,0.2675520355224609,9.785551097869872
1732511491990533400,40.326533447265625,0.1019032081604003,0.2720411636352539,9.79423007888794
1732511492000468200,40.33646826171875,0.1080383499145507,0.2421136428833007,9.797821381378172
1732511492010402300,40.34640234375,0.1060930610656738,0.2332850242614746,9.798419931793212
1732511492020336000,40.35633618164063,0.0944213279724121,0.2454056701660156,9.802759422302245
1732511492030270500,40.3662705078125,0.1026513961791992,0.2407669044494629,9.790788414001463
1732511492040205300,40.376205322265626,0.1028010337829589,0.2388216156005859,9.794978266906735
1732511492050139100,40.38613916015625,0.0996586441040039,0.2440589317321777,9.787646024322507
1732511492060073200,40.3960732421875,0.086191259765625,0.2516904495239258,9.802160871887208
1732511492070007300,40.40600732421875,0.0906803878784179,0.2485480598449707,9.797671743774414
1732511492079941400,40.41594140625,0.0905307502746581,0.2472013214111328,9.807847100830076
1732511492089876200,40.42587622070312,0.0971148048400878,0.2528875503540039,9.802160871887208
1732511492099810300,40.43581030273437,0.1005564697265625,0.2442085693359375,9.797222830963134
1732511492109744400,40.445744384765625,0.084245970916748,0.2548328392028808,9.79976667022705
1732511492119678200,40.45567822265625,0.0858919845581054,0.2534861007690429,9.81862100830078
1732511492129613000,40.46561303710938,0.0836474205017089,0.254084651184082,9.848398891448976
1732511492139547400,40.47554736328125,0.098311905670166,0.2551321144104004,9.826252526092528
1732511492149481200,40.48548120117187,0.1028010337829589,0.2488473350524902,9.79961703262329
1732511492159415300,40.49541528320312,0.0914285758972167,0.2424129180908203,9.750535898590089
1732511492169349000,40.50534912109375,0.0915782135009765,0.2286462585449218,9.715221424102785
1732511492179284200,40.5152841796875,0.0784101043701171,0.2328361114501953,9.72360112991333
1732511492189218300,40.52521826171875,0.0876876358032226,0.2135328605651855,9.801113408660887
1732511492199152000,40.53515209960938,0.0827495948791503,0.213233585357666,9.859023161315918
1732511492209086200,40.54508618164063,0.098910456085205,0.2258031440734863,9.879074600219726
1732511492219020000,40.55502001953125,0.0939724151611328,0.2469020462036132,9.866804316711423
1732511492228955400,40.564955322265625,0.110432551574707,0.2527379127502441,9.800963771057129
1732511492238889200,40.57488916015625,0.0929249519348144,0.2748842781066894,9.733477211761477
1732511492248823000,40.58482299804688,0.0585083030700683,0.2870049240112304,9.772981539154053
1732511492258757400,40.59475732421875,0.0471358451843261,0.3024175971984863,9.770886612701416
1732511492268692200,40.60469213867187,0.0360626625061035,0.3118447662353515,9.536254850006102
1732511492278626300,40.61462622070312,-0.012120645904541,0.3009212211608886,9.507374792480467
1732511492288560000,40.62456005859375,0.0519242485046386,0.2322375610351562,9.829245278167724
1732511492298494500,40.63449438476562,0.1439513748168945,0.1798643997192382,10.112060349273682
1732511492308428300,40.64442822265625,0.1731307075500488,0.1441010124206543,9.977386505889893
1732511492318363100,40.65436303710938,0.1804629501342773,0.141706810760498,9.617059156036376
1732511492328297200,40.66429711914063,0.131531453704834,0.178068748474121,9.510068269348144
1732511492338231300,40.67423120117188,0.1122282028198242,0.2081459068298339,9.69202759552002
1732511492348165400,40.68416528320312,0.058059390258789,0.2156277870178222,9.926360083007811
1732511492358099200,40.69409912109375,0.0140659347534179,0.2362777763366699,9.94671079711914
1732511492368034000,40.70403393554688,0.0200514389038085,0.26171616897583,9.861417362976074
1732511492377968400,40.71396850585938,0.0383072265625,0.2907458641052245,9.80635072479248
1732511492387902200,40.723902099609376,0.0671872840881347,0.3350385948181152,9.816226806640625
1732511492397836300,40.73383618164063,0.0947206031799316,0.3259107009887695,9.839270997619629
1732511492407771400,40.743771484375,0.1050455978393554,0.3106476654052734,9.852588744354248
1732511492417705200,40.75370532226562,0.1186626197814941,0.2931400657653808,9.861567000579834
1732511492427639300,40.76363940429688,0.1230021102905273,0.2642600082397461,9.859621711730956
1732511492437573000,40.77357299804687,0.1167173309326171,0.2449567573547363,9.830442378997802
1732511492447507200,40.78350708007813,0.0870890853881835,0.2316390106201172,9.815927531433104
1732511492457442300,40.7934423828125,0.0825999572753906,0.2111386589050292,9.827898539733884
1732511492467376000,40.80337622070312,0.0558148262023925,0.2005143890380859,9.800814133453368
1732511492477310200,40.81331030273437,0.0466869323730468,0.1728314323425293,9.777171392059326
1732511492487244000,40.823244140625,0.0321720848083496,0.1692401298522949,9.772532626342771
1732511492497179400,40.83317944335938,0.0456394691467285,0.1616086120605468,9.772083713531494
1732511492507113200,40.84311328125,0.0393546897888183,0.1696890426635742,9.78121160736084
1732511492517047000,40.85304711914063,0.0583586654663085,0.1834557022094726,9.778069217681884
1732511492526981400,40.8629814453125,0.0638952568054199,0.2190694519042968,9.795576817321775
1732511492536915200,40.87291528320313,0.0559644638061523,0.2430114685058593,9.7943797164917
1732511492546850300,40.88285034179688,0.0519242485046386,0.2410661796569824,9.829694190979003
1732511492556784000,40.8927841796875,0.0619499679565429,0.2733879020690918,9.8319387550354
1732511492566718500,40.902718505859376,0.0966658920288085,0.2811690574645996,9.809642752075195
1732511492576652300,40.91265234375,0.1035492218017578,0.3037643356323242,9.714473236083984
1732511492586586000,40.92258618164063,0.0799064804077148,0.3015197715759277,9.817723182678222
1732511492596521200,40.93252124023437,0.0999579193115234,0.2902969512939453,9.912144510650634
1732511492606455300,40.94245532226562,0.0586579406738281,0.2680009483337402,9.739313078308104
1732511492616389400,40.95238940429687,0.0594061286926269,0.244507844543457,9.55047042236328
1732511492626323200,40.9623232421875,0.0830488700866699,0.2240074928283691,9.669432317352294
1732511492636258000,40.97225805664063,0.1216553718566894,0.1999158386230468,9.873538008880615
1732511492646192400,40.9821923828125,0.1414075355529785,0.1868973670959472,9.862015913391112
1732511492656126200,40.99212622070313,0.1072901618957519,0.1764227348327636,9.730035546875
1732511492666060300,41.00206030273438,0.0487818588256835,0.2099415580749511,9.696815998840332
1732511492675993900,41.01199389648438,0.0579097526550293,0.2392705284118652,9.820865572357176
1732511492685928700,41.0219287109375,0.0517746109008789,0.2389712532043457,9.928754284667969
1732511492695862800,41.03186279296875,0.062548518371582,0.263062907409668,9.941772756195068
1732511492705796600,41.04179663085937,0.0935235023498535,0.2886509376525878,9.858424610900878
1732511492715731000,41.05173095703125,0.1096843635559082,0.2895487632751464,9.7683427734375
1732511492725665800,41.06166577148438,0.1146224044799804,0.2899976760864257,9.75427683868408
1732511492735599900,41.07159985351562,0.1131260284423828,0.273238264465332,9.77462755279541
1732511492745534000,41.08153393554687,0.1041477722167968,0.2681505859374999,9.81921955871582
1732511492755467800,41.0914677734375,0.1057937858581542,0.2576759536743164,9.836876795959473
1732511492765401900,41.10140185546875,0.1045966850280761,0.230441909790039,9.8189202835083
1732511492775336700,41.11133666992188,0.1047463226318359,0.222810391998291,9.834183319091796
1732511492785271000,41.12127099609375,0.1119289276123046,0.2226607543945312,9.87084453201294
1732511492795204900,41.13120483398438,0.125097036743164,0.2156277870178222,9.829095640563963
1732511492805139000,41.14113891601563,0.0959177040100097,0.2292448089599609,9.76130980606079
1732511492815073800,41.15107373046875,0.0718260498046875,0.2477998718261718,9.702651865386962
1732511492825007900,41.1610078125,0.0507271476745605,0.2403179916381835,9.71731635055542
1732511492834942000,41.17094189453125,0.0565630142211914,0.2430114685058593,9.769839149475096
1732511492844875800,41.18087573242188,0.0683843849182128,0.2311900978088378,9.79976667022705
1732511492854809900,41.190809814453125,0.0754173522949218,0.232387198638916,9.79303297805786
1732511492864745000,41.20074487304687,0.0978629928588867,0.2292448089599609,9.778069217681884
1732511492874678800,41.2106787109375,0.0933738647460937,0.2341828498840331,9.772083713531494
1732511492884612900,41.22061279296875,0.1068412490844726,0.235529588317871,9.809493114471437
1732511492894546700,41.23054663085937,0.1077390747070312,0.2501940734863281,9.822810861206056
1732511492904481800,41.24048168945313,0.1001075569152832,0.2582745040893554,9.810690215301513
1732511492914415900,41.25041577148438,0.0784101043701171,0.263661457824707,9.799317757415771
1732511492924349700,41.260349609375,0.0760159027099609,0.254683201599121,9.795726454925536
1732511492934283800,41.27028369140625,0.081702131652832,0.2530371879577636,9.778817405700684
1732511492944217900,41.2802177734375,0.0980126304626464,0.2558803024291992,9.772682263946532
1732511492954152700,41.290152587890624,0.1004068321228027,0.2270002449035644,9.783905084228516
1732511492964086800,41.30008666992188,0.0872387229919433,0.22340894241333,9.787945299530028
1732511492974020600,41.3100205078125,0.1022024833679199,0.229843359375,9.792733702850342
1732511492983955000,41.319954833984376,0.1075894371032714,0.2370259643554687,9.79258406524658
1732511492993888800,41.329888671875,0.1126771156311035,0.2286462585449218,9.796175367736817
1732511493003823900,41.339823974609374,0.1056441482543945,0.2341828498840331,9.796773918151857
1732511493013758000,41.349758056640624,0.115520230102539,0.2340332122802734,9.80650036239624
1732511493023691800,41.35969189453125,0.1114800148010253,0.2388216156005859,9.795726454925536
1732511493033625900,41.3696259765625,0.0992097312927246,0.2198176399230957,9.786149648284912
1732511493043560700,41.37956079101563,0.0932242271423339,0.2166752502441406,9.782408708190918
1732511493053495000,41.3894951171875,0.0960673416137695,0.2190694519042968,9.801562321472169
1732511493063428900,41.39942895507812,0.0957680664062499,0.2295440841674804,9.831040929412842
1732511493073363000,41.40936303710937,0.0957680664062499,0.2296937217712402,9.81862100830078
1732511493083296800,41.419296875,0.0849941589355468,0.2415150924682617,9.83134020462036
1732511493093231900,41.42923193359375,0.0863408973693847,0.2416647300720214,9.800814133453368
1732511493103166000,41.439166015625,0.1051952354431152,0.2301426345825195,9.751134449005129
1732511493113099800,41.44909985351563,0.1186626197814941,0.2123357597351074,9.693823246765136
1732511493123033900,41.45903393554688,0.1228524726867675,0.2141314109802246,9.714473236083984
1732511493132969000,41.468968994140624,0.1125274780273437,0.1931821464538574,9.7821094329834
1732511493142902800,41.47890283203125,0.118064069366455,0.189590843963623,9.848847804260254
1732511493152836900,41.4888369140625,0.1310825408935546,0.1955763481140136,9.897928938293456
1732511493162770700,41.49877075195312,0.1463455764770507,0.2079962692260742,9.94671079711914
1732511493172705000,41.508705078125,0.1511339797973632,0.2211643783569336,9.865457578277589
1732511493182639900,41.51863989257812,0.1291372520446777,0.2501940734863281,9.767145672607422
1732511493192573700,41.52857373046875,0.0848445213317871,0.2608183433532715,9.72973627166748
1732511493202507800,41.5385078125,0.0402525154113769,0.2672527603149414,9.71073229598999
1732511493212441900,41.54844189453125,0.0266354934692382,0.2533364631652832,9.52563058013916
1732511493222376700,41.558376708984376,0.0080804306030273,0.2293944465637206,9.586233809661865
1732511493232310800,41.56831079101563,0.0659901832580566,0.1789665740966796,9.905710093688963
1732511493242244600,41.57824462890625,0.1571194839477539,0.1660977401733398,10.098293689727782
1732511493252179000,41.58817895507813,0.1985691001892089,0.1514332550048828,9.950302099609374
1732511493262112800,41.59811279296875,0.1858499038696289,0.1476923149108886,9.58997474975586
1732511493272047900,41.6080478515625,0.1643020889282226,0.1797147621154785,9.478045822143557
1732511493281982000,41.61798193359375,0.1198597206115722,0.1918354080200195,9.671078330993652
1732511493291915800,41.627915771484375,0.0995090065002441,0.1735796203613281,9.90870284576416
1732511493301849900,41.637849853515625,0.0799064804077148,0.1894412063598632,9.948506448364258
1732511493311784700,41.64778466796875,0.0846948837280273,0.2073977188110351,9.847351428222655
1732511493321719000,41.65771899414062,0.0881365486145019,0.2295440841674804,9.792434427642824
1732511493331652900,41.66765283203125,0.0915782135009765,0.227898070526123,9.78779566192627
1732511493341587000,41.6775869140625,0.1146224044799804,0.2542342887878417,9.83134020462036
1732511493351520800,41.68752075195312,0.1451484756469726,0.2436100189208984,9.851391643524169
1732511493361455900,41.69745581054688,0.1919850456237793,0.2301426345825195,9.85109236831665
1732511493371390000,41.70738989257813,0.201711489868164,0.2150292366027832,9.846154327392576
1732511493381323800,41.71732373046875,0.2093430076599121,0.2090437324523925,9.82520506286621
1732511493391257900,41.7272578125,0.1848024406433105,0.2075473564147949,9.824905787658691
1732511493401193000,41.73719287109375,0.1623568000793457,0.1747767211914062,9.802011234283446
1732511493411126800,41.747126708984375,0.1327285545349121,0.143652099609375,9.80021558303833
1732511493421060900,41.757060791015626,0.0948702407836914,0.1388636962890625,9.781959795379638
1732511493430994700,41.76699462890625,0.0993593688964843,0.1298854400634765,9.788693487548828
1732511493440929000,41.77692895507813,0.0969651672363281,0.1164180557250976,9.81862100830078
1732511493450863900,41.78686376953125,0.103399584197998,0.1086369003295898,9.803657247924804
1732511493460797700,41.79679760742187,0.118064069366455,0.1252466743469238,9.782259070587155
1732511493470731800,41.80673168945312,0.1348234809875488,0.1446995628356933,9.772083713531494
1732511493480665900,41.81666577148437,0.1307832656860351,0.1687912170410156,9.789740950775146
1732511493490600700,41.8266005859375,0.1147720420837402,0.2003647514343261,9.81951883392334
1732511493500534800,41.83653466796875,0.1022024833679199,0.2127846725463867,9.841964474487304
1732511493510468600,41.84646850585938,0.1375169578552246,0.222810391998291,9.828646727752686
1732511493520403000,41.85640283203125,0.1569698463439941,0.2332850242614746,9.750685536193847
1732511493530336800,41.86633666992188,0.1637035385131836,0.2344821250915527,9.808894564056397
1732511493540271900,41.87627197265625,0.1439513748168945,0.24256255569458,9.949553911590575
1732511493550205700,41.88620581054688,0.1083376251220703,0.2027589530944824,9.810091664886476
1732511493560139800,41.89613989257813,0.0806546684265136,0.1644517265319824,9.610325463867188
1732511493570073900,41.90607397460938,0.115520230102539,0.1509843421936035,9.686790279388427
1732511493580008700,41.9160087890625,0.180014037322998,0.1243488487243652,9.867103591918944
1732511493589943000,41.925943115234375,0.2057517051696777,0.0993593688964843,9.8694977935791
1732511493599876900,41.935876953125,0.2027589530944824,0.1224035598754882,9.75412720108032
1732511493609811000,41.94581103515625,0.189590843963623,0.1441010124206543,9.675567459106444
1732511493619745800,41.95574584960937,0.1237502983093261,0.1701379554748535,9.750835173797606
1732511493629679900,41.96567993164062,0.1077390747070312,0.1840542526245117,9.855132583618165
1732511493639614000,41.97561401367187,0.1192611701965331,0.1906383071899414,9.909451033782958
1732511493649547800,41.9855478515625,0.1514332550048828,0.2076969940185546,9.869048880767822
1732511493659481900,41.99548193359375,0.1649006393432617,0.2076969940185546,9.789740950775146
1732511493669417000,42.0054169921875,0.1833060646057129,0.2162263374328613,9.791536602020264
1732511493679350800,42.01535083007813,0.1892915687561035,0.2201169151306152,9.78689783630371
1732511493689285000,42.02528515625,0.2250549560546874,0.1855506286621093,9.814431155395509
1732511493699219000,42.03521899414063,0.1997662010192871,0.1644517265319824,9.79976667022705
1732511493709153800,42.04515380859375,0.1957259857177734,0.1502361541748046,9.784503634643556
1732511493719087900,42.055087890625,0.1690904922485351,0.1403600723266601,9.777321029663083
1732511493729022000,42.06502197265625,0.1837549774169921,0.1182137069702148,9.808744926452636
1732511493738956000,42.0749560546875,0.1919850456237793,0.1358709442138671,9.835081144714357
1732511493748889900,42.084889892578126,0.1827075141906738,0.1547252822875976,9.790938051605224
1732511493758825000,42.09482495117187,0.1611596992492675,0.1473930397033691,9.714622873687745
1732511493768759000,42.10475903320312,0.1463455764770507,0.1388636962890625,9.711779759216308
1732511493778692900,42.11469287109375,0.1316810913085937,0.14679448928833,9.758167416381836
1732511493788627000,42.124626953125,0.120009358215332,0.1381155082702636,9.795876092529296
1732511493798562000,42.13456201171875,0.1458966636657714,0.139761521911621,9.80709891281128
1732511493808495900,42.14449584960938,0.1545756446838379,0.1256955871582031,9.799317757415771
1732511493818430000,42.15442993164063,0.1663970153808593,0.1445499252319335,9.788244574737549
1732511493828363800,42.16436376953125,0.1620575248718261,0.1509843421936035,9.803657247924804
1732511493838297900,42.1742978515625,0.1592144104003906,0.1536778190612792,9.813832604980467
1732511493848233000,42.18423291015625,0.1801636749267578,0.1593640480041503,9.812036953735351
1732511493858167000,42.1941669921875,0.1722328819274902,0.1770212852478027,9.8204166595459
1732511493868100900,42.204100830078126,0.1541267318725586,0.1680430290222168,9.814580792999267
1732511493878035000,42.214034912109376,0.1631049880981445,0.1731307075500488,9.809044201660155
1732511493887970000,42.22396997070312,0.1681926666259765,0.1776198356628417,9.80665
1732511493897903900,42.23390380859375,0.1602618736267089,0.1758241844177246,9.80709891281128
1732511493907838000,42.243837890625,0.175524909210205,0.1635539009094238,9.814730430603026
1732511493917772000,42.25377197265625,0.1494879661560058,0.1616086120605468,9.827449626922608
1732511493927707000,42.26370678710938,0.1530792686462402,0.1638531761169433,9.826402163696288
1732511493937641000,42.27364086914063,0.1426046363830566,0.1503857917785644,9.815478618621826
1732511493947574800,42.28357470703125,0.1533785438537597,0.1423053611755371,9.797073193359374
1732511493957509000,42.29350903320312,0.1207575462341308,0.1484405029296875,9.79961703262329
1732511493967443000,42.30344287109375,0.1297358024597167,0.1396118843078613,9.833584768676758
1732511493977377800,42.31337768554688,0.1363198570251464,0.1379658706665039,9.83089129180908
1732511493987311900,42.323311767578126,0.1496376037597656,0.1408089851379394,9.8326869430542
1732511493997246000,42.333245849609376,0.1508347045898437,0.1313818161010742,9.798569569396973
1732511494007180000,42.34317993164063,0.1500865165710449,0.1544260070800781,9.76235726928711
1732511494017115000,42.35311499023437,0.1426046363830566,0.1370680450439453,9.733327574157714
1732511494027049000,42.363049072265625,0.1264437751770019,0.1484405029296875,9.740809454345705
1732511494036983000,42.37298315429688,0.115520230102539,0.1358709442138671,9.796773918151857
1732511494046916900,42.38291674804688,0.1408089851379394,0.1508347045898437,9.845256501770018
1732511494056851000,42.392850830078125,0.125097036743164,0.1421557235717773,9.8709941696167
1732511494066786000,42.4027861328125,0.1289876144409179,0.1568202087402343,9.910049584197996
1732511494076719900,42.41271997070312,0.1593640480041503,0.1858499038696289,9.90795465774536
1732511494086654000,42.42265405273437,0.141706810760498,0.182557876586914,9.821015209960937
1732511494096587800,42.432587890625,0.1144727668762207,0.1867477294921875,9.753229375457764
1732511494106523100,42.44252319335938,0.0706289489746093,0.2076969940185546,9.739313078308104
1732511494116457000,42.45245703125,0.0365115753173828,0.2029085906982421,9.580846855926511
1732511494126391000,42.46239111328125,0.0139162971496582,0.1859995414733886,9.484779514312743
1732511494136324900,42.47232495117188,0.0462380195617675,0.143652099609375,9.7806130569458
1732511494146260000,42.482260009765625,0.1349731185913086,0.0942716903686523,10.013000255584716
1732511494156194000,42.49219409179688,0.2014122146606445,0.0779611915588378,10.00387236175537
1732511494166127900,42.5021279296875,0.1812111381530761,0.0520738861083984,9.711480484008788
1732511494176062000,42.51206201171875,0.1692401298522949,0.0800561180114746,9.516353048706057
1732511494185996000,42.52199609375,0.1385644210815429,0.0978629928588867,9.648034140014648
1732511494195931000,42.53193090820312,0.1156698677062988,0.1265934127807617,9.89568437423706
1732511494205865000,42.54186499023437,0.0992097312927246,0.1307832656860351,9.950152462005615
1732511494215798800,42.551798828125,0.077213003540039,0.1429039115905761,9.873388371276857
1732511494225733000,42.56173315429688,0.0731727882385253,0.1773205604553222,9.816974994659423
1732511494235668000,42.57166796875,0.088735099029541,0.2105401084899902,9.810839852905271
1732511494245601800,42.58160180664063,0.1065419738769531,0.2135328605651855,9.8189202835083
1732511494255535900,42.59153588867188,0.1005564697265625,0.2099415580749511,9.81951883392334
1732511494265470000,42.60146997070313,0.1218050094604492,0.196623811340332,9.837624983978271
1732511494275404000,42.61140405273437,0.1252466743469238,0.1862988166809082,9.842712662506102
1732511494285339000,42.6213388671875,0.1056441482543945,0.1640028137207031,9.83897172241211
1732511494295273000,42.63127294921875,0.1241992111206054,0.153827456665039,9.852588744354248
1732511494305207000,42.64120703125,0.1054945106506347,0.1265934127807617,9.835380419921874
1732511494315140900,42.65114086914063,0.0597054039001464,0.1025017585754394,9.797821381378172
1732511494325076000,42.66107592773437,0.0453401939392089,0.0914285758972167,9.766098209381102
1732511494335010000,42.67101000976562,0.0264858558654785,0.0652419952392578,9.772532626342771
1732511494344944000,42.68094409179688,0.0525227989196777,0.0707785865783691,9.7683427734375
1732511494354878000,42.6908779296875,0.0567126518249511,0.0616506927490234,9.766397484588625
1732511494364812800,42.70081274414063,0.0480336708068847,0.0673369216918945,9.763404732513427
1732511494374747100,42.7107470703125,0.0730231506347656,0.0984615432739257,9.77447791519165
1732511494384681000,42.72068090820313,0.0896329246520996,0.1204582710266113,9.797671743774414
1732511494394615000,42.73061499023437,0.0864905349731445,0.1378162330627441,9.83208839263916
1732511494404548900,42.740548828125,0.084245970916748,0.1511339797973632,9.85737714767456
1732511494414484000,42.75048388671875,0.0770633659362793,0.1640028137207031,9.835530057525634
1732511494424418000,42.76041796875,0.0748188018798828,0.1620575248718261,9.772083713531494
1732511494434351900,42.77035180664063,0.0906803878784179,0.1812111381530761,9.76894132385254
1732511494444286000,42.78028588867188,0.0760159027099609,0.1855506286621093,9.97259810256958
1732511494454221000,42.79022094726562,0.0582090278625488,0.165349552154541,9.888202494049072
1732511494464155000,42.80015478515625,0.0480336708068847,0.1490390533447265,9.61526350479126
1732511494474089000,42.8100888671875,0.0773626411437988,0.1452981132507324,9.567529109191891
1732511494484022800,42.82002270507813,0.1300350776672363,0.1074397994995117,9.752331549835205
1732511494493958000,42.8299580078125,0.1535281814575195,0.0927753143310546,9.87039561920166
1732511494503892000,42.83989208984375,0.1363198570251464,0.0763151779174804,9.860669174957277
1732511494513825800,42.84982568359375,0.1002571945190429,0.084245970916748,9.809642752075195
1732511494523759900,42.859759765625,0.0799064804077148,0.1013046577453613,9.800963771057129
1732511494533694000,42.86969384765625,0.0532709869384765,0.1191115325927734,9.828497090148923
1732511494543629000,42.87962915039063,0.0679354721069335,0.1291372520446777,9.842114112091064
1732511494553563000,42.88956298828125,0.0637456192016601,0.1408089851379394,9.833734406280517
1732511494563497000,42.8994970703125,0.0716764122009277,0.1632546257019043,9.822810861206056
1732511494573431000,42.90943115234375,0.0891840118408203,0.1654991897583007,9.829544553375245
1732511494583366000,42.91936596679688,0.079158292388916,0.156371295928955,9.817723182678222
1732511494593300000,42.929300048828125,0.111031101989746,0.1631049880981445,9.796325005340575
1732511494603234000,42.939234130859376,0.1189618949890136,0.153827456665039,9.758915604400634
1732511494613168000,42.94916821289063,0.115520230102539,0.12764087600708,9.790339501190186
1732511494623102000,42.95910205078125,0.1086369003295898,0.1134253036499023,9.811288765716553
1732511494633036800,42.96903686523437,0.1128267532348632,0.1146224044799804,9.825953250885007
1732511494642971100,42.97897119140625,0.1056441482543945,0.1173158813476562,9.810989490509032
1732511494652905000,42.98890502929687,0.1051952354431152,0.1210568214416503,9.794529354095458
1732511494662839000,42.99883911132813,0.077213003540039,0.1159691429138183,9.756371765136718
1732511494672774000,43.00877392578125,0.0742202514648437,0.1224035598754882,9.724798230743408
1732511494682708000,43.0187080078125,0.0661398208618164,0.1105821891784668,9.725995331573486
1732511494692642300,43.02864233398437,0.0618003303527832,0.1201589958190917,9.749937348175049
1732511494702576000,43.038576171875,0.0692822105407714,0.1062426986694335,9.798719207000731
1732511494712511000,43.048510986328125,0.0831985076904296,0.1114800148010253,9.817274269866942
1732511494722445000,43.058445068359376,0.05746083984375,0.1149216796875,9.817423907470705
1732511494732379100,43.06837915039063,0.076614453125,0.1352723937988281,9.82520506286621
1732511494742313200,43.07831323242188,0.0828992324829101,0.1279401512145996,9.807847100830076
1732511494752248000,43.088248046875,0.0909796630859375,0.1360205818176269,9.756222127532958
1732511494762182100,43.09818212890625,0.0870890853881835,0.1352723937988281,9.7553243019104
1732511494772116200,43.1081162109375,0.086191259765625,0.1446995628356933,9.749937348175049
1732511494782050000,43.11805004882813,0.0626981559753418,0.127042325592041,9.79423007888794
1732511494791984000,43.127984130859375,0.0716764122009277,0.1241992111206054,9.808296013641357
1732511494801919200,43.13791918945312,0.0643441696166992,0.1221042846679687,9.804854348754882
1732511494811853000,43.14785302734375,0.07018003616333,0.1117792900085449,9.826701438903807
1732511494821787100,43.157787109375,0.0785597419738769,0.1264437751770019,9.886706118011476
1732511494831721000,43.16772094726562,0.0971148048400878,0.1264437751770019,9.918728565216064
1732511494841656300,43.17765625,0.0737713386535644,0.1430535491943359,9.867851779937745
1732511494851590100,43.18759008789063,0.074669164276123,0.1497872413635254,9.786598561096191
1732511494861524200,43.19752416992188,0.0549170005798339,0.160860424041748,9.73048445968628
1732511494871458000,43.2074580078125,0.072125325012207,0.1535281814575195,9.54433528060913
1732511494881393200,43.21739306640625,-0.0023942016601562,0.1620575248718261,9.392004199981688
1732511494891327200,43.2273271484375,-0.0179565124511718,0.1074397994995117,9.724349317932129
1732511494901261000,43.23726098632813,0.1137245788574218,0.043993455505371,10.009708228302
1732511494911195100,43.247195068359375,0.1798643997192382,0.0130184715270996,10.03619408416748
1732511494921129200,43.25712915039063,0.2090437324523925,-0.0173579620361328,9.738265615081788
1732511494931064000,43.26706396484375,0.1469441268920898,0.038905776977539,9.517999062347412
1732511494940998100,43.276998046875,0.0697311233520507,0.0787093795776367,9.69112976989746
1732511494950932000,43.28693188476562,0.017208324432373,0.1264437751770019,9.897180750274655
1732511494960866300,43.2968662109375,-0.0245405670166015,0.1494879661560058,9.936086527252195
1732511494970801200,43.30680126953125,-0.0279822319030761,0.1894412063598632,9.849446354675292
1732511494980735000,43.31673486328125,-0.0182557876586914,0.2120364845275879,9.795576817321775
1732511494990669000,43.3266689453125,0.0131681091308593,0.21068974609375,9.81981810913086
1732511495000603100,43.33660302734375,0.028730419921875,0.1861491790771484,9.862315188598632
1732511495010538000,43.3465380859375,0.0369604881286621,0.1903390319824218,9.847201790618897
1732511495020472000,43.35647216796875,0.0475847579956054,0.1735796203613281,9.81951883392334
1732511495030406100,43.36640625,0.0628477935791015,0.1384147834777832,9.826402163696288
1732511495040340200,43.37634033203125,0.0341173736572265,0.1238999359130859,9.827150351715089
1732511495050274000,43.38627416992188,0.0237923789978027,0.1092354507446289,9.824157599639893
1732511495060209200,43.39620922851562,0.0038905776977539,0.0828992324829101,9.827299989318847
1732511495070143200,43.40614331054688,-0.03187280960083,0.0492307716369628,9.83148984222412
1732511495080077000,43.4160771484375,-0.0366612129211425,0.0502782348632812,9.82610288848877
1732511495090011100,43.42601123046875,-0.0285807823181152,0.0435445426940917,9.789142400360106
1732511495099946000,43.43594604492188,0.0059855041503906,0.038905776977539,9.772831901550292
1732511495109880300,43.44588037109375,0.0166097740173339,0.060004679107666,9.778667768096923
1732511495119814100,43.45581420898438,0.0284311447143554,0.0725742378234863,9.798868844604492
1732511495129748200,43.46574829101562,0.0079307929992675,0.0897825622558593,9.80006594543457
1732511495139683000,43.47568310546875,0.0353144744873046,0.131531453704834,9.804106160736085
1732511495149617200,43.4856171875,0.0089782562255859,0.141706810760498,9.797073193359374
1732511495159551200,43.49555126953125,0.0140659347534179,0.1562216583251953,9.815927531433104
1732511495169485000,43.50548510742188,0.0082300682067871,0.1779191108703613,9.83163947982788
1732511495179419100,43.51541918945313,0.0028431144714355,0.1846528030395507,9.74140800476074
1732511495189354200,43.52535424804688,-0.0010474632263183,0.1880944679260253,9.821164847564695
1732511495199288000,43.5352880859375,0.0212485397338867,0.1575683967590332,9.950751012420652
1732511495209222100,43.54522216796875,0.014664485168457,0.1388636962890625,9.749787710571288
1732511495219156000,43.555156005859374,-0.0020949264526367,0.1227028350830078,9.632022916412351
1732511495229091000,43.56509106445313,0.0245405670166015,0.0971148048400878,9.715221424102785
1732511495239025200,43.57502514648438,0.0463876571655273,0.0840963333129882,9.7553243019104
1732511495248959000,43.584958984375,0.0145148475646972,0.0740706138610839,9.766098209381102
1732511495258893000,43.59489306640625,-0.0020949264526367,0.0802057556152343,9.83852280960083
1732511495268828200,43.604828125,-0.0139162971496582,0.0812532188415527,9.872939458465575
1732511495278762000,43.61476196289063,-0.0040402153015136,0.1028010337829589,9.847351428222655
1732511495288696000,43.62469604492188,0.0098760818481445,0.1074397994995117,9.804106160736085
1732511495298630000,43.6346298828125,0.0347159240722656,0.1019032081604003,9.78629928588867
1732511495308565200,43.64456518554688,0.0215478149414062,0.1274912384033203,9.81338369216919
1732511495318499000,43.6544990234375,0.0218470901489257,0.1502361541748046,9.812186591339112
1732511495328433200,43.66443310546875,0.0209492645263671,0.1545756446838379,9.829095640563963
1732511495338367200,43.6743671875,0.0387561393737792,0.1587654975891113,9.81906992111206
1732511495348302000,43.68430200195313,0.045938744354248,0.1351227561950683,9.823409411621093
1732511495358236200,43.69423608398437,0.062548518371582,0.1224035598754882,9.831040929412842
1732511495368170000,43.704169921875,0.07018003616333,0.1243488487243652,9.809343476867674
1732511495378104300,43.71410424804687,0.062548518371582,0.1137245788574218,9.791835877227784
1732511495388038100,43.7240380859375,0.0680851097106933,0.1039981346130371,9.749937348175049
1732511495397973000,43.73397290039063,0.0543184501647949,0.1099836387634277,9.710881933593749
1732511495407907000,43.74390698242188,0.0158615859985351,0.1023521209716796,9.661202249145507
1732511495417841200,43.75384106445313,0.0032920272827148,0.0896329246520996,9.67137760620117
1732511495427775200,43.76377514648438,0.0125695587158203,0.079756842803955,9.82460651245117
1732511495437710000,43.7737099609375,0.038905776977539,0.0821510444641113,9.93473978881836
1732511495447644200,43.78364404296875,0.0468365699768066,0.0978629928588867,9.9215716796875
1732511495457578200,43.793578125,0.0359130249023437,0.1041477722167968,9.83223803024292
1732511495467512000,43.803511962890624,-0.0046387657165527,0.1267430503845214,9.77447791519165
1732511495477447000,43.81344702148437,-0.0456394691467285,0.1394622467041015,9.558999765777587
1732511495487381200,43.82338134765625,-0.0932242271423339,0.1622071624755859,9.470414304351806
1732511495497315000,43.83331518554687,-0.0788590171813964,0.1194108078002929,9.814730430603026
1732511495507249200,43.84324926757812,0.0840963333129882,0.0662894584655761,10.070760370635986
1732511495517184000,43.85318408203125,0.1530792686462402,0.033818098449707,9.992948816680908
1732511495527118000,43.8631181640625,0.1592144104003906,0.0143652099609375,9.638158058166503
1732511495537052200,43.87305224609375,0.1140238540649414,0.029328970336914,9.501538925933838
1732511495546986000,43.88298608398438,0.0320224472045898,0.0682347473144531,9.690531219482422
1732511495556920000,43.89292016601563,0.0067336921691894,0.0873883605957031,9.85767642288208
1732511495566855200,43.902855224609375,-0.0377086761474609,0.0969651672363281,9.910648134613036
1732511495576789200,43.91278930664063,0.0032920272827148,0.1352723937988281,9.89463691101074
1732511495586723000,43.92272314453125,0.0176572372436523,0.1637035385131836,9.860818812561035
1732511495596657200,43.9326572265625,0.0341173736572265,0.1711854187011718,9.851391643524169
1732511495606592300,43.94259228515625,0.0697311233520507,0.1735796203613281,9.801711959075927
1732511495616526000,43.95252612304687,0.0754173522949218,0.1741781707763671,9.782857621002195
1732511495626460200,43.96246020507812,0.0784101043701171,0.1426046363830566,9.76894132385254
1732511495636394000,43.97239404296875,0.0465372947692871,0.1123778404235839,9.81847137069702
1732511495646329000,43.9823291015625,0.0131681091308593,0.1099836387634277,9.82505542526245
1732511495656263200,43.99226318359375,-0.0103249946594238,0.0900818374633789,9.85124200592041
1732511495666197000,44.00219702148438,-0.0451905563354492,0.0719756874084472,9.876979673767089
1732511495676131000,44.01213110351563,-0.0550666381835937,0.0594061286926269,9.892841259765625
1732511495686066000,44.02206591796875,-0.0466869323730468,0.0369604881286621,9.845256501770018
1732511495695999700,44.031999755859374,-0.0291793327331542,0.0215478149414062,9.798719207000731
1732511495705934000,44.04193408203125,-0.0148141227722167,0.021697452545166,9.77358008956909
1732511495715868000,44.05186791992188,0.0062847793579101,0.0110731826782226,9.759364517211914
1732511495725803000,44.06180297851562,0.034416648864746,0.0176572372436523,9.778967043304442
1732511495735736800,44.07173681640625,0.0264858558654785,0.0544680877685546,9.7806130569458
1732511495745671000,44.0816708984375,0.0218470901489257,0.0830488700866699,9.797522106170652
1732511495755605000,44.09160498046875,0.0059855041503906,0.1017535705566406,9.827150351715089
1732511495765538800,44.10153881835937,-0.0107739074707031,0.1267430503845214,9.846752877807615
1732511495775474000,44.11147387695313,-0.0071826049804687,0.15322890625,9.84480758895874
1732511495785408000,44.12140795898438,0.0106242698669433,0.1589151351928711,9.748141696929933
1732511495795342000,44.13134204101563,0.0046387657165527,0.163404263305664,9.789142400360106
1732511495805276000,44.14127587890625,0.0272340438842773,0.1367687698364257,9.936685077667237
1732511495815211000,44.1512109375,0.0332195480346679,0.0755669898986816,9.758765966796874
1732511495825145000,44.16114501953125,-0.0079307929992675,0.0664390960693359,9.635763856506347
1732511495835079000,44.17107885742188,0.0324713600158691,0.0802057556152343,9.69771382446289
1732511495845013000,44.181012939453126,0.0387561393737792,0.0643441696166992,9.759065242004391
1732511495854948000,44.19094799804687,0.0203507141113281,0.0579097526550293,9.799317757415771
1732511495864882000,44.2008818359375,0.0007481880187988,0.0662894584655761,9.863063376617433
1732511495874816000,44.21081591796875,0.002543839263916,0.0785597419738769,9.841216286468503
1732511495884749800,44.22074975585937,0.0077811553955078,0.0671872840881347,9.81802245788574
1732511495894685000,44.23068481445313,0.0269347686767578,0.0703296737670898,9.83852280960083
1732511495904619000,44.24061889648438,0.0438438179016113,0.086191259765625,9.861417362976074
1732511495914552800,44.250552734375,0.0594061286926269,0.1011550201416015,9.873986921691897
1732511495924487000,44.26048681640625,0.0646434448242187,0.1212064590454101,9.830442378997802
1732511495934421000,44.2704208984375,0.040851065826416,0.1167173309326171,9.816974994659423
1732511495944355800,44.28035595703125,0.0632967063903808,0.1167173309326171,9.781959795379638
1732511495954290000,44.2902900390625,0.0507271476745605,0.103399584197998,9.764152920532226
1732511495964223700,44.3002236328125,0.0646434448242187,0.0715267745971679,9.78166052017212
1732511495974158000,44.31015795898438,0.0540191749572753,0.0531213493347167,9.82550433807373
1732511495984093000,44.32009301757813,0.0550666381835937,0.0573112022399902,9.775525378417967
1732511495994027000,44.330027099609374,0.0294786079406738,0.0767640907287597,9.7162688873291
1732511496003960800,44.3399609375,0.0213981773376464,0.0585083030700683,9.676465284729003
1732511496013895000,44.34989501953125,0.0148141227722167,0.052971711730957,9.681104050445557
1732511496023830000,44.359830078125,-0.0002992752075195,0.0567126518249511,9.78629928588867
1732511496033763800,44.36976391601563,0.017208324432373,0.0525227989196777,9.907206469726562
1732511496043698000,44.37969799804687,0.0209492645263671,0.0462380195617675,9.890447058105469
1732511496053632000,44.38963208007812,0.0011971008300781,0.0469862075805664,9.81996774673462
1732511496063566800,44.39956689453125,0.010175357055664,0.0731727882385253,9.747393508911133
1732511496073501000,44.4095009765625,-0.0302267959594726,0.1101332763671874,9.469217203521728
1732511496083435000,44.41943505859375,-0.0899321998596191,0.1382651458740234,9.578153379058838
1732511496093369000,44.429369140625,0.0029927520751953,0.0831985076904296,9.93429087600708
1732511496103304000,44.43930395507813,0.1087865379333496,0.0290296951293945,10.027215827941896
1732511496113237800,44.44923779296875,0.1256955871582031,-0.0151133979797363,9.83178911743164
1732511496123172000,44.45917211914063,0.1244984863281249,-0.0058358665466308,9.598204817962646
1732511496133106000,44.46910595703125,0.0502782348632812,0.0264858558654785,9.618405894470214
1732511496143040800,44.47904077148438,-0.0049380409240722,0.0661398208618164,9.758017778778076
1732511496152974800,44.48897485351562,-0.0435445426940917,0.0781108291625976,9.81921955871582
1732511496162909000,44.49890893554687,-0.0321720848083496,0.0944213279724121,9.843460850524902
1732511496172843000,44.50884301757812,-0.0166097740173339,0.1337760177612304,9.841814836883543
1732511496182776800,44.51877685546875,0.0059855041503906,0.1616086120605468,9.819668471527098
1732511496192712200,44.52871215820313,0.0474351203918457,0.1614589744567871,9.790638776397705
1732511496202646000,44.53864599609375,0.0851437965393066,0.1458966636657714,9.788843125152589
1732511496212579800,44.54857983398438,0.096366616821289,0.151283617401123,9.82520506286621
1732511496222514000,44.55851391601563,0.081702131652832,0.1252466743469238,9.84540613937378
1732511496232449000,44.568448974609375,0.0448912811279296,0.1143231292724609,9.825953250885007
1732511496242383000,44.57838305664063,0.0014963760375976,0.1048959602355956,9.814131880187988
1732511496252317000,44.58831689453125,-0.0478840332031249,0.08933364944458,9.822810861206056
1732511496262251000,44.5982509765625,-0.048482583618164,0.0851437965393066,9.84376012573242
1732511496272186000,44.60818603515625,-0.0442927307128906,0.0489314964294433,9.816526081848144
1732511496282120000,44.61811987304687,-0.0383072265625,0.0261865806579589,9.79258406524658
1732511496292054000,44.62805395507812,0.0044891281127929,0.0332195480346679,9.771634800720214
1732511496301987800,44.63798779296875,0.0116717330932617,0.0418985290527343,9.776123928833009
1732511496311923000,44.6479228515625,0.0401028778076171,0.045938744354248,9.788843125152589
1732511496321857000,44.65785693359375,0.0481833084106445,0.0972644424438476,9.784054721832277
1732511496331790800,44.66779077148438,0.0284311447143554,0.1198597206115722,9.784802909851074
1732511496341725000,44.67772485351563,0.0240916542053222,0.1707365058898925,9.814131880187988
1732511496351660000,44.687659912109375,0.0278325942993164,0.1984194625854492,9.83134020462036
1732511496361593900,44.69759375,0.0469862075805664,0.2115875717163085,9.85094273071289
1732511496371528000,44.70752783203125,0.0534206245422363,0.2332850242614746,9.818321733093262
1732511496381461800,44.71746166992188,0.060603229522705,0.2265513320922851,9.684246440124513
1732511496391397000,44.72739721679688,0.0326209976196289,0.2373252395629882,9.777021754455566
1732511496401331000,44.7373310546875,0.0203507141113281,0.2041056915283203,9.867103591918944
1732511496411265000,44.74726513671875,0.0279822319030761,0.1351227561950683,9.701155489349365
1732511496421198800,44.75719873046875,0.0404021530151367,0.1010053825378417,9.62828197631836
1732511496431133000,44.7671328125,0.0881365486145019,0.0960673416137695,9.66539210205078
1732511496441068000,44.77706811523438,0.0742202514648437,0.0896329246520996,9.837624983978271
1732511496451001900,44.787001953125,0.0613514175415039,0.0899321998596191,9.944316595458984
1732511496460936200,44.79693627929687,0.0471358451843261,0.1213560966491699,9.88191771469116
1732511496470870000,44.8068701171875,0.0348655616760253,0.1277905136108398,9.806949275207518
1732511496480804900,44.81680493164063,0.0368108505249023,0.141706810760498,9.810989490509032
1732511496490739000,44.82673901367188,0.0547673629760742,0.175524909210205,9.85692823486328
1732511496500673000,44.83667309570313,0.0649427200317382,0.2032078659057617,9.866953954315186
1732511496510607000,44.84660717773438,0.0659901832580566,0.2335842994689941,9.8326869430542
1732511496520542000,44.8565419921875,0.0626981559753418,0.2379237899780273,9.794529354095458
1732511496530475800,44.86647583007812,0.0641945320129394,0.2416647300720214,9.784204359436034
1732511496540410000,44.87641015625,0.0788590171813964,0.239420166015625,9.798569569396973
1732511496550344000,44.886343994140624,0.0920271263122558,0.2130839477539062,9.79378116607666
1732511496560278800,44.89627880859375,0.079158292388916,0.1846528030395507,9.80575217437744
1732511496570212900,44.906212890625,0.1029506713867187,0.1511339797973632,9.820715934753418
1732511496580147000,44.91614697265625,0.1095347259521484,0.1464952140808105,9.840917011260986
1732511496590081000,44.9260810546875,0.1092354507446289,0.1451484756469726,9.824007962036132
1732511496600016000,44.93601586914063,0.086789810180664,0.1479915901184082,9.777321029663083
1732511496609950000,44.94594995117188,0.0682347473144531,0.1586158599853515,9.701305126953123
1732511496619884000,44.95588403320313,0.0635959815979003,0.1638531761169433,9.692476508331298
1732511496629817900,44.96581787109375,0.0612017799377441,0.1602618736267089,9.721057290649414
1732511496639753000,44.9757529296875,0.0665887336730957,0.160860424041748,9.733327574157714
1732511496649687000,44.98568701171875,0.052971711730957,0.1556231079101562,9.760561618041992
1732511496659621000,44.99562109375,0.0410007034301757,0.1665466529846191,9.752481187438963
1732511496669555000,45.005554931640624,0.0514753356933593,0.1762730972290039,9.789890588378906
1732511496679490600,45.01549047851562,0.0897825622558593,0.1854009910583496,9.848249253845214
1732511496689424600,45.02542456054688,0.0788590171813964,0.2078466316223144,9.911545960235594
1732511496699358500,45.0353583984375,0.0881365486145019,0.2292448089599609,9.906159006500245
1732511496709292300,45.04529223632812,0.0915782135009765,0.2415150924682617,9.86411083984375
1732511496719226600,45.0552265625,0.0511760604858398,0.2296937217712402,9.817124632263184
1732511496729161500,45.06516137695313,0.036361937713623,0.2305915473937988,9.73048445968628
1732511496739095600,45.07509545898437,0.0311246215820312,0.2594716049194335,9.450662140655515
1732511496749029400,45.085029296875,-0.029328970336914,0.2286462585449218,9.585335984039306
1732511496758963700,45.09496362304687,0.0779611915588378,0.1580173095703125,9.94012674255371
1732511496768898600,45.10489868164063,0.2353799507141113,0.0872387229919433,10.04891328048706
1732511496778832400,45.11483227539063,0.2461538581848144,0.0585083030700683,9.802609784698486
1732511496788766500,45.12476635742188,0.1773205604553222,0.0526724365234375,9.523236378479004
1732511496798700500,45.13470043945313,0.1029506713867187,0.1036988594055175,9.634716393280028
1732511496808635400,45.14463549804688,0.0258873054504394,0.1446995628356933,9.85019454269409
1732511496818569500,45.154569580078125,0.0052373161315917,0.1741781707763671,9.92740754623413
1732511496828503600,45.164503662109375,-0.002543839263916,0.2277484329223632,9.859172798919678
1732511496838437600,45.17443774414063,0.0145148475646972,0.2606687057495117,9.837176071166992
1732511496848372500,45.18437255859375,0.038905776977539,0.2986766571044921,9.868450330352784
1732511496858306300,45.19430639648437,0.0652419952392578,0.3007715835571289,9.8442090385437
1732511496868240600,45.20424072265625,0.1029506713867187,0.28730419921875,9.820865572357176
1732511496878174500,45.21417456054687,0.1439513748168945,0.2780266677856445,9.810989490509032
1732511496888109600,45.22410961914063,0.1433528244018554,0.2519897247314453,9.841365924072266
1732511496898043400,45.23404345703125,0.0980126304626464,0.2210147407531738,9.833584768676758
1732511496907977500,45.2439775390625,0.0472854827880859,0.1957259857177734,9.823259774017334
1732511496917911600,45.25391162109375,0.0341173736572265,0.1725321571350097,9.822661223602294
1732511496927846400,45.26384643554688,0.0353144744873046,0.1620575248718261,9.822361948394777
1732511496937780500,45.273780517578125,0.0219967277526855,0.1527799934387207,9.795427179718017
1732511496947714600,45.283714599609375,0.033818098449707,0.1485901405334472,9.77492682800293
1732511496957648600,45.29364868164063,0.0885854614257812,0.1309329032897949,9.766846397399902
1732511496967583500,45.30358349609375,0.1090858131408691,0.1485901405334472,9.77417863998413
1732511496977517600,45.313517578125,0.0959177040100097,0.1707365058898925,9.788094937133788
1732511496987451600,45.32345166015625,0.1096843635559082,0.2009633018493652,9.798419931793212
1732511496997385500,45.33338549804687,0.0673369216918945,0.2328361114501953,9.795427179718017
1732511497007320300,45.3433203125,0.0595557662963867,0.2501940734863281,9.798419931793212
1732511497017254700,45.35325463867188,0.0613514175415039,0.2790741310119629,9.821913035583496
1732511497027188500,45.3631884765625,0.0612017799377441,0.287902749633789,9.83223803024292
1732511497037122600,45.37312255859375,0.0671872840881347,0.3034650604248046,9.822062673187256
1732511497047057400,45.38305737304688,0.1023521209716796,0.292391877746582,9.715520699310302
1732511497056991500,45.392991455078125,0.100855744934082,0.3034650604248046,9.722553666687013
1732511497066925600,45.402925537109375,0.0718260498046875,0.2925415153503418,9.854833308410644
1732511497076859400,45.412859375,0.0483329460144042,0.24256255569458,9.731980835723876
1732511497086794500,45.42279443359375,0.050427872467041,0.2033575035095214,9.571120411682127
1732511497096728600,45.432728515625,0.1039981346130371,0.1809118629455566,9.688137017822266
1732511497106662400,45.44266235351562,0.1663970153808593,0.1767220100402832,9.898826763916016
1732511497116596500,45.45259643554687,0.1473930397033691,0.1695394050598144,9.911994873046874
1732511497126531600,45.46253149414063,0.1101332763671874,0.1813607757568359,9.805003986358642
1732511497136465700,45.47246557617188,0.043993455505371,0.2056020675659179,9.73587141342163
1732511497146399500,45.4823994140625,0.0407014282226562,0.2422632804870605,9.810989490509032
1732511497156333600,45.49233349609375,0.0710778617858886,0.2760813789367675,9.878027136993408
1732511497166267400,45.50226733398438,0.1080383499145507,0.3013701339721679,9.912144510650634
1732511497176202500,45.512202392578125,0.120009358215332,0.2995744827270508,9.852588744354248
1732511497186136600,45.522136474609376,0.1385644210815429,0.3058592620849609,9.787496386718749
1732511497196070400,45.5320703125,0.1222539222717285,0.3181295455932617,9.739612353515623
1732511497206004500,45.54200439453125,0.1246481239318847,0.2985270195007324,9.773879364776612
1732511497215939600,45.55193969726562,0.1334767425537109,0.2859574607849121,9.795876092529296
1732511497225873400,45.56187329101562,0.1150713172912597,0.2693476867675781,9.783156896209716
1732511497235807500,45.57180737304687,0.117465518951416,0.2365770515441894,9.79378116607666
1732511497245741600,45.58174145507813,0.137217682647705,0.2051531547546386,9.8204166595459
1732511497255676400,45.59167651367188,0.1424549987792968,0.199167650604248,9.827000714111328
1732511497265610500,45.60161059570312,0.1349731185913086,0.2082955444335937,9.76220763168335
1732511497275544300,45.61154443359375,0.1038484970092773,0.2192190895080566,9.719860189819336
1732511497285478700,45.62147875976562,0.0875379981994628,0.2139817733764648,9.695618898010252
1732511497295413500,45.63141357421875,0.0764648155212402,0.2392705284118652,9.766846397399902
1732511497305347300,45.641347412109376,0.0769137283325195,0.2516904495239258,9.821464122772216
1732511497315281400,45.65128149414063,0.0954687911987304,0.2403179916381835,9.81951883392334
1732511497325215500,45.66121557617188,0.091278938293457,0.2409165420532226,9.792284790039062
1732511497335150600,45.67115063476562,0.1022024833679199,0.2744353652954101,9.798868844604492
1732511497345084400,45.68108447265625,0.1128267532348632,0.2675520355224609,9.798868844604492
1732511497355018500,45.6910185546875,0.1140238540649414,0.2717418884277343,9.808744926452636
1732511497364952600,45.70095263671875,0.1086369003295898,0.2762310165405273,9.802909059906003
1732511497374887400,45.71088745117188,0.103399584197998,0.2825157958984375,9.810390940093994
1732511497384821500,45.72082153320312,0.1213560966491699,0.2914940521240234,9.787945299530028
1732511497394755600,45.73075561523437,0.122553197479248,0.2843114471435546,9.7821094329834
1732511497404689700,45.74068969726562,0.1262941375732421,0.2665045722961425,9.790189863586424
1732511497414624500,45.75062451171875,0.1319803665161132,0.2798223190307617,9.802909059906003
1732511497424558300,45.760558349609376,0.1475426773071289,0.2650081962585449,9.79916811981201
1732511497434492700,45.77049267578125,0.1363198570251464,0.2605190681457519,9.79333225326538
1732511497444426500,45.78042651367188,0.1393126091003418,0.2578255912780761,9.798419931793212
1732511497454361300,45.790361328125,0.1280897888183593,0.2522889999389648,9.791237326812745
1732511497464295400,45.80029541015625,0.1189618949890136,0.2539350135803223,9.786000010681152
1732511497474229500,45.8102294921875,0.0984615432739257,0.2489969726562499,9.792434427642824
1732511497484163600,45.82016357421875,0.1138742164611816,0.2503437110900878,9.78121160736084
1732511497494098400,45.83009838867188,0.1167173309326171,0.2464531333923339,9.782408708190918
1732511497504032500,45.84003247070312,0.1134253036499023,0.256029940032959,9.784503634643556
1732511497513966600,45.84996655273437,0.1176151565551757,0.2703951499938964,9.810839852905271
1732511497523900400,45.859900390625,0.0875379981994628,0.2711433380126953,9.798270294189452
1732511497533835500,45.86983544921875,0.1050455978393554,0.2668038475036621,9.815777893829344
1732511497543769600,45.87976953125,0.0935235023498535,0.2829647087097168,9.8319387550354
1732511497553703400,45.88970336914063,0.112976390838623,0.2769792045593262,9.81188731613159
1732511497563637500,45.89963745117188,0.1123778404235839,0.2883516624450683,9.756820677947998
1732511497573572400,45.909572265625,0.1215057342529296,0.282815071105957,9.720159465026857
1732511497583506700,45.91950659179688,0.1135749412536621,0.2588730545043945,9.722254391479492
1732511497593440500,45.9294404296875,0.098910456085205,0.2403179916381835,9.77402900238037
1732511497603374600,45.93937451171875,0.1002571945190429,0.2403179916381835,9.848099616241454
1732511497613309400,45.94930932617188,0.1017535705566406,0.2440589317321777,9.878027136993408
1732511497623243500,45.95924340820312,0.1319803665161132,0.2401683540344238,9.876979673767089
1732511497633177600,45.96917749023437,0.120607908630371,0.2503437110900878,9.826701438903807
1732511497643111400,45.979111328125,0.1233013854980468,0.2787748558044433,9.777470667266844
1732511497653046500,45.98904663085938,0.1001075569152832,0.3101987525939941,9.774777190399169
1732511497662980600,45.99898071289063,0.0858919845581054,0.3187280960083007,9.811139128112792
1732511497672914400,46.00891455078125,0.0670376464843749,0.3209726600646972,9.738564890289306
1732511497682849000,46.01884912109375,0.0469862075805664,0.3356371452331543,9.472359593200682
1732511497692783900,46.02878393554688,-0.0044891281127929,0.3203741096496582,9.581744681549072
1732511497702717700,46.0387177734375,0.1050455978393554,0.2477998718261718,9.923217693328857
1732511497712651800,46.04865185546875,0.1848024406433105,0.1909375823974609,10.127473022460936
1732511497722585900,46.0585859375,0.1862988166809082,0.1571194839477539,9.879074600219726
1732511497732520700,46.06852075195312,0.1665466529846191,0.1595136856079101,9.539247602081298
1732511497742454800,46.07845483398437,0.0992097312927246,0.2073977188110351,9.546579844665526
1732511497752388600,46.088388671875,0.0820014068603515,0.2325368362426757,9.78674819869995
1732511497762323000,46.09832299804688,0.0553659133911132,0.2359785011291503,9.948356810760496
1732511497772257800,46.1082578125,0.0471358451843261,0.2522889999389648,9.905111543273923
1732511497782191900,46.11819189453125,0.0546177253723144,0.2804208694458007,9.83897172241211
1732511497792126000,46.1281259765625,0.0915782135009765,0.3142389678955078,9.830592016601562
1732511497802059800,46.13805981445312,0.1324292793273925,0.3078045509338378,9.840917011260986
1732511497811995000,46.14799487304688,0.1310825408935546,0.3125929542541503,9.835829332733152
1732511497821928700,46.1579287109375,0.1491886909484863,0.3238157745361328,9.864559752655028
1732511497831863000,46.16786303710938,0.1657984649658203,0.2880523872375488,9.862165550994872
1732511497841796900,46.177796875,0.1725321571350097,0.2600701553344726,9.823110136413574
1732511497851731700,46.18773168945312,0.1602618736267089,0.2479495094299316,9.803058697509766
1732511497861665800,46.19766577148437,0.1146224044799804,0.2299929969787597,9.81248586654663
1732511497871599900,46.20759985351562,0.1168669685363769,0.213832135772705,9.803208335113524
1732511497881534000,46.21753393554688,0.0855927093505859,0.1937806968688964,9.784054721832277
1732511497891468800,46.22746875,0.0884358238220214,0.1698386802673339,9.796175367736817
1732511497901402600,46.23740258789063,0.0951695159912109,0.1877951927185058,9.773729727172851
1732511497911337000,46.2473369140625,0.101454295349121,0.1771709228515625,9.784653272247311
1732511497921270800,46.25727075195312,0.1017535705566406,0.1981201873779296,9.775226103210448
1732511497931205600,46.26720556640625,0.1056441482543945,0.1985691001892089,9.801263046264648
1732511497941140000,46.27713989257813,0.0812532188415527,0.2094926452636718,9.7936315284729
1732511497951073800,46.28707373046875,0.0864905349731445,0.2479495094299316,9.797821381378172
1732511497961007900,46.2970078125,0.0752677146911621,0.2672527603149414,9.803806885528564
1732511497970942700,46.30694262695312,0.0840963333129882,0.2895487632751464,9.809942027282714
1732511497980876800,46.31687670898437,0.1143231292724609,0.2819172454833984,9.775974291229248
1732511497990811000,46.326810791015625,0.131531453704834,0.294935717010498,9.695618898010252
1732511498000744700,46.33674462890625,0.1390133338928222,0.3085527389526367,9.782259070587155
1732511498010679800,46.3466796875,0.105344873046875,0.2979284690856933,9.836278245544433
1732511498020614000,46.35661376953125,0.072723875427246,0.2599205177307129,9.655516020202636
1732511498030548000,46.3665478515625,0.0818517692565918,0.2193687271118164,9.643245736694336
1732511498040481800,46.37648168945312,0.1590647727966308,0.1996165634155273,9.867103591918944
1732511498050416600,46.38641674804688,0.2009633018493652,0.189590843963623,9.961824195098876
1732511498060351000,46.39635107421875,0.1843535278320312,0.1693897674560547,9.792284790039062
1732511498070284800,46.40628491210938,0.141706810760498,0.1999158386230468,9.657162033843994
1732511498080219000,46.41621899414063,0.101454295349121,0.2246060432434082,9.673622170257568
1732511498090154000,46.426154052734375,0.08933364944458,0.218321263885498,9.798270294189452
1732511498100087800,46.436087890625,0.1125274780273437,0.2404676292419433,9.931896674346923
1732511498110022000,46.44602197265625,0.1173158813476562,0.2455553077697753,9.962722020721436
1732511498119955700,46.45595581054688,0.1385644210815429,0.2691980491638183,9.873089096069336
1732511498129890800,46.46589086914062,0.1572691215515136,0.2659060218811035,9.772083713531494
1732511498139825000,46.47582495117187,0.163404263305664,0.2714426132202148,9.733028298950195
1732511498149758700,46.4857587890625,0.1565209335327148,0.2558803024291992,9.75592285232544
1732511498159692800,46.49569287109375,0.1470937644958496,0.2401683540344238,9.80679963760376
1732511498169628000,46.5056279296875,0.1598129608154296,0.2237082176208496,9.8204166595459
1732511498179561700,46.51556176757813,0.1649006393432617,0.1889922935485839,9.822661223602294
1732511498189495800,46.52549584960938,0.1753752716064453,0.1807622253417968,9.81906992111206
1732511498199429600,46.5354296875,0.1643020889282226,0.1753752716064453,9.828946002960205
1732511498209365000,46.545364990234376,0.1731307075500488,0.1928828712463378,9.81188731613159
1732511498219298800,46.555298828125,0.1617582496643066,0.1831564270019531,9.744400756835937
1732511498229233000,46.56523291015625,0.1258452247619629,0.201112939453125,9.707589906311034
1732511498239166700,46.57516674804688,0.1068412490844726,0.2247556808471679,9.73632032623291
1732511498249101800,46.58510180664062,0.100855744934082,0.2060509803771972,9.776423204040526
1732511498259036000,46.59503588867187,0.1026513961791992,0.2059013427734375,9.808445651245115
1732511498268969700,46.6049697265625,0.1244984863281249,0.2123357597351074,9.803357972717285
1732511498278903800,46.61490380859375,0.1274912384033203,0.2085948196411132,9.798569569396973
1732511498288839000,46.6248388671875,0.1288379768371582,0.2220622039794921,9.81921955871582
1732511498298772700,46.63477270507813,0.1363198570251464,0.2045546043395996,9.81862100830078
1732511498308706800,46.64470678710938,0.1297358024597167,0.2252045936584472,9.810241302490232
1732511498318640600,46.654640625,0.1147720420837402,0.2293944465637206,9.797372468566897
1732511498328575700,46.66457568359375,0.139761521911621,0.2192190895080566,9.810540577697754
1732511498338509800,46.674509765625,0.1294365272521972,0.2235585800170898,9.811438403320311
1732511498348443600,46.684443603515625,0.1449988380432128,0.2108393836975097,9.811139128112792
1732511498358378000,46.6943779296875,0.1319803665161132,0.2139817733764648,9.810540577697754
1732511498368312800,46.70431274414062,0.1330278297424316,0.2204161903381347,9.811588040924072
1732511498378247000,46.71424682617187,0.1646013641357421,0.2051531547546386,9.814281517791748
1732511498388180700,46.7241806640625,0.1773205604553222,0.1973719993591308,9.808595288848876
1732511498398114800,46.73411474609375,0.1732803451538085,0.2032078659057617,9.79303297805786
1732511498408050000,46.7440498046875,0.1677437538146972,0.1830067893981933,9.738415252685549
1732511498417983700,46.75398364257813,0.1587654975891113,0.18510171585083,9.709235919952391
1732511498427917800,46.76391772460938,0.1414075355529785,0.1705868682861328,9.76160908126831
1732511498437852000,46.77385180664062,0.1185129821777343,0.1756745468139648,9.824756150054933
1732511498447786800,46.783786865234376,0.1400607971191406,0.1750759963989257,9.880122063446043
1732511498457720800,46.793720947265626,0.1452981132507324,0.1696890426635742,9.913341611480712
1732511498467655000,46.80365502929688,0.1649006393432617,0.1873462799072265,9.862015913391112
1732511498477589000,46.81358911132813,0.1637035385131836,0.2277484329223632,9.788992762756347
1732511498487523800,46.82352392578125,0.1313818161010742,0.2457049453735351,9.743502931213378
1732511498497457700,46.83345776367187,0.1143231292724609,0.2467524085998535,9.78166052017212
1732511498507392000,46.84339208984375,0.0899321998596191,0.2334346618652343,9.802609784698486
1732511498517325800,46.853325927734375,0.0742202514648437,0.2289455337524414,9.593865327453612
1732511498527260700,46.8632607421875,0.0582090278625488,0.220865103149414,9.599102643585203
1732511498537194800,46.87319482421875,0.1013046577453613,0.1782183860778808,9.942072031402589
1732511498547128800,46.88312890625,0.2144306861877441,0.1376665954589843,10.092008910369872
1732511498557063000,46.89306298828125,0.2406172668457031,0.1339256553649902,10.002974536132813
1732511498566997800,46.902997802734376,0.2105401084899902,0.1288379768371582,9.619902270507811
1732511498576931800,46.91293188476563,0.1592144104003906,0.1298854400634765,9.45470235595703
1732511498586866000,46.92286596679688,0.1126771156311035,0.1475426773071289,9.612719665527344
1732511498596799700,46.9327998046875,0.0685340225219726,0.1566705711364746,9.842413387298585
1732511498606734800,46.94273486328125,0.0902314750671386,0.1484405029296875,9.910199221801758
1732511498616669000,46.9526689453125,0.1098340011596679,0.1649006393432617,9.854982946014404
1732511498626603000,46.96260302734375,0.1340752929687499,0.2103904708862304,9.78629928588867
1732511498636536800,46.972536865234375,0.1744774459838867,0.2207154655456542,9.816974994659423
1732511498646471700,46.9824716796875,0.1604115112304687,0.2338835746765136,9.83852280960083
1732511498656406000,46.99240600585937,0.1818096885681152,0.2530371879577636,9.846303964996338
1732511498666339800,47.00233984375,0.1771709228515625,0.2504933486938476,9.823559049224851
1732511498676274000,47.01227392578125,0.1924339584350586,0.2412158172607421,9.822361948394777
1732511498686208000,47.0222080078125,0.194678522491455,0.2232593048095703,9.827299989318847
1732511498696142000,47.03214208984375,0.1657984649658203,0.2027589530944824,9.802909059906003
1732511498706076000,47.04207592773437,0.1484405029296875,0.1849520782470703,9.786448923492433
1732511498716009700,47.052009765625,0.1189618949890136,0.1473930397033691,9.766846397399902
1732511498725945000,47.06194506835938,0.1010053825378417,0.1212064590454101,9.797821381378172
1732511498735879000,47.07187890625,0.0921767639160156,0.1246481239318847,9.803507610321043
1732511498745813000,47.08181298828125,0.1050455978393554,0.120009358215332,9.789441675567629
1732511498755746800,47.09174682617188,0.1137245788574218,0.1141734916687011,9.773879364776612
1732511498765682000,47.101681884765625,0.1246481239318847,0.1259948623657226,9.776872116851806
1732511498775616000,47.11161596679688,0.1258452247619629,0.1580173095703125,9.789591313171384
1732511498785549800,47.1215498046875,0.1599625984191894,0.1824082389831542,9.81293477935791
1732511498795484200,47.13148413085938,0.1575683967590332,0.2097919204711913,9.822212310791016
1732511498805419000,47.1414189453125,0.1702875930786132,0.2302922721862793,9.813234054565427
1732511498815352800,47.15135278320312,0.1672948410034179,0.2497451606750488,9.812036953735351
1732511498825287000,47.16128686523437,0.1943792472839355,0.2542342887878417,9.802460147094726
1732511498835222000,47.17122192382813,0.1949777976989746,0.2654571090698242,9.715371061706543
1732511498845155800,47.18115576171875,0.1616086120605468,0.2602197929382324,9.826851076507568
1732511498855090000,47.19108984375,0.1506850669860839,0.24256255569458,9.853636207580566
1732511498865023700,47.20102368164063,0.1244984863281249,0.2018611274719238,9.648782328033446
1732511498874959000,47.210958984375,0.1677437538146972,0.163404263305664,9.72330185470581
1732511498884893000,47.220892822265625,0.2244564056396484,0.139761521911621,9.898377851104735
1732511498894827000,47.23082690429688,0.2359785011291503,0.1265934127807617,9.875034384918212
1732511498904760800,47.2407607421875,0.2039560539245605,0.1342249305725097,9.719112001800536
1732511498914696000,47.250696044921874,0.1469441268920898,0.146195938873291,9.650129066467285
1732511498924630000,47.26063012695312,0.10848726272583,0.1526303558349609,9.713425772857663
1732511498934563800,47.27056372070312,0.0929249519348144,0.1744774459838867,9.843460850524902
1732511498944498200,47.280498291015626,0.120009358215332,0.1945288848876953,9.941174205780028
1732511498954433000,47.29043310546875,0.1451484756469726,0.2084451820373535,9.887753581237792
1732511498964366800,47.30036694335938,0.1768716476440429,0.2316390106201172,9.811588040924072
1732511498974301000,47.31030102539062,0.1842038902282714,0.2406172668457031,9.810839852905271
1732511498984235000,47.32023510742187,0.1924339584350586,0.2198176399230957,9.815328981018066
1732511498994169900,47.330169921875,0.2142810485839843,0.2060509803771972,9.81921955871582
1732511499004104000,47.34010400390625,0.2166752502441406,0.1981201873779296,9.815029705810549
1732511499014037800,47.35003784179688,0.2088940948486328,0.1785176612854004,9.822212310791016
1732511499023972000,47.35997216796875,0.184503165435791,0.1792658493041992,9.796175367736817
1732511499033907000,47.369906982421874,0.1996165634155273,0.1746270835876464,9.77492682800293
1732511499043840800,47.3798408203125,0.1806125877380371,0.1599625984191894,9.760561618041992
1732511499053774800,47.38977490234375,0.1737292579650878,0.1693897674560547,9.74799205932617
1732511499063709000,47.399708984375,0.1692401298522949,0.1620575248718261,9.766547122192382
1732511499073644000,47.40964404296875,0.1650502769470214,0.1584662223815917,9.776722479248049
1732511499083577900,47.41957788085937,0.1708861434936523,0.1809118629455566,9.789890588378906
1732511499093512000,47.42951196289062,0.141706810760498,0.1861491790771484,9.795576817321775
1732511499103446000,47.43944604492187,0.1677437538146972,0.1906383071899414,9.783905084228516
1732511499113380900,47.449380859375,0.1632546257019043,0.1880944679260253,9.804405435943602
1732511499123315000,47.45931494140625,0.1559223831176757,0.1864484542846679,9.803058697509766
1732511499133249000,47.4692490234375,0.1601122360229492,0.1873462799072265,9.806949275207518
1732511499143183000,47.47918310546875,0.1707365058898925,0.1913864952087402,9.810540577697754
1732511499153118000,47.489117919921874,0.1491886909484863,0.201711489868164,9.817723182678222
1732511499163051800,47.4990517578125,0.1596633232116699,0.2123357597351074,9.802909059906003
1732511499172986000,47.508986083984375,0.1708861434936523,0.2247556808471679,9.81877064590454
1732511499182920000,47.518919921875,0.1886930183410644,0.2094926452636718,9.807996738433838
1732511499192854800,47.52885473632813,0.1970727241516113,0.20425532913208,9.796923555755615
1732511499202789000,47.5387890625,0.1999158386230468,0.1942296096801757,9.810690215301513
1732511499212723000,47.54872290039062,0.1824082389831542,0.1958756233215332,9.80575217437744
1732511499222657000,47.55865698242187,0.1903390319824218,0.1725321571350097,9.805003986358642
1732511499232592000,47.568591796875,0.1705868682861328,0.1767220100402832,9.798569569396973
1732511499242526000,47.57852587890625,0.1725321571350097,0.1834557022094726,9.800814133453368
1732511499252460000,47.5884599609375,0.1632546257019043,0.1647510017395019,9.788094937133788
1732511499262393900,47.59839379882813,0.1731307075500488,0.1605611488342285,9.815328981018066
1732511499272329000,47.608328857421874,0.1641524513244628,0.1626560752868652,9.821913035583496
1732511499282263000,47.618262939453125,0.1481412277221679,0.1545756446838379,9.817423907470705
1732511499292196900,47.62819677734375,0.1705868682861328,0.1560720207214355,9.78046341934204
1732511499302132000,47.63813208007812,0.1454477508544921,0.1677437538146972,9.733626849365232
1732511499312065800,47.64806567382813,0.1455973884582519,0.1695394050598144,9.720608377838134
1732511499322000100,47.658000244140624,0.1375169578552246,0.1589151351928711,9.778218855285644
1732511499331934000,47.66793383789062,0.1363198570251464,0.1508347045898437,9.841216286468503
1732511499341868800,47.67786889648438,0.153827456665039,0.165349552154541,9.871742357635496
1732511499351803100,47.68780322265625,0.1574187591552734,0.1782183860778808,9.897330387878418
1732511499361737000,47.69773706054688,0.1743278083801269,0.1812111381530761,9.885359379577636
1732511499371671000,47.70767114257813,0.1849520782470703,0.1937806968688964,9.846752877807615
1732511499381606000,47.71760595703125,0.1556231079101562,0.1961748985290527,9.800365220642089
1732511499391540000,47.7275400390625,0.1102829139709472,0.2120364845275879,9.777470667266844
1732511499401474000,47.73747412109375,0.0827495948791503,0.2053027923583984,9.693972884368897
1732511499411408000,47.747407958984375,0.0665887336730957,0.2057517051696777,9.493757770538329
1732511499421343000,47.75734301757812,0.0612017799377441,0.1728314323425293,9.710881933593749
1732511499431277000,47.76727709960937,0.1479915901184082,0.1246481239318847,9.981875634002686
1732511499441211000,47.7772109375,0.2139817733764648,0.110432551574707,10.044274514770509
1732511499451145000,47.78714501953125,0.2139817733764648,0.0924760391235351,9.83238766784668
1732511499461079800,47.79707983398438,0.2082955444335937,0.0769137283325195,9.545532381439209
1732511499471014100,47.80701416015625,0.1503857917785644,0.0998082817077636,9.573065700531004
1732511499480948000,47.81694799804688,0.1149216796875,0.1171662437438964,9.7675945854187
1732511499490881800,47.8268818359375,0.1068412490844726,0.111031101989746,9.90825393295288
1732511499500817200,47.83681713867188,0.0947206031799316,0.1470937644958496,9.882216989898682
1732511499510751000,47.8467509765625,0.1247977615356445,0.1809118629455566,9.830592016601562
1732511499520685000,47.85668505859375,0.1466448516845703,0.1979705497741699,9.821763397979735
1732511499530619000,47.866618896484376,0.153827456665039,0.2029085906982421,9.8311905670166
1732511499540554000,47.87655395507812,0.1578676719665527,0.2261024192810058,9.822810861206056
1732511499550488000,47.88648803710937,0.1629553504943847,0.2180219886779785,9.8319387550354
1732511499560422000,47.896421875,0.17238251953125,0.1967734489440918,9.839869548034669
1732511499570356000,47.90635595703125,0.174926358795166,0.1764227348327636,9.821464122772216
1732511499580291000,47.916291015625,0.1408089851379394,0.1545756446838379,9.832836580657958
1732511499590225000,47.92622485351563,0.105943423461914,0.1258452247619629,9.829544553375245
1732511499600159000,47.93615893554688,0.0909796630859375,0.1031003089904785,9.830442378997802
1732511499610093800,47.94609375,0.074669164276123,0.0770633659362793,9.816825357055665
1732511499620028000,47.95602783203125,0.0698807609558105,0.0707785865783691,9.797971018981931
1732511499629962000,47.9659619140625,0.053570262145996,0.0525227989196777,9.772981539154053
1732511499639895800,47.975895751953125,0.0781108291625976,0.0656909080505371,9.758017778778076
1732511499649831200,47.9858310546875,0.0948702407836914,0.050427872467041,9.76864204864502
1732511499659765000,47.99576489257812,0.1116296524047851,0.0836474205017089,9.79333225326538
1732511499669699000,48.00569897460937,0.1113303771972656,0.1122282028198242,9.79946739501953
1732511499679634400,48.01563452148437,0.1177647941589355,0.1451484756469726,9.81906992111206
1732511499689569300,48.0255693359375,0.1098340011596679,0.1740285331726074,9.828197814941406
1732511499699503400,48.03550341796875,0.1215057342529296,0.1865980918884277,9.829993466186522
1732511499709437400,48.0454375,0.1316810913085937,0.1955763481140136,9.848249253845214
1732511499719371300,48.05537133789063,0.1306336280822753,0.2059013427734375,9.782408708190918
1732511499729306000,48.06530615234375,0.1387140586853027,0.2002151138305664,9.763853645324708
1732511499739240400,48.07524047851562,0.1255459495544433,0.1942296096801757,9.924414794158936
1732511499749174300,48.08517431640625,0.0752677146911621,0.1602618736267089,9.749937348175049
1732511499759108400,48.0951083984375,0.0638952568054199,0.1087865379333496,9.542988542175292
1732511499769043200,48.10504321289063,0.0969651672363281,0.0688332977294921,9.694122521972655
1732511499778977300,48.11497729492187,0.1687912170410156,0.0553659133911132,9.90196915359497
1732511499788911400,48.12491137695312,0.1701379554748535,0.0360626625061035,9.896282924652098
1732511499798845200,48.13484521484375,0.1472434020996093,0.058059390258789,9.78121160736084
1732511499808780500,48.14478051757813,0.0953191535949707,0.08933364944458,9.722104753875731
1732511499818714400,48.15471435546875,0.053570262145996,0.1265934127807617,9.775824653625488
1732511499828648400,48.1646484375,0.067636196899414,0.1376665954589843,9.814281517791748
1732511499838582300,48.17458227539063,0.0878372734069824,0.148739778137207,9.861866275787351
1732511499848517400,48.18451733398437,0.1152209548950195,0.1592144104003906,9.860669174957277
1732511499858451500,48.194451416015625,0.1207575462341308,0.1693897674560547,9.83882208480835
1732511499868385300,48.20438525390625,0.1342249305725097,0.168491941833496,9.828497090148923
1732511499878320000,48.21432006835938,0.1406593475341797,0.1607107864379882,9.801562321472169
1732511499888254500,48.22425439453125,0.146195938873291,0.1491886909484863,9.783156896209716
1732511499898188300,48.23418823242187,0.1596633232116699,0.1231517478942871,9.778518130493165
1732511499908122400,48.24412231445312,0.1420060859680175,0.1120785652160644,9.78734674911499
1732511499918057500,48.25405737304688,0.153827456665039,0.0977133552551269,9.807547825622558
1732511499927991300,48.2639912109375,0.120607908630371,0.0906803878784179,9.815179343414306
1732511499937925400,48.27392529296875,0.1081879875183105,0.0903811126708984,9.814880068206786
1732511499947859200,48.283859130859376,0.1069908866882324,0.093822777557373,9.791835877227784
1732511499957794300,48.29379418945312,0.0960673416137695,0.088735099029541,9.745897132873534
1732511499967728400,48.30372827148437,0.0936731399536132,0.0885854614257812,9.74260510559082
1732511499977662200,48.313662109375,0.0843956085205078,0.105344873046875,9.743502931213378
1732511499987596300,48.32359619140625,0.1044470474243164,0.0839466957092285,9.764751470947266
1732511499997531400,48.33353149414062,0.1010053825378417,0.0812532188415527,9.77432827758789
1732511500007465500,48.34346557617187,0.1081879875183105,0.1010053825378417,9.78166052017212
1732511500017399300,48.3533994140625,0.1213560966491699,0.1147720420837402,9.80605144958496
1732511500027333400,48.36333349609375,0.0902314750671386,0.1138742164611816,9.820566297149655
1732511500037268500,48.3732685546875,0.086789810180664,0.1310825408935546,9.806949275207518
1732511500047202300,48.38320239257813,0.0929249519348144,0.1405097099304199,9.814730430603026
1732511500057136400,48.39313647460938,0.0908300254821777,0.1267430503845214,9.816226806640625
1732511500067071500,48.403071533203125,0.0950198783874511,0.1358709442138671,9.79976667022705
1732511500077005300,48.41300537109375,0.0927753143310546,0.1268926879882812,9.804255798339844
1732511500086939400,48.422939453125,0.1146224044799804,0.1092354507446289,9.791686239624022
1732511500096873200,48.432873291015625,0.1170166061401367,0.1036988594055175,9.810540577697754
1732511500106808300,48.44280834960937,0.1132756660461425,0.1141734916687011,9.803058697509766
1732511500116742400,48.45274243164062,0.1215057342529296,0.1173158813476562,9.81877064590454
1732511500126676200,48.46267626953125,0.1201589958190917,0.1002571945190429,9.792733702850342
1732511500136610300,48.4726103515625,0.1197100830078125,0.0998082817077636,9.74200655517578
1732511500146545400,48.48254541015625,0.118064069366455,0.0941220527648925,9.725995331573486
1732511500156479200,48.49247924804688,0.1051952354431152,0.0814028564453124,9.75592285232544
1732511500166413300,48.50241333007813,0.0917278511047363,0.0818517692565918,9.838672447204589
1732511500176347100,48.51234716796875,0.0692822105407714,0.0722749626159667,9.847650703430174
1732511500186282500,48.522282470703125,0.0514753356933593,0.0806546684265136,9.85019454269409
1732511500196216300,48.53221630859375,0.0706289489746093,0.0815524940490722,9.87638112335205
1732511500206150400,48.542150390625,0.0812532188415527,0.1123778404235839,9.911695597839357
1732511500216084200,48.552084228515625,0.081702131652832,0.1273416007995605,9.87039561920166
1732511500226019300,48.56201928710937,0.0704793113708496,0.1439513748168945,9.7683427734375
1732511500235953400,48.57195336914062,0.0275333190917968,0.1364694946289062,9.73033482208252
1732511500245887200,48.58188720703125,0.0412999786376953,0.1502361541748046,9.581744681549072
1732511500255822300,48.591822265625,-0.0008978256225585,0.139761521911621,9.393201300811768
1732511500265756400,48.60175634765625,-0.0137666595458984,0.103399584197998,9.719411277008057
1732511500275690200,48.61169018554688,0.1019032081604003,0.0415992538452148,10.046070166015625
1732511500285624300,48.62162426757813,0.1584662223815917,0.0004489128112792,10.085275218200684
1732511500295559400,48.63155932617188,0.1761234596252441,-0.0263362182617187,9.745148944854735
1732511500305493200,48.6414931640625,0.1439513748168945,0.0148141227722167,9.492111756896971
1732511500315427300,48.65142724609375,0.0781108291625976,0.0667383712768554,9.64623848876953
1732511500325361200,48.66136108398437,0.0209492645263671,0.0909796630859375,9.87712931137085
1732511500335296500,48.67129663085937,-0.0038905776977539,0.1062426986694335,9.941174205780028
1732511500345230300,48.68123022460937,-0.0228945533752441,0.1337760177612304,9.852139831542967
1732511500355164400,48.69116430664062,-0.014664485168457,0.1587654975891113,9.800963771057129
1732511500365098200,48.70109814453125,-0.0028431144714355,0.1771709228515625,9.794978266906735
1732511500375033300,48.71103344726563,0.0462380195617675,0.182557876586914,9.803956523132324
1732511500384967400,48.72096752929688,0.0767640907287597,0.163404263305664,9.813832604980467
1732511500394901200,48.7309013671875,0.098311905670166,0.1357213066101074,9.834632231903075
1732511500404835300,48.74083544921875,0.0821510444641113,0.1191115325927734,9.846902515411376
1732511500414770400,48.7507705078125,0.0571615646362304,0.084245970916748,9.83852280960083
1732511500424704300,48.760704345703125,0.0442927307128906,0.0713771369934082,9.827898539733884
1732511500434638300,48.770638427734376,0.0001496376037597,0.0565630142211914,9.842563024902343
1732511500444573400,48.78057348632812,-0.0034416648864746,0.0387561393737792,9.83882208480835
1732511500454507300,48.79050732421875,-0.0281318695068359,0.0137666595458984,9.83822353439331
1732511500464441300,48.80044140625,-0.0333691856384277,0.0098760818481445,9.78046341934204
1732511500474375200,48.81037524414062,-0.003142389678955,0.0130184715270996,9.747393508911133
1732511500484310300,48.82031030273438,0.03187280960083,0.0369604881286621,9.76819313583374
1732511500494244400,48.83024438476563,0.0492307716369628,0.0496796844482421,9.813533329772948
1732511500504178200,48.84017822265625,0.0405517906188964,0.0763151779174804,9.8311905670166
1732511500514112300,48.8501123046875,0.0264858558654785,0.08933364944458,9.821314485168456
1732511500524047400,48.86004736328125,0.002543839263916,0.125097036743164,9.813084416961669
1732511500533981400,48.8699814453125,-0.0136170219421386,0.1354220314025878,9.817274269866942
1732511500543915300,48.879915283203125,-0.0049380409240722,0.1509843421936035,9.836427883148191
1732511500553849300,48.889849365234376,0.0134673843383789,0.1542763694763183,9.785251822662351
1732511500563784400,48.89978442382812,0.005087678527832,0.1574187591552734,9.733926124572754
1732511500573718300,48.90971826171875,0.0212485397338867,0.1569698463439941,9.945513696289062
1732511500583652400,48.91965234375,0.0456394691467285,0.0966658920288085,9.884910466766357
1732511500593586400,48.92958642578125,0.0154126731872558,0.079756842803955,9.64100117263794
1732511500603521300,48.93952124023438,0.0374094009399414,0.0709282241821289,9.6526729057312
1732511500613455400,48.94945532226563,0.0743698890686035,0.0496796844482421,9.722254391479492
1732511500623389200,48.95938916015625,0.0359130249023437,0.0474351203918457,9.7821094329834
1732511500633324300,48.96932421875,0.0089782562255859,0.0451905563354492,9.85782606048584
1732511500643258400,48.97925830078125,-0.0032920272827148,0.0347159240722656,9.849745629882811
1732511500653192200,48.98919213867188,0.0157119483947753,0.0610521423339843,9.816226806640625
1732511500663126300,48.999126220703126,-0.0023942016601562,0.0689829353332519,9.804704711151125
1732511500673061400,49.00906127929687,0.0258873054504394,0.0794575675964355,9.826701438903807
1732511500682994200,49.018994140625,0.0486322212219238,0.1020528457641601,9.83792425918579
1732511500692928000,49.028927978515625,0.0435445426940917,0.1267430503845214,9.82565397567749
1732511500702862000,49.03886206054688,0.050427872467041,0.1300350776672363,9.804106160736085
1732511500712797200,49.04879711914062,0.0641945320129394,0.1544260070800781,9.78779566192627
1732511500722731000,49.05873095703125,0.0712274993896484,0.1406593475341797,9.764751470947266
1732511500732665000,49.0686650390625,0.052971711730957,0.1233013854980468,9.7553243019104
1732511500742599000,49.07859887695312,0.0803553932189941,0.0830488700866699,9.76864204864502
1732511500752534300,49.0885341796875,0.0806546684265136,0.0788590171813964,9.760711255645752
1732511500762468000,49.09846801757813,0.0733224258422851,0.0969651672363281,9.766098209381102
1732511500772402200,49.10840209960938,0.0757166275024414,0.0858919845581054,9.739462715911865
1732511500782336000,49.1183359375,0.048482583618164,0.0845452461242675,9.726294606781003
1732511500792271000,49.12827099609375,0.0401028778076171,0.0927753143310546,9.707290631103517
1732511500802205200,49.138205078125,0.0176572372436523,0.1010053825378417,9.70504606704712
1732511500812139000,49.148138916015625,0.0263362182617187,0.1068412490844726,9.746046770477294
1732511500822074000,49.15807421875,0.0371101257324218,0.0950198783874511,9.77507646560669
1732511500832008200,49.16800830078125,0.0531213493347167,0.1060930610656738,9.809343476867674
1732511500841942000,49.17794189453125,0.0637456192016601,0.1222539222717285,9.824007962036132
1732511500851876000,49.1878759765625,0.0351648368835449,0.1253963119506836,9.801113408660887
1732511500861811200,49.19781127929687,0.0360626625061035,0.1316810913085937,9.80679963760376
1732511500871745000,49.2077451171875,0.0489314964294433,0.1364694946289062,9.823858324432372
1732511500881679000,49.21767919921875,0.0448912811279296,0.1354220314025878,9.83134020462036
1732511500891613000,49.22761303710938,0.0520738861083984,0.1325789169311523,9.80650036239624
1732511500901548000,49.237548095703126,0.0658405456542968,0.1445499252319335,9.81847137069702
1732511500911482000,49.247482177734376,0.0749684394836425,0.1547252822875976,9.824157599639893
1732511500921416000,49.257416015625,0.0929249519348144,0.1448492004394531,9.79258406524658
1732511500931351300,49.267351318359374,0.103399584197998,0.1324292793273925,9.73632032623291
1732511500941285000,49.27728515625,0.0996586441040039,0.1128267532348632,9.721506203460692
1732511500951219200,49.28721923828125,0.0972644424438476,0.1068412490844726,9.782558345794676
1732511500961153000,49.297153076171874,0.0745195266723632,0.1099836387634277,9.830741654205324
1732511500971088100,49.30708813476563,0.0620996055603027,0.1063923362731933,9.817124632263184
1732511500981022200,49.31702221679687,0.0591068534851074,0.1262941375732421,9.797522106170652
1732511500990956000,49.3269560546875,0.0588075782775878,0.1264437751770019,9.860519537353516
1732511501000890000,49.33689013671875,0.0811035812377929,0.1575683967590332,9.900323139953612
1732511501010825200,49.3468251953125,0.0745195266723632,0.1732803451538085,9.889249957275393
1732511501020759000,49.356759033203126,0.0432452674865722,0.1747767211914062,9.811438403320311
1732511501030693000,49.366693115234376,0.0209492645263671,0.1828571517944335,9.752481187438963
1732511501040627000,49.376626953125,0.0236427413940429,0.1930325088500976,9.579051204681395
1732511501050562000,49.38656201171875,-0.000598550415039,0.2045546043395996,9.369857834625243
1732511501060496100,49.39649609375,-0.0492307716369628,0.1566705711364746,9.680355862426758
1732511501070430000,49.40642993164062,0.0927753143310546,0.0683843849182128,10.052803858184816
1732511501080365000,49.41636499023438,0.1975216369628906,0.036361937713623,10.077643700408936
1732511501090299100,49.42629907226563,0.2094926452636718,0.0202010765075683,9.69741454925537
1732511501100233000,49.43623291015625,0.1370680450439453,0.0589572158813476,9.484031326293945
1732511501110167000,49.4461669921875,0.0626981559753418,0.1044470474243164,9.69187795791626
1732511501120102100,49.45610205078125,0.0245405670166015,0.1364694946289062,9.929652110290526
1732511501130036200,49.4660361328125,-0.0079307929992675,0.1842038902282714,9.969605350494383
1732511501139970000,49.475969970703126,-0.0055365913391113,0.2044049667358398,9.862015913391112
1732511501149904100,49.48590405273438,0.0218470901489257,0.2118868469238281,9.822212310791016
1732511501159839200,49.49583911132813,0.0632967063903808,0.2498947982788086,9.837325708770752
1732511501169773000,49.50577294921875,0.0959177040100097,0.2427121932983398,9.847949978637695
1732511501179707100,49.51570703125,0.1310825408935546,0.2310404602050781,9.810839852905271
1732511501189641000,49.525640869140624,0.1378162330627441,0.1984194625854492,9.794978266906735
1732511501199576000,49.535576171875,0.1177647941589355,0.1574187591552734,9.796923555755615
1732511501209510100,49.54551025390625,0.101454295349121,0.1345242057800293,9.802759422302245
1732511501219444000,49.55544384765625,0.0646434448242187,0.1159691429138183,9.803657247924804
1732511501229379000,49.56537915039063,0.0288800575256347,0.1102829139709472,9.798270294189452
1732511501239313200,49.57531323242188,0.0079307929992675,0.0978629928588867,9.803507610321043
1732511501249247000,49.5852470703125,-0.0085293434143066,0.0939724151611328,9.78166052017212
1732511501259181000,49.59518115234375,0.022296002960205,0.1026513961791992,9.769240599060058
1732511501269116200,49.6051162109375,0.045938744354248,0.1117792900085449,9.769988787078857
1732511501279050000,49.61505004882813,0.0499789596557617,0.1252466743469238,9.752780462646484
1732511501288984000,49.624984130859374,0.0664390960693359,0.1387140586853027,9.784503634643556
1732511501298918000,49.63491796875,0.05102642288208,0.1589151351928711,9.828497090148923
1732511501308853200,49.64485327148437,0.033818098449707,0.1994669258117675,9.849296717071532
1732511501318787000,49.654787109375,0.0547673629760742,0.2256535064697265,9.8587238861084
1732511501328721200,49.66472119140625,0.0570119270324707,0.254683201599121,9.840767373657226
1732511501338655000,49.67465502929687,0.0550666381835937,0.2656067466735839,9.841665199279785
1732511501348590000,49.68459008789063,0.0818517692565918,0.2790741310119629,9.81263550415039
1732511501358524200,49.69452416992188,0.1099836387634277,0.2718915260314941,9.72285294189453
1732511501368458000,49.7044580078125,0.0833481452941894,0.2603694305419922,9.874286196899414
1732511501378393000,49.71439306640625,0.0843956085205078,0.2226607543945312,9.922319867706298
1732511501388327200,49.7243271484375,0.0769137283325195,0.1843535278320312,9.67885948638916
1732511501398261000,49.73426098632813,0.0775122787475585,0.1334767425537109,9.57545990219116
1732511501408195000,49.744195068359375,0.1170166061401367,0.1243488487243652,9.638457333374022
1732511501418130200,49.75413012695312,0.1497872413635254,0.1189618949890136,9.777021754455566
1732511501428064000,49.76406396484375,0.1423053611755371,0.1031003089904785,9.87039561920166
1732511501437998000,49.773998046875,0.1237502983093261,0.1324292793273925,9.842563024902343
1732511501447932000,49.78393188476562,0.0752677146911621,0.1779191108703613,9.78689783630371
1732511501457867300,49.7938671875,0.0706289489746093,0.1943792472839355,9.809343476867674
1732511501467801000,49.80380102539063,0.0953191535949707,0.2317886482238769,9.84480758895874
1732511501477735200,49.81373510742188,0.1182137069702148,0.2397194412231445,9.852588744354248
1732511501487670300,49.82367016601562,0.1327285545349121,0.2494458854675292,9.824905787658691
1732511501497604000,49.83360400390625,0.1330278297424316,0.2486976974487304,9.788543849945068
1732511501507538200,49.8435380859375,0.1171662437438964,0.2409165420532226,9.785401460266112
1732511501517472000,49.85347192382813,0.1031003089904785,0.2464531333923339,9.816974994659423
1732511501527407000,49.86340698242188,0.115520230102539,0.2156277870178222,9.804405435943602
1732511501537341200,49.87334106445312,0.0998082817077636,0.2097919204711913,9.786448923492433
1732511501547275000,49.88327490234375,0.1056441482543945,0.1889922935485839,9.778667768096923
1732511501557209000,49.893208984375,0.1173158813476562,0.1696890426635742,9.821015209960937
1732511501567144200,49.90314428710938,0.1228524726867675,0.1865980918884277,9.812186591339112
1732511501577078000,49.913078125,0.1262941375732421,0.1831564270019531,9.770437699890136
1732511501587012000,49.92301220703125,0.1005564697265625,0.1827075141906738,9.717465988159178
1732511501596946000,49.93294580078125,0.0758662651062011,0.1744774459838867,9.740360541534423
1732511501606881000,49.94288110351562,0.0709282241821289,0.1836053398132324,9.791087689208984
1732511501616815000,49.95281518554688,0.0635959815979003,0.1728314323425293,9.813682967376709
1732511501626749000,49.9627490234375,0.0740706138610839,0.1593640480041503,9.804405435943602
1732511501636684300,49.97268432617187,0.0977133552551269,0.1599625984191894,9.788693487548828
1732511501646618000,49.9826181640625,0.1041477722167968,0.1886930183410644,9.771784438323976
1732511501656552200,49.99255224609375,0.0908300254821777,0.2005143890380859,9.780014506530762
1732511501666486000,50.00248608398437,0.0933738647460937,0.2217629287719726,9.791835877227784
1732511501676421000,50.01242114257813,0.1221042846679687,0.2059013427734375,9.817124632263184
1732511501686355500,50.02235546875,0.0936731399536132,0.2353799507141113,9.80724855041504
1732511501696289500,50.03228955078125,0.0977133552551269,0.2048538795471191,9.808744926452636
1732511501706223400,50.04222338867187,0.1020528457641601,0.2012625770568847,9.797821381378172
1732511501716158500,50.052158447265626,0.1237502983093261,0.215777424621582,9.79258406524658
1732511501726092300,50.06209228515625,0.1286883392333984,0.1740285331726074,9.785850373077391
1732511501736026600,50.07202661132813,0.1297358024597167,0.1637035385131836,9.762506906890868
1732511501745961500,50.08196142578125,0.1268926879882812,0.1490390533447265,9.759813430023192
1732511501755895300,50.09189526367187,0.111031101989746,0.1379658706665039,9.78121160736084
1732511501765829600,50.10182958984375,0.1171662437438964,0.1429039115905761,9.795876092529296
1732511501775763500,50.11176342773437,0.1393126091003418,0.1656488273620605,9.8319387550354
1732511501785698300,50.1216982421875,0.1479915901184082,0.1711854187011718,9.864859027862549
1732511501795632400,50.13163232421875,0.1587654975891113,0.1827075141906738,9.837176071166992
1732511501805566500,50.14156640625,0.1342249305725097,0.187047004699707,9.75547393951416
1732511501815500500,50.15150048828125,0.0995090065002441,0.196623811340332,9.76160908126831
1732511501825435400,50.161435302734375,0.0573112022399902,0.1868973670959472,9.75547393951416
1732511501835369500,50.171369384765626,0.0507271476745605,0.1801636749267578,9.515006310272216
1732511501845303600,50.18130346679688,-0.0059855041503906,0.1770212852478027,9.553762449645996
1732511501855238400,50.19123828125,0.0392050521850585,0.1285387016296386,9.925911170196532
1732511501865172500,50.20117236328125,0.1485901405334472,0.0869394477844238,10.084227754974364
1732511501875106300,50.21110620117187,0.1857002662658691,0.0831985076904296,9.962572383117676
1732511501885040600,50.22104052734375,0.1954267105102539,0.076614453125,9.576806640625
1732511501894975500,50.2309755859375,0.1258452247619629,0.10848726272583,9.50064110031128
1732511501904909300,50.24090942382813,0.077213003540039,0.1355716690063476,9.70310077819824
1732511501914843600,50.25084375,0.0743698890686035,0.1361702194213867,9.887903218841553
1732511501924777500,50.26077758789062,0.0451905563354492,0.1399111595153808,9.90885248336792
1732511501934712300,50.27071240234375,0.0603039543151855,0.1783680236816406,9.833584768676758
1732511501944646400,50.280646484375,0.0724246002197265,0.2053027923583984,9.83148984222412
1732511501954580500,50.29058056640625,0.1171662437438964,0.208744457244873,9.853785845184326
1732511501964514600,50.3005146484375,0.1309329032897949,0.2213140159606933,9.860070624542235
1732511501974449400,50.310449462890624,0.1586158599853515,0.2195183647155761,9.821613760375977
1732511501984383200,50.32038330078125,0.1460463012695312,0.2020107650756835,9.81847137069702
1732511501994317600,50.330317626953125,0.1535281814575195,0.1821089637756347,9.83223803024292
1732511502004252400,50.34025244140625,0.1533785438537597,0.1666962905883789,9.83747534637451
1732511502014186500,50.3501865234375,0.1444002876281738,0.1602618736267089,9.834781869506836
1732511502024120600,50.36012060546875,0.1348234809875488,0.1476923149108886,9.8181720954895
1732511502034054400,50.37005444335937,0.1128267532348632,0.1352723937988281,9.7943797164917
1732511502043989500,50.379989501953126,0.1045966850280761,0.1057937858581542,9.759813430023192
1732511502053923300,50.38992333984375,0.1080383499145507,0.1086369003295898,9.759813430023192
1732511502063857700,50.39985766601563,0.1065419738769531,0.1183633445739746,9.782558345794676
1732511502073792500,50.40979248046875,0.1131260284423828,0.1135749412536621,9.792284790039062
1732511502083726300,50.41972631835937,0.1111807395935058,0.0996586441040039,9.802011234283446
1732511502093660400,50.429660400390624,0.0941220527648925,0.1069908866882324,9.809792389678954
1732511502103594500,50.439594482421874,0.1238999359130859,0.1420060859680175,9.810839852905271
1732511502113529300,50.449529296875,0.1176151565551757,0.1660977401733398,9.822212310791016
1732511502123463400,50.45946337890625,0.1162684181213378,0.1810615005493163,9.839570272827148
1732511502133397200,50.46939721679688,0.1236006607055664,0.1910872200012207,9.862764101409912
1732511502143331600,50.47933154296875,0.1429039115905761,0.2096422828674316,9.856628959655762
1732511502153266400,50.48926635742188,0.1625064376831054,0.2317886482238769,9.762506906890868
1732511502163200300,50.4992001953125,0.1476923149108886,0.2281973457336425,9.899724589538572
1732511502173134600,50.50913452148438,0.1457470260620117,0.2377741523742675,10.065672692108151
1732511502183069400,50.5190693359375,0.1146224044799804,0.2114379341125488,9.85812533569336
1732511502193003500,50.52900341796875,0.1093850883483886,0.1705868682861328,9.676614922332764
1732511502202937300,50.53893725585937,0.1768716476440429,0.1173158813476562,9.802011234283446
1732511502212871400,50.548871337890624,0.2255038688659668,0.0728735130310058,9.935637614440918
1732511502222806500,50.558806640625,0.2088940948486328,0.0537198997497558,9.811438403320311
1732511502232740400,50.568740234375,0.1677437538146972,0.0478840332031249,9.634716393280028
1732511502242674400,50.57867431640625,0.1083376251220703,0.0864905349731445,9.61466495437622
1732511502252608500,50.5886083984375,0.0781108291625976,0.1300350776672363,9.732280110931397
1732511502262543400,50.59854345703125,0.0725742378234863,0.148739778137207,9.826402163696288
1732511502272477400,50.6084775390625,0.1125274780273437,0.165349552154541,9.865008665466307
1732511502282411300,50.61841137695313,0.1358709442138671,0.1735796203613281,9.81862100830078
1732511502292346400,50.62834643554688,0.1370680450439453,0.1707365058898925,9.770288062286376
1732511502302280400,50.63828051757813,0.1286883392333984,0.1737292579650878,9.790788414001463
1732511502312214300,50.64821435546875,0.1298854400634765,0.1376665954589843,9.80650036239624
1732511502322148600,50.65814868164063,0.151283617401123,0.0917278511047363,9.791087689208984
1732511502332083500,50.66808349609375,0.1607107864379882,0.0682347473144531,9.788693487548828
1732511502342017500,50.678017578125,0.18510171585083,0.0734720634460449,9.784054721832277
1732511502351951400,50.68795141601562,0.1792658493041992,0.0582090278625488,9.816226806640625
1732511502361885400,50.69788549804687,0.1683423042297363,0.0707785865783691,9.821613760375977
1732511502371820500,50.70782055664063,0.1660977401733398,0.0987608184814453,9.814880068206786
1732511502381754400,50.71775439453125,0.1238999359130859,0.1300350776672363,9.773280814361572
1732511502391688400,50.7276884765625,0.1195604454040527,0.148739778137207,9.759364517211914
1732511502401623600,50.73762353515625,0.1080383499145507,0.1859995414733886,9.763853645324708
1732511502411557400,50.74755737304688,0.1054945106506347,0.1692401298522949,9.76879168624878
1732511502421491500,50.75749145507813,0.1294365272521972,0.1677437538146972,9.75652140274048
1732511502431425300,50.76742529296875,0.110432551574707,0.1441010124206543,9.76235726928711
1732511502441360400,50.7773603515625,0.1152209548950195,0.1060930610656738,9.797971018981931
1732511502451294500,50.78729443359375,0.1264437751770019,0.098910456085205,9.846453602600096
1732511502461228300,50.79722827148437,0.111031101989746,0.0613514175415039,9.826851076507568
1732511502471162600,50.80716259765625,0.1212064590454101,0.0618003303527832,9.827299989318847
1732511502481097500,50.817097412109376,0.1056441482543945,0.0592564910888671,9.830143103790284
1732511502491031300,50.82703125,0.1215057342529296,0.0713771369934082,9.80605144958496
1732511502500965400,50.83696533203125,0.1336263801574707,0.0848445213317871,9.795576817321775
1732511502510900500,50.846900390625,0.1625064376831054,0.1101332763671874,9.800814133453368
1732511502520834600,50.85683447265625,0.1569698463439941,0.1322796417236328,9.795726454925536
1732511502530768400,50.86676831054688,0.1441010124206543,0.156371295928955,9.788992762756347
1732511502540702500,50.876702392578125,0.1429039115905761,0.1451484756469726,9.789142400360106
1732511502550637600,50.88663745117187,0.1343745681762695,0.1301847152709961,9.782259070587155
1732511502560571400,50.8965712890625,0.1325789169311523,0.134673843383789,9.779415956115722
1732511502570505500,50.90650537109375,0.1224035598754882,0.1107318267822265,9.778667768096923
1732511502580440600,50.91644067382813,0.1150713172912597,0.0935235023498535,9.804405435943602
1732511502590374400,50.92637451171875,0.1198597206115722,0.0899321998596191,9.851990193939208
1732511502600308500,50.93630859375,0.1279401512145996,0.0854430717468261,9.862614463806151
1732511502610242300,50.9462421875,0.131531453704834,0.086191259765625,9.853935482788083
1732511502620177400,50.95617749023437,0.1476923149108886,0.1007061073303222,9.808744926452636
1732511502630111500,50.966111572265625,0.1355716690063476,0.122553197479248,9.750984811401366
1732511502640045300,50.97604541015625,0.1418564483642578,0.1452981132507324,9.69068085708618
1732511502649979400,50.9859794921875,0.1500865165710449,0.134673843383789,9.687538467407226
1732511502659914500,50.99591455078125,0.1291372520446777,0.1218050094604492,9.763704007720946
1732511502669848300,51.00584838867187,0.1140238540649414,0.082300682067871,9.834482594299317
1732511502679782400,51.01578247070312,0.1051952354431152,0.0644938072204589,9.881768077087402
1732511502689717500,51.02571752929688,0.1336263801574707,0.0372597633361816,9.905261180877686
1732511502699651600,51.03565161132813,0.1274912384033203,0.0543184501647949,9.887603943634032
1732511502709585400,51.04558544921875,0.1444002876281738,0.069581485748291,9.840318460845946
1732511502719519500,51.05551953125,0.1107318267822265,0.1045966850280761,9.78629928588867
1732511502729454600,51.06545458984375,0.0923264015197753,0.1194108078002929,9.784952547454834
1732511502739388400,51.07538842773437,0.0595557662963867,0.1271919631958007,9.74140800476074
1732511502749322500,51.085322509765625,0.0659901832580566,0.1593640480041503,9.479542198181152
1732511502759256600,51.09525659179688,0.0483329460144042,0.1818096885681152,9.624541036224365
1732511502769191400,51.10519140625,0.1224035598754882,0.1402104347229003,9.954043039703368
1732511502779125500,51.11512548828125,0.2281973457336425,0.1204582710266113,10.051157844543456
1732511502789059300,51.12505932617187,0.245106394958496,0.0954687911987304,9.816077169036864
1732511502798994400,51.134994384765626,0.230441909790039,0.0773626411437988,9.494805233764648
1732511502808928500,51.14492846679688,0.1598129608154296,0.0739209762573242,9.556755201721192
1732511502818862300,51.1548623046875,0.1041477722167968,0.0465372947692871,9.81802245788574
1732511502828796400,51.16479638671875,0.0818517692565918,0.0034416648864746,9.95928035583496
1732511502838731500,51.1747314453125,0.0613514175415039,0.0062847793579101,9.87668039855957
1732511502848665600,51.18466552734375,0.082300682067871,0.0520738861083984,9.803806885528564
1732511502858599400,51.19459936523437,0.0715267745971679,0.0948702407836914,9.817274269866942
1732511502868534500,51.20453442382812,0.0972644424438476,0.1171662437438964,9.862165550994872
1732511502878468600,51.21446850585937,0.1236006607055664,0.1666962905883789,9.796624280548096
1732511502888402400,51.22440234375,0.1481412277221679,0.1907879447937011,9.740959091949462
1732511502898336500,51.23433642578125,0.1577180343627929,0.18510171585083,9.749787710571288
1732511502908271600,51.24427172851563,0.1611596992492675,0.1744774459838867,9.809343476867674
1732511502918205400,51.254205322265626,0.1592144104003906,0.1607107864379882,9.841365924072266
1732511502928139500,51.26413940429688,0.1469441268920898,0.122553197479248,9.820865572357176
1732511502938073300,51.2740732421875,0.1087865379333496,0.0998082817077636,9.802011234283446
1732511502948008400,51.28400854492188,0.0924760391235351,0.0775122787475585,9.79258406524658
1732511502957942500,51.293942626953125,0.091278938293457,0.0407014282226562,9.798120656585692
1732511502967876400,51.30387646484375,0.0902314750671386,0.0083797058105468,9.807697463226315
1732511502977811500,51.3138115234375,0.0802057556152343,0.0008978256225585,9.796175367736817
1732511502987745500,51.32374560546875,0.0951695159912109,0.0296282455444335,9.791686239624022
1732511502997679400,51.33367944335937,0.1161187805175781,0.0196025260925292,9.796325005340575
1732511503007613400,51.34361352539062,0.1093850883483886,0.0579097526550293,9.799317757415771
1732511503017548500,51.35354858398438,0.1170166061401367,0.0977133552551269,9.809343476867674
1732511503027482600,51.36348266601563,0.1137245788574218,0.1140238540649414,9.824756150054933
1732511503037416400,51.37341650390625,0.1203086334228515,0.1345242057800293,9.842563024902343
1732511503047351600,51.3833515625,0.1342249305725097,0.1415571731567382,9.8181720954895
1732511503057285600,51.39328564453125,0.137217682647705,0.1488894157409667,9.769539874267576
1732511503067219500,51.40321948242188,0.1535281814575195,0.1412578979492187,9.725845693969726
1732511503077153500,51.413153564453125,0.1348234809875488,0.1426046363830566,9.92022494125366
1732511503087088600,51.42308862304687,0.0971148048400878,0.1204582710266113,9.824007962036132
1732511503097022500,51.4330224609375,0.0820014068603515,0.0945709655761718,9.55690483932495
1732511503106956500,51.44295654296875,0.0888847366333007,0.0909796630859375,9.573065700531004
1732511503116891400,51.45289135742188,0.1699883178710937,0.0588075782775878,9.804704711151125
1732511503126825500,51.46282543945313,0.2097919204711913,0.0613514175415039,9.89598364944458
1732511503136759600,51.47275952148438,0.1816600509643554,0.0486322212219238,9.792284790039062
1732511503146693400,51.482693359375,0.1171662437438964,0.0499789596557617,9.721356565856931
1732511503156628700,51.492628662109375,0.0888847366333007,0.0532709869384765,9.78704747390747
1732511503166562600,51.5025625,0.079158292388916,0.07018003616333,9.879822788238524
1732511503176496400,51.512496337890624,0.0876876358032226,0.079158292388916,9.90900212097168
1732511503186430500,51.52243041992188,0.1268926879882812,0.0818517692565918,9.87054525680542
1732511503196365600,51.53236547851562,0.1384147834777832,0.0839466957092285,9.817274269866942
1732511503206299600,51.54229956054687,0.1405097099304199,0.096366616821289,9.79348189086914
1732511503216233500,51.5522333984375,0.1521814430236816,0.0929249519348144,9.815777893829344
1732511503226168300,51.56216821289063,0.1660977401733398,0.0974140800476074,9.790638776397705
1732511503236102700,51.5721025390625,0.170437230682373,0.0814028564453124,9.798270294189452
1732511503246036500,51.58203637695313,0.1626560752868652,0.0767640907287597,9.81906992111206
1732511503255970600,51.59197045898438,0.160860424041748,0.0706289489746093,9.829095640563963
1732511503265905400,51.601905517578125,0.1515828926086425,0.0472854827880859,9.807547825622558
1732511503275839500,51.611839599609375,0.1601122360229492,0.0427963546752929,9.815029705810549
1732511503285773600,51.62177368164063,0.1714846939086914,0.0275333190917968,9.80021558303833
1732511503295708400,51.63170849609375,0.1571194839477539,0.0279822319030761,9.74200655517578
1732511503305642500,51.641642578125,0.1429039115905761,0.0225952781677246,9.733028298950195
1732511503315576600,51.65157666015625,0.1402104347229003,0.0014963760375976,9.76235726928711
1732511503325510400,51.66151049804687,0.1464952140808105,0.0073322425842285,9.786149648284912
1732511503335445500,51.67144555664063,0.1286883392333984,0.0158615859985351,9.777171392059326
1732511503345379600,51.68137963867188,0.1307832656860351,0.0255880302429199,9.745448220062256
1732511503355313700,51.69131372070313,0.1271919631958007,0.0336684608459472,9.752331549835205
1732511503365247500,51.70124755859375,0.1228524726867675,0.0356137496948242,9.749638072967528
1732511503375182300,51.71118237304688,0.1108814643859863,0.0462380195617675,9.802160871887208
1732511503385116700,51.72111669921875,0.127042325592041,0.0592564910888671,9.849446354675292
1732511503395050500,51.731050537109375,0.1300350776672363,0.0570119270324707,9.89613328704834
1732511503404985300,51.7409853515625,0.1420060859680175,0.0556651885986328,9.930101023101804
1732511503414919400,51.75091943359375,0.1592144104003906,0.0629974311828613,9.900323139953612
1732511503424853500,51.760853515625,0.1369184074401855,0.0752677146911621,9.809044201660155
1732511503434787600,51.77078759765625,0.098910456085205,0.0869394477844238,9.748740247344973
1732511503444722400,51.78072241210938,0.0837970581054687,0.0849941589355468,9.735422500610351
1732511503454656500,51.79065649414063,0.0866401725769042,0.0707785865783691,9.489567917633057
1732511503464590600,51.80059057617188,0.0670376464843749,0.0673369216918945,9.571718962097169
1732511503474525400,51.810525390625,0.144250650024414,0.0091278938293457,9.936086527252195
1732511503484459500,51.82045947265625,0.2832639839172363,0.0023942016601562,10.044873065185548
1732511503494393600,51.8303935546875,0.3106476654052734,-0.0055365913391113,9.84465795135498
1732511503504327400,51.840327392578125,0.2911947769165039,-0.0155623107910156,9.528772969818114
1732511503514262500,51.85026245117187,0.2073977188110351,0.0010474632263183,9.56333925628662
1732511503524196400,51.8601962890625,0.1316810913085937,-0.0073322425842285,9.802460147094726
1732511503534130700,51.87013061523437,0.0914285758972167,-0.0155623107910156,9.944166957855224
1732511503544065500,51.8800654296875,0.0570119270324707,-0.0154126731872558,9.90226842880249
1732511503553999400,51.889999267578126,0.0926256767272949,0.0106242698669433,9.8204166595459
1732511503563933700,51.89993359375,0.0993593688964843,0.0457891067504882,9.831040929412842
1732511503573867500,51.90986743164063,0.1243488487243652,0.0860416221618652,9.865457578277589
1732511503583802400,51.91980224609375,0.1550245574951171,0.1316810913085937,9.842263749694824
1732511503593736400,51.929736328125,0.1669955657958984,0.1426046363830566,9.824307237243652
1732511503603670500,51.93967041015625,0.1836053398132324,0.1258452247619629,9.826701438903807
1732511503613605400,51.94960546875,0.208744457244873,0.1351227561950683,9.81757354507446
1732511503623539500,51.95953955078125,0.2005143890380859,0.1143231292724609,9.800963771057129
1732511503633473300,51.96947338867187,0.1939303344726562,0.0900818374633789,9.8326869430542
1732511503643407600,51.97940771484375,0.1886930183410644,0.0594061286926269,9.821763397979735
1732511503653342500,51.98934252929688,0.1426046363830566,0.0550666381835937,9.810390940093994
1732511503663276500,51.99927661132813,0.1201589958190917,0.03187280960083,9.79961703262329
1732511503673210400,52.00921044921875,0.1144727668762207,0.0119710083007812,9.804106160736085
1732511503683145000,52.01914501953125,0.1309329032897949,-0.0097264442443847,9.785850373077391
1732511503693079000,52.0290791015625,0.1337760177612304,-0.0163104988098144,9.787945299530028
1732511503703013000,52.03901318359375,0.1114800148010253,0.0002992752075195,9.79408044128418
1732511503712947200,52.048947265625,0.1203086334228515,0.0233434661865234,9.804106160736085
1732511503722882000,52.05888208007813,0.118064069366455,0.0333691856384277,9.797671743774414
1732511503732816000,52.06881591796875,0.1222539222717285,0.0682347473144531,9.822062673187256
1732511503742750200,52.07875024414062,0.1216553718566894,0.0846948837280273,9.827898539733884
1732511503752684000,52.08868408203125,0.1318307289123535,0.1017535705566406,9.820715934753418
1732511503762619100,52.098619140625,0.1622071624755859,0.1032499465942382,9.804106160736085
1732511503772553000,52.108552978515625,0.1771709228515625,0.1117792900085449,9.707440268707275
1732511503782487000,52.11848706054688,0.1764227348327636,0.1339256553649902,9.823559049224851
1732511503792422100,52.12842211914062,0.1839046150207519,0.1080383499145507,9.893290172576904
1732511503802356000,52.13835595703125,0.1234510231018066,0.1062426986694335,9.703400053405762
1732511503812290300,52.14829028320312,0.1312321784973144,0.0839466957092285,9.626187049865722
1732511503822224100,52.15822412109375,0.1758241844177246,0.0579097526550293,9.788543849945068
1732511503832159000,52.16815893554688,0.2148795989990234,0.0347159240722656,9.924863706970214
1732511503842093000,52.17809301757813,0.229843359375,0.0324713600158691,9.85079309310913
1732511503852027100,52.18802709960938,0.1861491790771484,0.0212485397338867,9.7415576423645
1732511503861962000,52.1979619140625,0.1228524726867675,0.0415992538452148,9.718663088989258
1732511503871896000,52.20789599609375,0.096366616821289,0.0534206245422363,9.758915604400634
1732511503881830000,52.217829833984375,0.0876876358032226,0.0502782348632812,9.841066648864745
1732511503891764200,52.22776416015625,0.1435024620056152,0.0715267745971679,9.861267725372311
1732511503901699000,52.23769897460937,0.1340752929687499,0.091278938293457,9.862764101409912
1732511503911633000,52.2476328125,0.1758241844177246,0.110432551574707,9.839121360015868
1732511503921567000,52.25756689453125,0.1831564270019531,0.1176151565551757,9.827748902130129
1732511503931502000,52.26750219726563,0.1687912170410156,0.1077390747070312,9.821314485168456
1732511503941436200,52.27743627929687,0.1891419311523437,0.0837970581054687,9.78016414413452
1732511503951370000,52.28736987304688,0.1614589744567871,0.0567126518249511,9.779116680908205
1732511503961304000,52.29730395507813,0.139761521911621,0.040851065826416,9.797372468566897
1732511503971239200,52.3072392578125,0.1520318054199218,0.0278325942993164,9.786149648284912
1732511503981173000,52.317173095703126,0.1596633232116699,0.0163104988098144,9.78106196975708
1732511503991107000,52.327107177734376,0.1683423042297363,0.0140659347534179,9.734823950195311
1732511504001042200,52.33704223632813,0.168491941833496,0.0164601364135742,9.743951844024656
1732511504010976000,52.34697607421875,0.1708861434936523,0.0270844062805175,9.7821094329834
1732511504020910000,52.35691015625,0.1420060859680175,0.0526724365234375,9.802011234283446
1732511504030844000,52.36684399414062,0.1596633232116699,0.0553659133911132,9.828048177337646
1732511504040779000,52.37677905273438,0.158316584777832,0.0788590171813964,9.823110136413574
1732511504050713000,52.38671313476563,0.1500865165710449,0.0641945320129394,9.80006594543457
1732511504060647000,52.39664697265625,0.1529296310424804,0.0628477935791015,9.777021754455566
1732511504070582300,52.40658227539063,0.1333271049499511,0.0424970794677734,9.752780462646484
1732511504080516000,52.41651611328125,0.1449988380432128,0.0335188232421874,9.7177652633667
1732511504090450200,52.4264501953125,0.1623568000793457,0.0264858558654785,9.713725048065186
1732511504100384000,52.436384033203126,0.1439513748168945,0.0170586868286132,9.753379013061522
1732511504110319000,52.44631909179687,0.151283617401123,0.019752163696289,9.81263550415039
1732511504120253200,52.45625317382813,0.1625064376831054,0.0019452888488769,9.869348155975342
1732511504130187000,52.46618701171875,0.1816600509643554,0.0077811553955078,9.90181951599121
1732511504140122000,52.4761220703125,0.2246060432434082,0.041449616241455,9.936236164855956
1732511504150056200,52.48605615234375,0.2308908226013183,0.0634463439941406,9.873538008880615
1732511504159990000,52.49598999023438,0.2184709014892578,0.0965162544250488,9.784802909851074
1732511504169924000,52.50592407226563,0.1767220100402832,0.0900818374633789,9.760711255645752
1732511504179859200,52.515859130859376,0.1274912384033203,0.0793079299926757,9.784204359436034
1732511504189793000,52.52579296875,0.1165676933288574,0.0492307716369628,9.579649755096437
1732511504199727000,52.53572705078125,0.0932242271423339,0.0224456405639648,9.56977367324829
1732511504209662000,52.54566186523437,0.1062426986694335,-0.0396539649963378,9.937283628082277
1732511504219596000,52.55559594726562,0.2096422828674316,-0.0453401939392089,10.092008910369872
1732511504229530000,52.56553002929687,0.2302922721862793,-0.0520738861083984,9.912144510650634
1732511504239464000,52.5754638671875,0.229843359375,-0.0493804092407226,9.530718258666992
1732511504249399300,52.5853994140625,0.1638531761169433,-0.022296002960205,9.49914472427368
1732511504259333000,52.5953330078125,0.0932242271423339,0.0058358665466308,9.763404732513427
1732511504269267200,52.60526708984375,0.081702131652832,0.0037409400939941,9.943418769836423
1732511504279202000,52.6152021484375,0.086191259765625,0.002543839263916,9.913341611480712
1732511504289136000,52.62513623046875,0.1090858131408691,0.0393546897888183,9.830442378997802
1732511504299070200,52.6350703125,0.1249473991394043,0.0564133766174316,9.791087689208984
1732511504309004000,52.64500415039063,0.1614589744567871,0.0653916328430175,9.804854348754882
1732511504318939000,52.65493896484375,0.1806125877380371,0.0707785865783691,9.867103591918944
1732511504328873200,52.66487329101562,0.1883937431335449,0.0899321998596191,9.851391643524169
1732511504338807000,52.67480712890625,0.2162263374328613,0.088735099029541,9.854683670806883
1732511504348742000,52.68474194335938,0.2252045936584472,0.0785597419738769,9.84405940093994
1732511504358676200,52.69467626953125,0.2220622039794921,0.0790086547851562,9.855282221221923
1732511504368610000,52.70461010742188,0.1949777976989746,0.0635959815979003,9.866205766296384
1732511504378544000,52.71454418945312,0.1620575248718261,0.0591068534851074,9.861716638183593
1732511504388479000,52.72447900390625,0.139761521911621,0.0438438179016113,9.86366192703247
1732511504398413000,52.7344130859375,0.1171662437438964,0.0212485397338867,9.814730430603026
1732511504408347100,52.74434716796875,0.0962169792175293,0.0115220954895019,9.83208839263916
1732511504418282000,52.75428198242187,0.0992097312927246,-0.0037409400939941,9.81802245788574
1732511504428216000,52.76421606445312,0.0948702407836914,-0.0245405670166015,9.815328981018066
1732511504438150100,52.77415014648437,0.1026513961791992,-0.024839842224121,9.798419931793212
1732511504448084200,52.78408422851562,0.1176151565551757,0.0082300682067871,9.7928833404541
1732511504458019000,52.79401904296875,0.1233013854980468,0.0326209976196289,9.778218855285644
1732511504467953000,52.80395288085938,0.1298854400634765,0.0505775100708007,9.803806885528564
1732511504477887200,52.81388720703125,0.1283890640258789,0.0565630142211914,9.798868844604492
1732511504487822000,52.823822021484375,0.1455973884582519,0.0855927093505859,9.80605144958496
1732511504497756000,52.833755859375,0.1385644210815429,0.1125274780273437,9.796025730133056
1732511504507690200,52.84369018554688,0.1637035385131836,0.1292868896484375,9.741258367156982
1732511504517624000,52.8536240234375,0.1429039115905761,0.1405097099304199,9.874735109710691
1732511504527559200,52.86355908203125,0.1153705924987792,0.1265934127807617,9.871742357635496
1732511504537493000,52.87349291992187,0.0825999572753906,0.105344873046875,9.68499462814331
1732511504547427000,52.88342700195312,0.0974140800476074,0.0704793113708496,9.714922148895264
1732511504557362200,52.89336206054688,0.1672948410034179,0.0375590385437011,9.815478618621826
1732511504567296000,52.9032958984375,0.2175730758666992,0.0251391174316406,9.85094273071289
1732511504577230000,52.91322998046875,0.194678522491455,0.0336684608459472,9.80709891281128
1732511504587164200,52.9231640625,0.1556231079101562,0.0390554145812988,9.751134449005129
1732511504597099000,52.93309912109375,0.1128267532348632,0.0594061286926269,9.746645320892334
1732511504607033000,52.943033203125,0.0736217010498046,0.0906803878784179,9.78674819869995
1732511504616967000,52.952966796875,0.0496796844482421,0.096366616821289,9.855132583618165
1732511504626902000,52.96290209960937,0.0588075782775878,0.0974140800476074,9.867702142333984
1732511504636836000,52.97283618164062,0.0698807609558105,0.1146224044799804,9.871143807220458
1732511504646770000,52.98277001953125,0.0929249519348144,0.1179144317626953,9.850493817901611
1732511504656704300,52.992704345703125,0.1294365272521972,0.1045966850280761,9.814880068206786
1732511504666639000,53.00263916015625,0.1641524513244628,0.1147720420837402,9.799018482208252
1732511504676573000,53.01257299804688,0.1731307075500488,0.0809539436340332,9.757568865966796
1732511504686507000,53.02250708007813,0.1782183860778808,0.0707785865783691,9.76145944366455
1732511504696441900,53.03244189453125,0.1732803451538085,0.0411503410339355,9.778218855285644
1732511504706376200,53.042376220703126,0.1400607971191406,0.031274259185791,9.801113408660887
1732511504716310000,53.05231005859375,0.141706810760498,0.0371101257324218,9.804106160736085
1732511504726244000,53.062244140625,0.1355716690063476,0.0260369430541992,9.79318261566162
1732511504736179000,53.07217895507812,0.1132756660461425,0.0619499679565429,9.777470667266844
1732511504746113000,53.08211303710937,0.1135749412536621,0.0662894584655761,9.753678288269043
1732511504756047000,53.092047119140624,0.0971148048400878,0.0620996055603027,9.732729023742674
1732511504765982000,53.10198193359375,0.0935235023498535,0.0697311233520507,9.759514154815673
1732511504775916000,53.111916015625,0.1032499465942382,0.0775122787475585,9.77432827758789
1732511504785850000,53.12185009765625,0.0998082817077636,0.1031003089904785,9.810241302490232
1732511504795784000,53.13178393554688,0.1138742164611816,0.1029506713867187,9.818321733093262
1732511504805718800,53.14171875,0.1080383499145507,0.0945709655761718,9.815628256225583
1732511504815653000,53.15165307617188,0.1050455978393554,0.0899321998596191,9.815029705810549
1732511504825587000,53.1615869140625,0.1227028350830078,0.0781108291625976,9.816077169036864
1732511504835522000,53.17152197265625,0.1238999359130859,0.0839466957092285,9.814281517791748
1732511504845456000,53.18145581054687,0.1331774673461914,0.0713771369934082,9.78734674911499
1732511504855390000,53.19138989257812,0.1025017585754394,0.0498293220520019,9.789890588378906
1732511504865324000,53.20132397460937,0.1246481239318847,0.0486322212219238,9.779864868927
1732511504875259000,53.2112587890625,0.1138742164611816,0.0522235237121582,9.786149648284912
1732511504885193200,53.22119311523438,0.1156698677062988,0.0450409187316894,9.786448923492433
1732511504895127000,53.231126953125,0.1241992111206054,0.055515550994873,9.7943797164917
1732511504905062000,53.24106176757813,0.1204582710266113,0.0637456192016601,9.781959795379638
1732511504914996000,53.250995849609374,0.1221042846679687,0.0616506927490234,9.784204359436034
1732511504924930000,53.26092993164063,0.1101332763671874,0.0730231506347656,9.81757354507446
1732511504934864100,53.27086401367188,0.1153705924987792,0.0706289489746093,9.79961703262329
1732511504944799000,53.28079907226562,0.1234510231018066,0.0685340225219726,9.810241302490232
1732511504954732800,53.29073291015625,0.1120785652160644,0.0552162757873535,9.815029705810549
1732511504964667100,53.30066723632813,0.1019032081604003,0.060603229522705,9.808595288848876
1732511504974602000,53.31060205078125,0.0987608184814453,0.0682347473144531,9.820865572357176
1732511504984535800,53.32053588867188,0.1004068321228027,0.0638952568054199,9.817423907470705
1732511504994470000,53.33046997070313,0.1045966850280761,0.0603039543151855,9.764601833343503
1732511505004405000,53.34040502929688,0.1191115325927734,0.0595557662963867,9.725546418762208
1732511505014339000,53.350339111328125,0.0953191535949707,0.052971711730957,9.693374333953855
1732511505024273000,53.36027294921875,0.1017535705566406,0.050427872467041,9.732280110931397
1732511505034207200,53.37020727539063,0.0971148048400878,0.028730419921875,9.814880068206786
1732511505044142000,53.38014208984375,0.0843956085205078,0.0396539649963378,9.847201790618897
1732511505054076000,53.39007592773437,0.0680851097106933,0.0303764335632324,9.841365924072266
1732511505064010000,53.40001000976562,0.0906803878784179,0.0538695373535156,9.878326412200929
1732511505073945000,53.40994506835938,0.0849941589355468,0.0664390960693359,9.92740754623413
1732511505083879000,53.41987890625,0.1045966850280761,0.0911293006896972,9.886406842803954
1732511505093813000,53.42981298828125,0.0927753143310546,0.0870890853881835,9.802160871887208
1732511505103746800,53.43974682617188,0.0445920059204101,0.0933738647460937,9.744251119232176
1732511505113682000,53.44968188476562,0.0412999786376953,0.0812532188415527,9.516801961517334
1732511505123616000,53.45961596679688,0.0113724578857421,0.0878372734069824,9.34007995147705
1732511505133549800,53.4695498046875,0.0041898529052734,0.0456394691467285,9.718513451385498
1732511505143485200,53.47948510742187,0.1227028350830078,-0.0234931037902832,10.038289010620115
1732511505153419000,53.4894189453125,0.158316584777832,-0.0680851097106933,10.06776761856079
1732511505163353000,53.49935302734375,0.1795651245117187,-0.0866401725769042,9.693224696350097
1732511505173287000,53.50928686523437,0.149338328552246,-0.0396539649963378,9.5132106590271
1732511505183222000,53.51922192382813,0.0820014068603515,0.0203507141113281,9.72345149230957
1732511505193156000,53.52915600585938,0.0474351203918457,0.0495300468444824,9.96601404800415
1732511505203090000,53.53908984375,0.0032920272827148,0.0637456192016601,9.950751012420652
1732511505213025000,53.54902490234375,-0.010175357055664,0.0990600936889648,9.805003986358642
1732511505222959000,53.558958984375,-0.0049380409240722,0.1234510231018066,9.771634800720214
1732511505232893000,53.56889282226562,0.0205003517150878,0.1481412277221679,9.801113408660887
1732511505242827000,53.57882690429688,0.0674865592956543,0.1460463012695312,9.837624983978271
1732511505252762000,53.58876220703125,0.079158292388916,0.1264437751770019,9.83208839263916
1732511505262696000,53.59869604492187,0.0820014068603515,0.0924760391235351,9.835081144714357
1732511505272630000,53.60863012695312,0.0873883605957031,0.0736217010498046,9.85064345550537
1732511505282564900,53.61856494140625,0.0540191749572753,0.0495300468444824,9.875034384918212
1732511505292499000,53.6284990234375,0.0552162757873535,0.0140659347534179,9.856628959655762
1732511505302433000,53.63843310546875,0.0278325942993164,0.005686228942871,9.8442090385437
1732511505312367900,53.648367919921874,-0.0142155723571777,-0.0040402153015136,9.803357972717285
1732511505322302200,53.65830224609375,-0.0315735343933105,-0.0299275207519531,9.776572841644288
1732511505332236000,53.668236083984375,-0.0023942016601562,-0.0432452674865722,9.765200383758543
1732511505342170000,53.678170166015626,0.0163104988098144,-0.0359130249023437,9.772233351135254
1732511505352105000,53.68810498046875,0.0412999786376953,-0.0320224472045898,9.769240599060058
1732511505362039000,53.6980390625,0.0369604881286621,-0.0067336921691894,9.797073193359374
1732511505371973000,53.70797314453125,0.0362123001098632,0.0196025260925292,9.815478618621826
1732511505381908000,53.71790795898438,0.0278325942993164,0.0493804092407226,9.81951883392334
1732511505391841800,53.727841796875,0.0202010765075683,0.0834977828979492,9.808296013641357
1732511505401776000,53.73777612304688,0.0143652099609375,0.091877488708496,9.835081144714357
1732511505411710000,53.7477099609375,0.0089782562255859,0.1017535705566406,9.824456874847412
1732511505421644800,53.757644775390624,0.0035913024902343,0.1113303771972656,9.71656816253662
1732511505431579000,53.767578857421874,0.0384568641662597,0.1096843635559082,9.872640183258056
1732511505441513000,53.777512939453125,0.0532709869384765,0.0814028564453124,9.898078575897216
1732511505451448000,53.78744799804687,0.0130184715270996,0.0435445426940917,9.668085578918456
1732511505461382000,53.7973818359375,0.0294786079406738,0.0300771583557128,9.638158058166503
1732511505471316200,53.80731616210937,0.0595557662963867,0.0067336921691894,9.715670336914062
1732511505481251000,53.8172509765625,0.0755669898986816,0.0002992752075195,9.739313078308104
1732511505491185000,53.827184814453126,0.0368108505249023,-0.0176572372436523,9.809642752075195
1732511505501119000,53.83711889648438,0.0281318695068359,-0.0064344169616699,9.843011937713625
1732511505511053000,53.84705297851563,0.0062847793579101,0.0109235450744628,9.822810861206056
1732511505520988000,53.85698779296875,0.0098760818481445,0.0143652099609375,9.810690215301513
1732511505530922000,53.866921875,0.0303764335632324,0.0113724578857421,9.829394915771484
1732511505540855800,53.876855712890624,0.0567126518249511,0.0158615859985351,9.863063376617433
1732511505550791000,53.886791015625,0.0773626411437988,0.0329202728271484,9.848847804260254
1732511505560725000,53.89672509765625,0.0532709869384765,0.0445920059204101,9.83238766784668
1732511505570658800,53.90665893554687,0.0378583137512207,0.0556651885986328,9.840468098449708
1732511505580593200,53.91659326171875,0.0333691856384277,0.0685340225219726,9.835829332733152
1732511505590528000,53.92652807617188,0.0552162757873535,0.0519242485046386,9.827599264526366
1732511505600462000,53.93646215820313,0.0480336708068847,0.0474351203918457,9.807547825622558
1732511505610396000,53.94639599609375,0.0644938072204589,0.0104746322631835,9.811438403320311
1732511505620331000,53.9563310546875,0.0966658920288085,0.0122702835083007,9.807398188018798
1732511505630265000,53.96626513671875,0.0860416221618652,0.0041898529052734,9.806949275207518
1732511505640199000,53.976198974609375,0.072723875427246,-0.0160112236022949,9.764152920532226
1732511505650133000,53.98613305664063,0.0383072265625,-0.0104746322631835,9.739462715911865
1732511505660068000,53.99606811523437,0.0170586868286132,-0.0136170219421386,9.724798230743408
1732511505670002000,54.006001953125,-0.003142389678955,-0.0193032508850097,9.71821417617798
1732511505679936000,54.01593603515625,0.0080804306030273,-0.0136170219421386,9.732878661346437
1732511505689871400,54.02587133789063,0.0170586868286132,-0.0104746322631835,9.778218855285644
1732511505699805200,54.03580517578125,0.0026934768676757,-0.010175357055664,9.8059018119812
1732511505709739300,54.0457392578125,0.0205003517150878,0.0040402153015136,9.81847137069702
1732511505719674400,54.05567431640625,0.0330699104309082,0.0143652099609375,9.8189202835083
1732511505729608200,54.06560815429688,0.0478840332031249,0.01915361328125,9.828796365356444
1732511505739542300,54.075542236328126,0.05746083984375,0.0240916542053222,9.820865572357176
1732511505749476400,54.085476318359376,0.0511760604858398,0.0285807823181152,9.848249253845214
1732511505759411500,54.09541137695312,0.0453401939392089,0.0193032508850097,9.83822353439331
1732511505769345300,54.10534521484375,0.0430956298828125,0.01915361328125,9.809792389678954
1732511505779279400,54.115279296875,0.0680851097106933,0.0065840545654296,9.750685536193847
1732511505789214500,54.12521435546875,0.07018003616333,0.0077811553955078,9.68499462814331
1732511505799148300,54.13514819335938,0.0658405456542968,-0.0134673843383789,9.711929396820068
1732511505809082400,54.14508227539063,0.0784101043701171,0.0097264442443847,9.790339501190186
1732511505819016200,54.15501611328125,0.053570262145996,-0.0008978256225585,9.829544553375245
1732511505828951300,54.164951416015626,0.0357633872985839,-0.0086789810180664,9.783605809020996
1732511505838885400,54.17488549804688,0.0188543380737304,0.015263035583496,9.77417863998413
1732511505848819200,54.18481909179688,0.0212485397338867,0.0252887550354003,9.835230782318115
1732511505858754300,54.19475439453125,0.0278325942993164,0.0463876571655273,9.893888722991942
1732511505868688400,54.2046884765625,0.0263362182617187,0.0549170005798339,9.841515561676024
1732511505878622200,54.21462231445312,0.0251391174316406,0.062548518371582,9.775226103210448
1732511505888557300,54.22455737304688,0.0207996269226074,0.052971711730957,9.69696563644409
1732511505898491400,54.23449145507813,0.0332195480346679,0.0706289489746093,9.423577734375
1732511505908425200,54.24442529296875,-0.0517746109008789,0.0767640907287597,9.427169036865234
1732511505918359300,54.254359375,-0.0091278938293457,0.0085293434143066,9.868001417541503
1732511505928294400,54.26429443359375,0.1400607971191406,-0.0525227989196777,10.11939259185791
1732511505938228500,54.274228515625,0.1952770729064941,-0.0855927093505859,9.90870284576416
1732511505948162300,54.284162353515626,0.1551741950988769,-0.0779611915588378,9.552864624023435
1732511505958097200,54.29409716796875,0.0598550415039062,-0.0311246215820312,9.580248305511477
1732511505968031500,54.304031494140624,-0.0194528884887695,0.036361937713623,9.8181720954895
1732511505977965300,54.31396533203125,-0.0537198997497558,0.0674865592956543,9.952696301269532
1732511505987899400,54.3238994140625,-0.0836474205017089,0.098910456085205,9.913491249084473
1732511505997834500,54.33383447265625,-0.0483329460144042,0.1521814430236816,9.817124632263184
1732511506007768300,54.34376831054688,-0.0044891281127929,0.1675941162109374,9.813084416961669
1732511506017702400,54.35370239257813,0.0646434448242187,0.1568202087402343,9.824756150054933
1732511506027637200,54.36363720703125,0.1141734916687011,0.1384147834777832,9.821613760375977
1732511506037571300,54.3735712890625,0.1168669685363769,0.1026513961791992,9.831040929412842
1732511506047505400,54.38350537109375,0.112976390838623,0.0828992324829101,9.830741654205324
1732511506057440300,54.39344018554687,0.0975637176513671,0.0688332977294921,9.81936919631958
1732511506067374300,54.40337426757812,0.0623988807678222,0.0501285972595214,9.81847137069702
1732511506077308400,54.41330834960937,0.0130184715270996,0.0546177253723144,9.820715934753418
1732511506087242200,54.4232421875,-0.0270844062805175,0.0335188232421874,9.822810861206056
1732511506097177300,54.43317724609375,-0.0188543380737304,0.0258873054504394,9.807996738433838
1732511506107111200,54.44311108398438,0.0046387657165527,0.033818098449707,9.790040225982665
1732511506117045500,54.45304541015625,0.0377086761474609,0.0163104988098144,9.75487538909912
1732511506126980400,54.46298046875,0.0552162757873535,0.0158615859985351,9.72988590927124
1732511506136914200,54.4729140625,0.0577601150512695,0.0309749839782714,9.759963067626952
1732511506146848500,54.4828486328125,0.0680851097106933,0.0507271476745605,9.796624280548096
1732511506156782300,54.4927822265625,0.0626981559753418,0.1013046577453613,9.79393080368042
1732511506166717200,54.50271728515625,0.0478840332031249,0.1185129821777343,9.797971018981931
1732511506176651300,54.5126513671875,0.0424970794677734,0.1333271049499511,9.813234054565427
1732511506186585300,54.52258544921875,0.0442927307128906,0.1647510017395019,9.839270997619629
1732511506196520400,54.5325205078125,0.0543184501647949,0.1785176612854004,9.81981810913086
1732511506206454300,54.54245434570313,0.0739209762573242,0.1943792472839355,9.712228672027589
1732511506216388400,54.55238842773438,0.0758662651062011,0.1728314323425293,9.881618439483642
1732511506226323500,54.562323486328125,0.0664390960693359,0.1376665954589843,9.91543653793335
1732511506236257300,54.57225732421875,0.0457891067504882,0.1081879875183105,9.690531219482422
1732511506246191400,54.58219140625,0.0538695373535156,0.0929249519348144,9.649829791259766
1732511506256125200,54.59212524414063,0.0811035812377929,0.0882861862182617,9.726593881988524
1732511506266060300,54.60206030273437,0.081702131652832,0.0668880088806152,9.734973587799072
1732511506275994400,54.61199438476562,0.072723875427246,0.063147068786621,9.780014506530762
1732511506285928200,54.62192822265625,0.0594061286926269,0.0637456192016601,9.84540613937378
1732511506295863300,54.63186328125,0.0384568641662597,0.0694318481445312,9.872640183258056
1732511506305797400,54.64179736328125,0.0556651885986328,0.0932242271423339,9.866505041503906
1732511506315731200,54.65173120117188,0.0607528671264648,0.1138742164611816,9.877877499389648
1732511506325666300,54.66166625976562,0.0914285758972167,0.1285387016296386,9.861567000579834
1732511506335600400,54.67160034179688,0.0939724151611328,0.1640028137207031,9.842862300109864
1732511506345534200,54.6815341796875,0.08933364944458,0.1803133125305175,9.797522106170652
1732511506355468300,54.69146826171875,0.08933364944458,0.1889922935485839,9.772382988739013
1732511506365403400,54.7014033203125,0.1019032081604003,0.1716343315124511,9.77507646560669
1732511506375337500,54.71133740234375,0.0972644424438476,0.1635539009094238,9.795277542114258
1732511506385271300,54.72127124023437,0.0954687911987304,0.144250650024414,9.811438403320311
1732511506395206100,54.7312060546875,0.1023521209716796,0.1283890640258789,9.802909059906003
1732511506405140500,54.74114038085938,0.1182137069702148,0.103399584197998,9.808894564056397
1732511506415074300,54.75107421875,0.1470937644958496,0.0959177040100097,9.810839852905271
1732511506425009200,54.76100903320312,0.131531453704834,0.0951695159912109,9.790489138793944
1732511506434943500,54.770943603515626,0.1198597206115722,0.1042974098205566,9.731382285308838
1732511506444877300,54.780877197265625,0.1050455978393554,0.1256955871582031,9.694272159576416
1732511506454811400,54.79081127929688,0.0737713386535644,0.1312321784973144,9.734674312591553
1732511506464746200,54.80074633789062,0.0805050308227539,0.1304839904785156,9.77358008956909
1732511506474680300,54.81068041992187,0.0764648155212402,0.1227028350830078,9.802609784698486
1732511506484614400,54.82061450195312,0.0779611915588378,0.1312321784973144,9.79408044128418
1732511506494549200,54.83054931640625,0.0933738647460937,0.1403600723266601,9.776123928833009
1732511506504483300,54.8404833984375,0.093822777557373,0.1448492004394531,9.784802909851074
1732511506514417400,54.85041748046875,0.0966658920288085,0.1577180343627929,9.802460147094726
1732511506524351200,54.86035131835938,0.0888847366333007,0.1481412277221679,9.79991630783081
1732511506534286300,54.870286376953125,0.0800561180114746,0.1643020889282226,9.797372468566897
1732511506544220200,54.88022021484375,0.0920271263122558,0.1530792686462402,9.79393080368042
1732511506554154500,54.890154541015626,0.098910456085205,0.1393126091003418,9.798868844604492
1732511506564089300,54.90008935546875,0.098910456085205,0.1303343528747558,9.807398188018798
1732511506574023200,54.91002319335937,0.0975637176513671,0.1364694946289062,9.802160871887208
1732511506583957500,54.91995751953125,0.1074397994995117,0.1212064590454101,9.782707983398437
1732511506593892400,54.92989233398438,0.1247977615356445,0.1253963119506836,9.73661960144043
1732511506603826200,54.939826171875,0.1156698677062988,0.1093850883483886,9.734225399780271
1732511506613760300,54.94976025390625,0.1056441482543945,0.1075894371032714,9.763554370117188
1732511506623694300,54.9596943359375,0.1001075569152832,0.0965162544250488,9.828048177337646
1732511506633629400,54.96962939453125,0.105344873046875,0.0956184288024902,9.854683670806883
1732511506643563300,54.979563232421874,0.0978629928588867,0.1050455978393554,9.881169526672362
1732511506653497300,54.989497314453125,0.105943423461914,0.1176151565551757,9.872191270446775
1732511506663432400,54.99943237304687,0.1101332763671874,0.1560720207214355,9.849147079467771
1732511506673366300,55.0093662109375,0.1022024833679199,0.1565209335327148,9.784353997039794
1732511506683300400,55.01930029296875,0.0743698890686035,0.1693897674560547,9.783905084228516
1732511506693236000,55.02923608398437,0.0478840332031249,0.1854009910583496,9.788394212341307
1732511506703169800,55.03916967773438,0.0252887550354003,0.1732803451538085,9.51889688796997
1732511506713104000,55.04910375976562,-0.0251391174316406,0.1499368789672851,9.515305585479735
1732511506723037700,55.05903759765625,0.0311246215820312,0.1185129821777343,9.854234757995606
1732511506732972800,55.06897290039063,0.1587654975891113,0.0561141014099121,10.047117629241942
1732511506742907000,55.07890698242188,0.1738788955688476,0.0246902046203613,9.958232892608642
1732511506752840700,55.0888408203125,0.1910872200012207,0.0258873054504394,9.622146834564209
1732511506762775800,55.09877587890625,0.1355716690063476,0.052971711730957,9.522637828063964
1732511506772710000,55.1087099609375,0.0752677146911621,0.0941220527648925,9.706392805480956
1732511506782643700,55.11864379882813,0.0478840332031249,0.112976390838623,9.906607919311522
1732511506792578800,55.12857885742188,0.033818098449707,0.1309329032897949,9.899275676727294
1732511506802513000,55.13851293945312,0.0200514389038085,0.155772745513916,9.836427883148191
1732511506812446700,55.14844677734375,0.0562637390136718,0.1857002662658691,9.82580361328125
1732511506822380800,55.158380859375,0.0873883605957031,0.201112939453125,9.84540613937378
1732511506832316000,55.16831591796875,0.1141734916687011,0.2053027923583984,9.860669174957277
1732511506842250000,55.17825,0.1318307289123535,0.1969230865478515,9.82550433807373
1732511506852183800,55.18818383789063,0.1469441268920898,0.1854009910583496,9.811588040924072
1732511506862118700,55.19811865234375,0.1720832443237304,0.1705868682861328,9.842563024902343
1732511506872053000,55.20805297851562,0.139761521911621,0.1433528244018554,9.848398891448976
1732511506881986800,55.21798681640625,0.1244984863281249,0.1370680450439453,9.834931507110594
1732511506891921700,55.22792163085938,0.096366616821289,0.122553197479248,9.821464122772216
1732511506901855700,55.23785571289063,0.079756842803955,0.1125274780273437,9.804854348754882
1732511506911789800,55.24778979492187,0.0718260498046875,0.1111807395935058,9.801861596679688
1732511506921724000,55.25772387695312,0.0685340225219726,0.0818517692565918,9.790638776397705
1732511506931658800,55.26765869140625,0.0873883605957031,0.0899321998596191,9.782857621002195
1732511506941592800,55.2775927734375,0.0969651672363281,0.082300682067871,9.804555073547364
1732511506951527000,55.28752685546875,0.1062426986694335,0.1045966850280761,9.806949275207518
1732511506961461800,55.29746166992187,0.1083376251220703,0.1215057342529296,9.811438403320311
1732511506971395800,55.30739575195312,0.1031003089904785,0.1393126091003418,9.78704747390747
1732511506981330000,55.31732983398437,0.0924760391235351,0.1449988380432128,9.811288765716553
1732511506991264800,55.3272646484375,0.0981622680664062,0.1657984649658203,9.847351428222655
1732511507001198800,55.33719873046875,0.1141734916687011,0.1943792472839355,9.843161575317382
1732511507011132700,55.34713256835938,0.1144727668762207,0.1904886695861816,9.776722479248049
1732511507021067000,55.35706689453125,0.1394622467041015,0.194079972076416,9.69038158187866
1732511507031001900,55.367001953125,0.1126771156311035,0.2075473564147949,9.798120656585692
1732511507040935700,55.376935791015626,0.107888712310791,0.1818096885681152,9.911246685028075
1732511507050870000,55.3868701171875,0.0993593688964843,0.1782183860778808,9.702202952575684
1732511507060804900,55.396804931640624,0.0757166275024414,0.1548749198913574,9.578153379058838
1732511507070738700,55.40673876953125,0.1258452247619629,0.1201589958190917,9.748291334533691
1732511507080672800,55.4166728515625,0.1955763481140136,0.1063923362731933,9.92037457885742
1732511507090607900,55.42660791015625,0.1810615005493163,0.0876876358032226,9.847501065826416
1732511507100542000,55.4365419921875,0.1632546257019043,0.0941220527648925,9.71013374557495
1732511507110475800,55.44647583007813,0.1086369003295898,0.1143231292724609,9.70459715423584
1732511507120409600,55.45640966796875,0.0622492431640624,0.1373673202514648,9.80605144958496
1732511507130345000,55.466344970703126,0.0812532188415527,0.1651999145507812,9.917980377197264
1732511507140278800,55.47627880859375,0.1026513961791992,0.1696890426635742,9.904213717651366
1732511507150212900,55.486212890625,0.129586164855957,0.1916857704162597,9.848997441864013
1732511507160148000,55.49614794921875,0.1319803665161132,0.2103904708862304,9.795427179718017
1732511507170081800,55.50608178710937,0.1432031867980956,0.2133832229614257,9.78106196975708
1732511507180015900,55.516015869140624,0.1514332550048828,0.1867477294921875,9.7936315284729
1732511507189951000,55.52595092773438,0.1470937644958496,0.1713350563049316,9.782857621002195
1732511507199884800,55.535884765625,0.1451484756469726,0.1578676719665527,9.783156896209716
1732511507209819000,55.54581884765625,0.1687912170410156,0.139761521911621,9.78629928588867
1732511507219752700,55.55575268554688,0.1719336067199706,0.1244984863281249,9.81906992111206
1732511507229687800,55.56568774414063,0.167893391418457,0.1301847152709961,9.827449626922608
1732511507239622000,55.57562182617188,0.1798643997192382,0.1294365272521972,9.79333225326538
1732511507249555700,55.5855556640625,0.1562216583251953,0.125097036743164,9.745597857666016
1732511507259490800,55.59549072265625,0.1271919631958007,0.1343745681762695,9.73632032623291
1732511507269425000,55.6054248046875,0.1409586227416992,0.137217682647705,9.743951844024656
1732511507279359000,55.61535888671875,0.1334767425537109,0.1409586227416992,9.77417863998413
1732511507289293800,55.6252939453125,0.125097036743164,0.1449988380432128,9.795427179718017
1732511507299227600,55.6352275390625,0.1508347045898437,0.1494879661560058,9.781810157775878
1732511507309162000,55.64516186523438,0.1433528244018554,0.1625064376831054,9.802310509490969
1732511507319095800,55.655095703125,0.1470937644958496,0.1656488273620605,9.80724855041504
1732511507329030700,55.66503076171875,0.1319803665161132,0.153827456665039,9.808595288848876
1732511507338965000,55.67496508789063,0.1351227561950683,0.1672948410034179,9.81188731613159
1732511507348898800,55.68489892578125,0.1445499252319335,0.174926358795166,9.81263550415039
1732511507358833700,55.69483374023437,0.1258452247619629,0.1722328819274902,9.820267021942138
1732511507368767700,55.70476782226562,0.1438017372131347,0.1660977401733398,9.796773918151857
1732511507378701800,55.71470190429688,0.1458966636657714,0.1705868682861328,9.7936315284729
1732511507388637000,55.72463696289063,0.1484405029296875,0.1589151351928711,9.79946739501953
1732511507398570800,55.73457080078125,0.1672948410034179,0.1472434020996093,9.804854348754882
1732511507408504800,55.7445048828125,0.1686415794372558,0.1466448516845703,9.798120656585692
1732511507418439000,55.75443896484375,0.158316584777832,0.1382651458740234,9.808894564056397
1732511507428373800,55.76437377929688,0.189590843963623,0.1466448516845703,9.790189863586424
1732511507438307800,55.774307861328126,0.1762730972290039,0.1399111595153808,9.805153623962402
1732511507448241700,55.78424169921875,0.1821089637756347,0.1502361541748046,9.82505542526245
1732511507458176800,55.7941767578125,0.1646013641357421,0.1402104347229003,9.809044201660155
1732511507468110800,55.80411083984375,0.1747767211914062,0.1575683967590332,9.796923555755615
1732511507478044700,55.81404467773437,0.172981069946289,0.1432031867980956,9.733626849365232
1732511507487979800,55.82397973632813,0.1674444786071777,0.1340752929687499,9.719261639404296
1732511507497913900,55.83391381835938,0.1517325302124023,0.1527799934387207,9.750386260986328
1732511507507847700,55.84384765625,0.1414075355529785,0.1304839904785156,9.80605144958496
1732511507517783000,55.853782958984375,0.1517325302124023,0.1357213066101074,9.871592720031735
1732511507527716900,55.863716796875,0.1566705711364746,0.1379658706665039,9.903315892028807
1732511507537651000,55.87365087890625,0.1696890426635742,0.146195938873291,9.872789820861817
1732511507547584800,55.88358471679688,0.1726817947387695,0.174926358795166,9.803657247924804
1732511507557520000,55.89351977539062,0.1611596992492675,0.1933317840576171,9.75472575149536
1732511507567454000,55.90345385742187,0.1294365272521972,0.1916857704162597,9.776273566436767
1732511507577387800,55.9133876953125,0.1134253036499023,0.1922843208312988,9.756371765136718
1732511507587322600,55.923322509765626,0.0984615432739257,0.1916857704162597,9.53745195083618
1732511507597257000,55.93325708007813,0.0851437965393066,0.172981069946289,9.70459715423584
1732511507607190800,55.94319067382813,0.136619132232666,0.1316810913085937,9.980528895568847
1732511507617125600,55.953125732421874,0.2123357597351074,0.0996586441040039,10.026467639923094
1732511507627060000,55.96306005859375,0.2385223403930663,0.0924760391235351,9.839719910430908
1732511507636993800,55.972993896484375,0.2193687271118164,0.08933364944458,9.562441430664062
1732511507646928000,55.982927978515626,0.1665466529846191,0.1092354507446289,9.5515178855896
1732511507656862700,55.99286279296875,0.1152209548950195,0.1301847152709961,9.735422500610351
1732511507666796800,56.002796875,0.1056441482543945,0.1322796417236328,9.875932210540771
1732511507676731000,56.01273095703125,0.1194108078002929,0.1134253036499023,9.893739085388184
1732511507686666000,56.022666015625,0.1340752929687499,0.1460463012695312,9.833285493469235
1732511507696600000,56.03260009765625,0.1454477508544921,0.1454477508544921,9.807996738433838
1732511507706534000,56.04253393554688,0.1779191108703613,0.1752256340026855,9.821464122772216
1732511507716469000,56.05246899414063,0.1957259857177734,0.1904886695861816,9.846303964996338
1732511507726403000,56.06240307617188,0.1960252609252929,0.1765723724365234,9.851541281127927
1732511507736337000,56.0723369140625,0.2210147407531738,0.1857002662658691,9.848847804260254
1732511507746272000,56.08227197265625,0.2210147407531738,0.1770212852478027,9.835081144714357
1732511507756206000,56.0922060546875,0.2250549560546874,0.1660977401733398,9.828796365356444
1732511507766140000,56.10213989257812,0.2166752502441406,0.1574187591552734,9.81338369216919
1732511507776074000,56.11207397460937,0.1830067893981933,0.1520318054199218,9.80605144958496
1732511507786009000,56.12200903320313,0.1457470260620117,0.1345242057800293,9.80021558303833
1732511507795943000,56.13194287109375,0.1309329032897949,0.1117792900085449,9.815029705810549
1732511507805877000,56.141876953125,0.0998082817077636,0.1007061073303222,9.814880068206786
1732511507815812000,56.15181201171875,0.1171662437438964,0.0962169792175293,9.784952547454834
1732511507825746200,56.16174609375,0.1246481239318847,0.0761655403137206,9.761010530853271
1732511507835680000,56.17167993164063,0.1429039115905761,0.086191259765625,9.760860893249513
1732511507845614800,56.18161474609375,0.1496376037597656,0.1137245788574218,9.78091233215332
1732511507855549200,56.19154907226562,0.16594810256958,0.1303343528747558,9.803507610321043
1732511507865483000,56.20148291015625,0.1777694732666015,0.1445499252319335,9.830741654205324
1732511507875417900,56.21141796875,0.1804629501342773,0.160860424041748,9.8189202835083
1732511507885352000,56.22135205078125,0.1734299827575683,0.1999158386230468,9.800814133453368
1732511507895286000,56.2312861328125,0.1889922935485839,0.2093430076599121,9.765798934173583
1732511507905220000,56.24122021484375,0.1957259857177734,0.2085948196411132,9.74215619277954
1732511507915155000,56.25115502929688,0.1813607757568359,0.206200617980957,9.911545960235594
1732511507925088800,56.2610888671875,0.14679448928833,0.1821089637756347,9.836128607940672
1732511507935023000,56.271023193359376,0.0897825622558593,0.1638531761169433,9.62708487548828
1732511507944958000,56.2809580078125,0.1373673202514648,0.1221042846679687,9.71118120880127
1732511507954892000,56.29089208984375,0.2142810485839843,0.0933738647460937,9.89598364944458
1732511507964826000,56.300826171875,0.2675520355224609,0.086789810180664,9.874435834503172
1732511507974761000,56.31076098632813,0.2243067680358886,0.1026513961791992,9.740360541534423
1732511507984695000,56.32069506835938,0.1675941162109374,0.1096843635559082,9.69083049468994
1732511507994628900,56.33062890625,0.115520230102539,0.1328781921386718,9.738714527893066
1732511508004563200,56.34056323242187,0.0811035812377929,0.1641524513244628,9.86336265182495
1732511508014498000,56.350498046875,0.1044470474243164,0.1619078872680664,9.918878202819824
1732511508024431900,56.36043188476562,0.1581669471740722,0.1776198356628417,9.893290172576904
1732511508034366000,56.37036596679688,0.1722328819274902,0.1925835960388183,9.847351428222655
1732511508044301000,56.38030102539062,0.1827075141906738,0.1696890426635742,9.815628256225583
1732511508054235000,56.39023486328125,0.2008136642456054,0.1605611488342285,9.823559049224851
1732511508064169000,56.4001689453125,0.1988683753967285,0.1559223831176757,9.83807389678955
1732511508074104000,56.41010400390625,0.1987187377929687,0.1424549987792968,9.81906992111206
1732511508084038100,56.4200380859375,0.2027589530944824,0.1258452247619629,9.795576817321775
1732511508093972000,56.42997192382813,0.2006640266418456,0.1075894371032714,9.787945299530028
1732511508103907000,56.439906982421874,0.1770212852478027,0.0951695159912109,9.818321733093262
1732511508113841200,56.449841064453125,0.1912368576049804,0.0815524940490722,9.825953250885007
1732511508123775000,56.45977490234375,0.1892915687561035,0.1007061073303222,9.828197814941406
1732511508133709000,56.469708984375,0.1741781707763671,0.1108814643859863,9.77447791519165
1732511508143644200,56.47964404296875,0.1575683967590332,0.1195604454040527,9.740659816741942
1732511508153578000,56.48957788085937,0.1550245574951171,0.1101332763671874,9.71761562576294
1732511508163512000,56.49951196289062,0.1438017372131347,0.134673843383789,9.759214879608152
1732511508173447000,56.50944702148438,0.1412578979492187,0.1259948623657226,9.796325005340575
1732511508183381000,56.51938110351563,0.1449988380432128,0.1237502983093261,9.808595288848876
1732511508193315000,56.52931518554688,0.1451484756469726,0.1189618949890136,9.804854348754882
1732511508203250000,56.53925,0.1611596992492675,0.120009358215332,9.819668471527098
1732511508213184000,56.54918408203125,0.1586158599853515,0.132130004119873,9.827898539733884
1732511508223118000,56.5591181640625,0.1586158599853515,0.1421557235717773,9.824157599639893
1732511508233053000,56.56905297851562,0.1574187591552734,0.1339256553649902,9.808894564056397
1732511508242987000,56.57898706054687,0.1637035385131836,0.1291372520446777,9.79393080368042
1732511508252921000,56.58892114257812,0.1441010124206543,0.1342249305725097,9.800365220642089
1732511508262855200,56.59885522460937,0.1464952140808105,0.1376665954589843,9.819668471527098
1732511508272790000,56.6087900390625,0.1617582496643066,0.1173158813476562,9.802909059906003
1732511508282723800,56.618723876953126,0.1714846939086914,0.120607908630371,9.787945299530028
1732511508292658200,56.628658203125,0.16594810256958,0.1286883392333984,9.788094937133788
1732511508302593000,56.63859301757813,0.1741781707763671,0.1140238540649414,9.769240599060058
1732511508312526800,56.64852685546875,0.1909375823974609,0.1092354507446289,9.769839149475096
1732511508322461000,56.6584609375,0.1702875930786132,0.1042974098205566,9.78629928588867
1732511508332396000,56.66839599609375,0.1710357810974121,0.0802057556152343,9.8059018119812
1732511508342329900,56.67832983398438,0.1571194839477539,0.0992097312927246,9.80620108718872
1732511508352264000,56.68826391601562,0.137217682647705,0.0977133552551269,9.800963771057129
1732511508362199000,56.698198974609376,0.156371295928955,0.0954687911987304,9.80665
1732511508372133000,56.70813305664063,0.139162971496582,0.1105821891784668,9.821464122772216
1732511508382067000,56.71806689453125,0.1297358024597167,0.1131260284423828,9.824905787658691
1732511508392001000,56.7280009765625,0.1521814430236816,0.1209071838378906,9.79303297805786
1732511508401936100,56.73793603515625,0.1307832656860351,0.1099836387634277,9.746944596099851
1732511508411870000,56.74786987304688,0.1258452247619629,0.1120785652160644,9.72390040512085
1732511508421804000,56.75780395507813,0.1289876144409179,0.0987608184814453,9.734375037384032
1732511508431739100,56.7677392578125,0.1197100830078125,0.0966658920288085,9.802310509490969
1732511508441673000,56.7776728515625,0.1294365272521972,0.0920271263122558,9.83089129180908
1732511508451607000,56.78760693359375,0.101454295349121,0.0942716903686523,9.847650703430174
1732511508461542000,56.7975419921875,0.1343745681762695,0.1060930610656738,9.881768077087402
1732511508471476000,56.80747607421875,0.1406593475341797,0.117465518951416,9.900921690368651
1732511508481410000,56.81741015625,0.1503857917785644,0.1262941375732421,9.867402867126463
1732511508491345000,56.82734497070312,0.1324292793273925,0.131531453704834,9.807398188018798
1732511508501279000,56.83727905273437,0.0855927093505859,0.1429039115905761,9.788992762756347
1732511508511213000,56.84721313476562,0.0784101043701171,0.1273416007995605,9.64668740158081
1732511508521147100,56.85714721679688,0.0589572158813476,0.1237502983093261,9.419088606262209
1732511508531082000,56.86708203125,-0.000598550415039,0.1083376251220703,9.64100117263794
1732511508541016000,56.87701611328125,0.1396118843078613,0.0417488914489746,9.96571477279663
1732511508550950100,56.8869501953125,0.201711489868164,0.0088286186218261,10.040683212280271
1732511508560885000,56.896885009765626,0.2246060432434082,-0.0212485397338867,9.77507646560669
1732511508570818800,56.90681884765625,0.201112939453125,0.0092775314331054,9.527575868988036
1732511508580753200,56.91675317382813,0.1562216583251953,0.0553659133911132,9.617358431243897
1732511508590688000,56.92668798828125,0.0933738647460937,0.0824503196716308,9.864859027862549
1732511508600621800,56.93662182617187,0.0670376464843749,0.0900818374633789,9.972897377777098
1732511508610556000,56.94655590820312,0.0573112022399902,0.1333271049499511,9.884910466766357
1732511508620491000,56.95649096679688,0.0466869323730468,0.153827456665039,9.796175367736817
1732511508630425000,56.96642504882813,0.0513256980895996,0.182557876586914,9.805602536773682
1732511508640359000,56.97635888671875,0.0776619163513183,0.1891419311523437,9.83253730545044
1732511508650293000,56.98629296875,0.0921767639160156,0.1656488273620605,9.839719910430908
1732511508660228000,56.99622802734375,0.1170166061401367,0.1490390533447265,9.807398188018798
1732511508670162000,57.006161865234375,0.1247977615356445,0.1188122573852539,9.81981810913086
1732511508680096000,57.016095947265626,0.1222539222717285,0.0779611915588378,9.843460850524902
1732511508690030300,57.0260302734375,0.0975637176513671,0.0668880088806152,9.836876795959473
1732511508699964200,57.03596411132813,0.0796072052001953,0.0562637390136718,9.835530057525634
1732511508709898200,57.04589819335938,0.0442927307128906,0.0420481666564941,9.836577520751952
1732511508719833300,57.055833251953125,0.0133177467346191,0.0387561393737792,9.822511585998535
1732511508729767400,57.065767333984375,-0.003142389678955,0.0399532402038574,9.791835877227784
1732511508739701200,57.075701171875,0.0122702835083007,0.0157119483947753,9.764452195739745
1732511508749636400,57.08563623046875,0.0634463439941406,0.0193032508850097,9.7806130569458
1732511508759570400,57.0955703125,0.0834977828979492,0.0199018013000488,9.800963771057129
1732511508769504300,57.10550415039062,0.079756842803955,0.0288800575256347,9.811737678527832
1732511508779439000,57.11543920898438,0.0787093795776367,0.065092357635498,9.813982242584228
1732511508789373400,57.12537353515625,0.0691325729370117,0.0834977828979492,9.81233622894287
1732511508799307300,57.13530737304688,0.0571615646362304,0.1013046577453613,9.812186591339112
1732511508809241300,57.14524145507813,0.0589572158813476,0.1378162330627441,9.847201790618897
1732511508819176400,57.15517651367188,0.0490811340332031,0.1354220314025878,9.835978970336914
1732511508829110300,57.1651103515625,0.0577601150512695,0.137217682647705,9.74335329360962
1732511508839044400,57.17504443359375,0.0444423683166503,0.1355716690063476,9.887304668426513
1732511508848979200,57.18497924804687,0.0653916328430175,0.1182137069702148,9.94102456817627
1732511508858913500,57.19491357421875,0.0586579406738281,0.1038484970092773,9.683797527313232
1732511508868847400,57.20484741210937,0.0585083030700683,0.065092357635498,9.599551556396484
1732511508878782200,57.2147822265625,0.0957680664062499,0.0487818588256835,9.663147537994384
1732511508888716300,57.22471630859375,0.1213560966491699,0.0206499893188476,9.803058697509766
1732511508898650400,57.234650390625,0.0993593688964843,0.0273836814880371,9.888202494049072
1732511508908585200,57.24458520507813,0.0845452461242675,0.0264858558654785,9.862464826202393
1732511508918519300,57.254519287109375,0.0495300468444824,0.0356137496948242,9.802460147094726
1732511508928453000,57.264453125,0.0558148262023925,0.0591068534851074,9.804854348754882
1732511508938387500,57.27438745117188,0.0430956298828125,0.0670376464843749,9.829993466186522
1732511508948322300,57.284322265625,0.0643441696166992,0.0775122787475585,9.859472074127195
1732511508958256000,57.29425610351562,0.0778115539550781,0.0966658920288085,9.853785845184326
1732511508968190500,57.3041904296875,0.0664390960693359,0.111031101989746,9.830143103790284
1732511508978125300,57.31412524414063,0.0935235023498535,0.1092354507446289,9.80605144958496
1732511508988059400,57.32405932617188,0.0959177040100097,0.1177647941589355,9.776273566436767
1732511508997993200,57.3339931640625,0.0785597419738769,0.1026513961791992,9.78166052017212
1732511509007928300,57.34392822265625,0.0899321998596191,0.0869394477844238,9.786448923492433
1732511509017862400,57.3538623046875,0.0939724151611328,0.0760159027099609,9.816974994659423
1732511509027796200,57.36379614257813,0.0830488700866699,0.0619499679565429,9.807847100830076
1732511509037731300,57.3737314453125,0.0920271263122558,0.067636196899414,9.7683427734375
1732511509047665400,57.38366552734375,0.0933738647460937,0.0564133766174316,9.769240599060058
1732511509057599200,57.39359912109375,0.0885854614257812,0.0532709869384765,9.756671040344235
1732511509067534300,57.40353442382813,0.0728735130310058,0.0626981559753418,9.753079737854003
1732511509077468400,57.41346850585938,0.0595557662963867,0.0540191749572753,9.731831198120116
1732511509087402200,57.42340234375,0.0284311447143554,0.0612017799377441,9.730783734893798
1732511509097336300,57.43333642578125,0.0348655616760253,0.0480336708068847,9.7553243019104
1732511509107271400,57.443271484375,0.060603229522705,0.0436941802978515,9.791985514831543
1732511509117205500,57.45320556640625,0.0609025047302246,0.0626981559753418,9.789441675567629
1732511509127139300,57.46313940429688,0.0716764122009277,0.0659901832580566,9.782707983398437
1732511509137074200,57.47307421875,0.0749684394836425,0.0827495948791503,9.791985514831543
1732511509147008500,57.48300854492187,0.0761655403137206,0.0831985076904296,9.79976667022705
1732511509156942300,57.4929423828125,0.0638952568054199,0.1131260284423828,9.803058697509766
1732511509166877200,57.502877197265626,0.0571615646362304,0.0959177040100097,9.83148984222412
1732511509176811300,57.51281127929688,0.0707785865783691,0.0884358238220214,9.80709891281128
1732511509186745300,57.52274536132813,0.0567126518249511,0.1010053825378417,9.804405435943602
1732511509196680200,57.53268017578125,0.072125325012207,0.0909796630859375,9.795127904510498
1732511509206614300,57.5426142578125,0.0704793113708496,0.0751180770874023,9.79393080368042
1732511509216548400,57.55254833984375,0.0775122787475585,0.0653916328430175,9.80575217437744
1732511509226483500,57.5624833984375,0.0839466957092285,0.0632967063903808,9.820267021942138
1732511509236417300,57.57241723632813,0.0851437965393066,0.0745195266723632,9.816226806640625
1732511509246351400,57.58235131835937,0.0742202514648437,0.0812532188415527,9.759813430023192
1732511509256285400,57.59228540039062,0.0725742378234863,0.0444423683166503,9.72315221710205
1732511509266220300,57.60222021484375,0.0677858345031738,0.0378583137512207,9.739761991119384
1732511509276154400,57.612154296875,0.0448912811279296,0.0559644638061523,9.79348189086914
1732511509286088200,57.622088134765626,0.0454898315429687,0.0511760604858398,9.835230782318115
1732511509296023300,57.63202319335937,0.0297778831481933,0.040851065826416,9.811438403320311
1732511509305957400,57.641957275390624,0.0297778831481933,0.0565630142211914,9.797372468566897
1732511509315891200,57.65189111328125,0.0520738861083984,0.0767640907287597,9.861567000579834
1732511509325826300,57.66182641601562,0.0360626625061035,0.0713771369934082,9.918130014801024
1732511509335760400,57.67176049804687,0.0579097526550293,0.0749684394836425,9.86411083984375
1732511509345694200,57.68169409179688,0.0306757087707519,0.0942716903686523,9.78689783630371
1732511509355629600,57.69162963867188,0.0378583137512207,0.0935235023498535,9.730035546875
1732511509365563400,57.7015634765625,0.0157119483947753,0.0860416221618652,9.532813185119627
1732511509375497200,57.711497314453126,-0.0444423683166503,0.100855744934082,9.415796578979492
1732511509385432300,57.72143237304687,-0.0453401939392089,0.0591068534851074,9.772083713531494
1732511509395366400,57.73136645507813,0.0594061286926269,-0.0004489128112792,10.06088428878784
1732511509405300500,57.741300537109375,0.1349731185913086,-0.0597054039001464,10.011803154754638
1732511509415234300,57.751234375,0.1559223831176757,-0.0776619163513183,9.66015478591919
1732511509425169200,57.76116918945313,0.0939724151611328,-0.0410007034301757,9.522039277648926
1732511509435103500,57.771103515625,0.0240916542053222,0.0112228202819824,9.726893157196043
1732511509445037300,57.78103735351562,-0.0276829566955566,0.0667383712768554,9.903615167236328
1732511509454972200,57.79097216796875,-0.0661398208618164,0.0932242271423339,9.921870954895018
1732511509464906200,57.80090625,-0.05102642288208,0.1268926879882812,9.830442378997802
1732511509474840300,57.81084033203125,-0.0023942016601562,0.1408089851379394,9.76849241104126
1732511509484775400,57.820775390625,0.0125695587158203,0.1556231079101562,9.782707983398437
1732511509494709200,57.83070922851562,0.0513256980895996,0.127042325592041,9.79348189086914
1732511509504643300,57.84064331054688,0.0824503196716308,0.1108814643859863,9.810540577697754
1732511509514578400,57.85057836914063,0.0932242271423339,0.0944213279724121,9.81293477935791
1732511509524512300,57.86051220703125,0.0638952568054199,0.0700303985595703,9.827599264526366
1732511509534446300,57.8704462890625,0.0423474418640136,0.0597054039001464,9.84555577697754
1732511509544381400,57.88038134765625,0.0034416648864746,0.0448912811279296,9.842563024902343
1732511509554315300,57.89031518554688,-0.0130184715270996,0.0378583137512207,9.823858324432372
1732511509564249300,57.900249267578126,-0.0294786079406738,0.0227449157714843,9.79333225326538
1732511509574183200,57.91018310546875,-0.0351648368835449,0.0100257194519042,9.763255094909669
1732511509584118300,57.9201181640625,-0.026785131072998,0.0116717330932617,9.741258367156982
1732511509594052400,57.93005224609375,0.0061351417541503,0.0163104988098144,9.772682263946532
1732511509603986200,57.93998608398437,0.024241291809082,0.0230441909790039,9.788094937133788
1732511509613921300,57.94992138671875,0.0309749839782714,0.0567126518249511,9.802909059906003
1732511509623855400,57.95985546875,0.0354641120910644,0.0866401725769042,9.79916811981201
1732511509633789200,57.9697890625,0.0432452674865722,0.1051952354431152,9.800365220642089
1732511509643724500,57.979724609375,0.0430956298828125,0.1373673202514648,9.814580792999267
1732511509653658400,57.989658447265626,0.0294786079406738,0.1545756446838379,9.813982242584228
1732511509663592400,57.99959252929688,0.0288800575256347,0.1572691215515136,9.801861596679688
1732511509673527300,58.00952734375,0.0199018013000488,0.1738788955688476,9.69831237487793
1732511509683461400,58.01946142578125,0.0160112236022949,0.1520318054199218,9.879523513031003
1732511509693395700,58.029395751953125,0.0481833084106445,0.1303343528747558,9.930998848724364
1732511509703330600,58.03933056640625,0.0537198997497558,0.096366616821289,9.676465284729003
1732511509713264600,58.0492646484375,0.0435445426940917,0.0799064804077148,9.6013472076416
1732511509723198700,58.05919873046875,0.091877488708496,0.0665887336730957,9.708637369537351
1732511509733133600,58.06913354492188,0.086789810180664,0.0683843849182128,9.76220763168335
1732511509743067400,58.0790673828125,0.0326209976196289,0.0534206245422363,9.745298582458496
1732511509753001700,58.08900170898438,0.0184054252624511,0.0597054039001464,9.816825357055665
1732511509762935600,58.098935546875,0.0350151992797851,0.0629974311828613,9.887903218841553
1732511509772870700,58.10887060546875,0.0468365699768066,0.0730231506347656,9.89538509902954
1732511509782804700,58.1188046875,0.0716764122009277,0.096366616821289,9.873089096069336
1732511509792738600,58.128738525390624,0.0917278511047363,0.1158195053100586,9.868151055145264
1732511509802673700,58.13867358398438,0.0951695159912109,0.1334767425537109,9.845705414581298
1732511509812607500,58.148607421875,0.0929249519348144,0.1536778190612792,9.803507610321043
1732511509822541800,58.15854174804687,0.0834977828979492,0.1696890426635742,9.80066449584961
1732511509832476700,58.1684765625,0.0760159027099609,0.1680430290222168,9.7936315284729
1732511509842410500,58.17841040039063,0.0941220527648925,0.1535281814575195,9.7928833404541
1732511509852344600,58.18834448242188,0.0927753143310546,0.1364694946289062,9.79946739501953
1732511509862279700,58.19827978515625,0.100855744934082,0.1363198570251464,9.800365220642089
1732511509872213500,58.20821362304687,0.125097036743164,0.1016039329528808,9.78166052017212
1732511509882147600,58.21814770507813,0.1388636962890625,0.0966658920288085,9.78166052017212
1732511509892082700,58.22808276367188,0.118064069366455,0.1068412490844726,9.779116680908205
1732511509902016500,58.2380166015625,0.0885854614257812,0.1007061073303222,9.754426476287842
1732511509911950600,58.24795068359375,0.0629974311828613,0.0917278511047363,9.721955116271973
1732511509921885700,58.2578857421875,0.0579097526550293,0.1072901618957519,9.71671780014038
1732511509931819800,58.26781982421875,0.0454898315429687,0.1107318267822265,9.752930100250245
1732511509941753600,58.277753662109376,0.0369604881286621,0.1126771156311035,9.81293477935791
1732511509951687700,58.28768774414063,0.07018003616333,0.1066916114807128,9.833285493469235
1732511509961622800,58.29762280273437,0.0770633659362793,0.1252466743469238,9.811438403320311
1732511509971556600,58.307556640625,0.0754173522949218,0.1403600723266601,9.814131880187988
1732511509981490700,58.31749072265625,0.0821510444641113,0.1367687698364257,9.796025730133056
1732511509991425500,58.32742553710938,0.0975637176513671,0.1598129608154296,9.79946739501953
1732511510001359600,58.33735961914063,0.0843956085205078,0.1602618736267089,9.805003986358642
1732511510011293700,58.34729370117188,0.0790086547851562,0.15322890625,9.80650036239624
1732511510021228500,58.357228515625,0.0820014068603515,0.1526303558349609,9.8204166595459
1732511510031162600,58.36716259765625,0.1048959602355956,0.1521814430236816,9.785700735473633
1732511510041096700,58.3770966796875,0.0984615432739257,0.1375169578552246,9.797372468566897
1732511510051031600,58.38703149414062,0.1086369003295898,0.1330278297424316,9.797821381378172
1732511510060965600,58.39696557617187,0.1019032081604003,0.1301847152709961,9.785850373077391
1732511510070899700,58.40689965820312,0.1197100830078125,0.1399111595153808,9.801113408660887
1732511510080834600,58.41683447265625,0.1020528457641601,0.1375169578552246,9.822361948394777
1732511510090768600,58.4267685546875,0.0903811126708984,0.131531453704834,9.810540577697754
1732511510100702500,58.43670239257813,0.1041477722167968,0.1230021102905273,9.771634800720214
1732511510110637600,58.446637451171874,0.0896329246520996,0.1426046363830566,9.724199680328368
1732511510120571600,58.456571533203125,0.0824503196716308,0.1310825408935546,9.711330846405028
1732511510130505500,58.46650537109375,0.0692822105407714,0.1194108078002929,9.770138424682616
1732511510140440600,58.47644067382812,0.0860416221618652,0.1228524726867675,9.831040929412842
1732511510150374700,58.48637475585937,0.0796072052001953,0.1264437751770019,9.833135855865478
1732511510160308500,58.49630859375,0.0879869110107421,0.1400607971191406,9.859322436523437
1732511510170242600,58.50624267578125,0.1056441482543945,0.1473930397033691,9.86994670639038
1732511510180177700,58.516177734375,0.117465518951416,0.170437230682373,9.860818812561035
1732511510190111700,58.52611181640625,0.0821510444641113,0.1862988166809082,9.826851076507568
1732511510200045600,58.53604565429688,0.0480336708068847,0.1931821464538574,9.779415956115722
1732511510209980700,58.54598071289063,0.0402525154113769,0.1978209121704101,9.72390040512085
1732511510219914800,58.55591479492188,0.0252887550354003,0.2009633018493652,9.471461767578123
1732511510229848600,58.5658486328125,-0.0154126731872558,0.1877951927185058,9.531167171478272
1732511510239783400,58.57578344726563,0.0489314964294433,0.1138742164611816,9.912892698669433
1732511510249717800,58.5857177734375,0.1771709228515625,0.0562637390136718,10.06193175201416
1732511510259651600,58.59565161132812,0.1849520782470703,0.0381575889587402,9.890297420501708
1732511510269586700,58.60558666992188,0.1999158386230468,0.0369604881286621,9.546280569458007
1732511510279520500,58.6155205078125,0.118064069366455,0.072125325012207,9.542838904571532
1732511510289454600,58.62545458984375,0.0643441696166992,0.1182137069702148,9.796175367736817
1732511510299389700,58.6353896484375,0.0254383926391601,0.1402104347229003,9.958232892608642
1732511510309323500,58.64532348632813,0.0136170219421386,0.168491941833496,9.89463691101074
1732511510319257900,58.6552578125,0.0218470901489257,0.2063502555847167,9.828646727752686
1732511510329192700,58.66519262695312,0.0362123001098632,0.2361281387329101,9.81981810913086
1732511510339126500,58.67512646484375,0.0984615432739257,0.2377741523742675,9.83134020462036
1732511510349060600,58.685060546875,0.1089361755371093,0.2314893730163574,9.822511585998535
1732511510358995700,58.69499560546875,0.1215057342529296,0.2202665527343749,9.815179343414306
1732511510368929500,58.704929443359376,0.1441010124206543,0.2039560539245605,9.81981810913086
1732511510378863600,58.71486352539063,0.1340752929687499,0.1719336067199706,9.853187294769286
1732511510388797400,58.72479736328125,0.1101332763671874,0.1324292793273925,9.856030409240722
1732511510398732500,58.73473266601562,0.0911293006896972,0.1367687698364257,9.840318460845946
1732511510408666600,58.74466650390625,0.0477343955993652,0.1252466743469238,9.827599264526366
1732511510418600400,58.75460034179687,0.0450409187316894,0.1182137069702148,9.781959795379638
1732511510428535800,58.76453588867187,0.0407014282226562,0.0995090065002441,9.769689511871338
1732511510438469600,58.7744697265625,0.0435445426940917,0.0966658920288085,9.769240599060058
1732511510448403700,58.78440380859375,0.0757166275024414,0.1035492218017578,9.772831901550292
1732511510458338600,58.79433862304688,0.0885854614257812,0.10848726272583,9.79393080368042
1732511510468272600,58.80427270507813,0.086191259765625,0.1138742164611816,9.779415956115722
1732511510478206700,58.81420678710938,0.0957680664062499,0.1370680450439453,9.791087689208984
1732511510488141600,58.8241416015625,0.0833481452941894,0.1619078872680664,9.801562321472169
1732511510498075600,58.83407568359375,0.0719756874084472,0.1888426559448242,9.814880068206786
1732511510508009700,58.844009765625,0.0743698890686035,0.2103904708862304,9.834781869506836
1732511510517944600,58.85394458007813,0.0936731399536132,0.2060509803771972,9.82565397567749
1732511510527878400,58.86387841796875,0.0959177040100097,0.1949777976989746,9.776722479248049
1732511510537812700,58.87381274414062,0.1131260284423828,0.2124853973388671,9.715670336914062
1732511510547747600,58.88374755859375,0.0960673416137695,0.1964741737365722,9.913191973876952
1732511510557681700,58.893681640625,0.0852934341430664,0.1862988166809082,9.906907194519045
1732511510567615500,58.903615478515626,0.0541688125610351,0.1815104133605957,9.65865840988159
1732511510577550600,58.91355053710937,0.072125325012207,0.1484405029296875,9.57635772781372
1732511510587484700,58.92348461914062,0.1185129821777343,0.120607908630371,9.702202952575684
1732511510597418500,58.93341845703125,0.1355716690063476,0.1063923362731933,9.8442090385437
1732511510607353600,58.943353515625,0.15322890625,0.0957680664062499,9.868749605560302
1732511510617287700,58.95328759765625,0.1158195053100586,0.0915782135009765,9.789591313171384
1732511510627221500,58.96322143554688,0.0998082817077636,0.1198597206115722,9.765050746154785
1732511510637155600,58.97315551757813,0.0941220527648925,0.1316810913085937,9.854085120391844
1732511510647090700,58.98309057617188,0.0831985076904296,0.1449988380432128,9.88939959487915
1732511510657024500,58.9930244140625,0.0941220527648925,0.1680430290222168,9.868300692749022
1732511510666958600,59.00295849609375,0.1125274780273437,0.1797147621154785,9.82460651245117
1732511510676893700,59.01289379882813,0.1183633445739746,0.1864484542846679,9.800365220642089
1732511510686827800,59.022827880859374,0.1279401512145996,0.1969230865478515,9.807697463226315
1732511510696761300,59.03276123046875,0.1536778190612792,0.1925835960388183,9.809942027282714
1732511510706696200,59.0426962890625,0.1529296310424804,0.1719336067199706,9.79991630783081
1732511510716630500,59.05263061523438,0.148739778137207,0.1596633232116699,9.776273566436767
1732511510726564400,59.062564453125,0.1415571731567382,0.1388636962890625,9.777321029663083
1732511510736499200,59.07249926757813,0.139761521911621,0.1451484756469726,9.790339501190186
1732511510746433300,59.082433349609374,0.1551741950988769,0.1209071838378906,9.834183319091796
1732511510756367400,59.09236743164063,0.155772745513916,0.1146224044799804,9.807547825622558
1732511510766302500,59.10230249023437,0.1411082603454589,0.1310825408935546,9.753977563476562
1732511510776236300,59.112236328125,0.1349731185913086,0.1224035598754882,9.72988590927124
1732511510786170400,59.12217041015625,0.0987608184814453,0.1415571731567382,9.74290438079834
1732511510796105500,59.13210546875,0.0962169792175293,0.1301847152709961,9.792733702850342
1732511510806039300,59.14203930664063,0.0956184288024902,0.1322796417236328,9.802011234283446
1732511510815973400,59.15197338867188,0.0944213279724121,0.1306336280822753,9.810091664886476
1732511510825908500,59.16190844726562,0.1197100830078125,0.1376665954589843,9.80530326156616
1732511510835842300,59.17184228515625,0.1050455978393554,0.1420060859680175,9.800963771057129
1732511510845776400,59.1817763671875,0.1063923362731933,0.1336263801574707,9.8059018119812
1732511510855711500,59.19171142578125,0.1360205818176269,0.1463455764770507,9.817872820281982
1732511510865645300,59.20164526367188,0.1330278297424316,0.1541267318725586,9.791087689208984
1732511510875579400,59.21157934570312,0.1286883392333984,0.1518821678161621,9.802759422302245
1732511510885513200,59.22151318359375,0.1265934127807617,0.1469441268920898,9.808595288848876
1732511510895448300,59.2314482421875,0.1354220314025878,0.1514332550048828,9.794529354095458
1732511510905382400,59.24138232421875,0.1303343528747558,0.144250650024414,9.820267021942138
1732511510915316200,59.251316162109376,0.1312321784973144,0.1508347045898437,9.802460147094726
1732511510925251600,59.26125146484375,0.1333271049499511,0.1381155082702636,9.795576817321775
1732511510935185400,59.27118530273437,0.149338328552246,0.1236006607055664,9.788543849945068
1732511510945119500,59.28111938476562,0.1476923149108886,0.1352723937988281,9.795127904510498
1732511510955054300,59.29105444335938,0.1524807182312011,0.1472434020996093,9.790189863586424
1732511510964988400,59.30098852539062,0.1423053611755371,0.1433528244018554,9.797372468566897
1732511510974922500,59.31092260742187,0.1370680450439453,0.1400607971191406,9.781810157775878
1732511510984857300,59.320857421875,0.1213560966491699,0.1289876144409179,9.796923555755615
1732511510994791200,59.330791259765626,0.1379658706665039,0.1378162330627441,9.81757354507446
1732511511004725500,59.3407255859375,0.1370680450439453,0.1505354293823242,9.818321733093262
1732511511014660400,59.35066040039062,0.1322796417236328,0.148739778137207,9.830442378997802
1732511511024594400,59.360594482421874,0.117465518951416,0.1439513748168945,9.799317757415771
1732511511034528300,59.3705283203125,0.129586164855957,0.1388636962890625,9.758765966796874
1732511511044463400,59.38046337890625,0.1227028350830078,0.1376665954589843,9.736918876647948
1732511511054397400,59.3903974609375,0.1396118843078613,0.1423053611755371,9.72958663406372
1732511511064331300,59.40033129882813,0.1324292793273925,0.1358709442138671,9.771485163116454
1732511511074266400,59.41026635742188,0.1258452247619629,0.1330278297424316,9.814431155395509
1732511511084200400,59.420200439453126,0.1484405029296875,0.1402104347229003,9.872939458465575
1732511511094134300,59.43013427734375,0.1797147621154785,0.1509843421936035,9.90870284576416
1732511511104069400,59.4400693359375,0.1939303344726562,0.1714846939086914,9.879523513031003
1732511511114003500,59.45000341796875,0.1747767211914062,0.1722328819274902,9.80605144958496
1732511511123937300,59.45993725585937,0.1414075355529785,0.1871966423034667,9.772682263946532
1732511511133872400,59.46987231445313,0.1144727668762207,0.2064998931884765,9.76804349822998
1732511511143806500,59.47980639648438,0.0793079299926757,0.1964741737365722,9.593266777038574
1732511511153740300,59.489740234375,0.0562637390136718,0.1990180130004882,9.498546173858642
1732511511163675400,59.49967529296875,0.0761655403137206,0.1599625984191894,9.810690215301513
1732511511173609200,59.509609130859374,0.172981069946289,0.0954687911987304,10.025420176696777
1732511511183543600,59.51954345703125,0.2250549560546874,0.0796072052001953,10.013000255584716
1732511511193477400,59.52947729492188,0.230441909790039,0.0854430717468261,9.69771382446289
1732511511203412200,59.539412109375,0.2003647514343261,0.1022024833679199,9.5001921875
1732511511213346600,59.5493466796875,0.1649006393432617,0.1179144317626953,9.648483052825927
1732511511223280400,59.5592802734375,0.120009358215332,0.1327285545349121,9.848249253845214
1732511511233215200,59.56921533203125,0.1126771156311035,0.1279401512145996,9.920524216461182
1732511511243149300,59.5791494140625,0.1168669685363769,0.1439513748168945,9.869348155975342
1732511511253083400,59.58908349609375,0.1288379768371582,0.1683423042297363,9.81802245788574
1732511511263018500,59.5990185546875,0.1378162330627441,0.1788169364929199,9.828646727752686
1732511511272952300,59.608952392578125,0.1640028137207031,0.1975216369628906,9.835679695129397
1732511511282886100,59.61888623046875,0.1491886909484863,0.1984194625854492,9.83807389678955
1732511511292821500,59.62882153320312,0.1862988166809082,0.1970727241516113,9.847800341033937
1732511511302755300,59.63875537109375,0.2190694519042968,0.1816600509643554,9.864859027862549
1732511511312689400,59.648689453125,0.2003647514343261,0.1797147621154785,9.866505041503906
1732511511322624500,59.65862451171875,0.1969230865478515,0.1698386802673339,9.821763397979735
1732511511332558300,59.66855834960938,0.1854009910583496,0.1752256340026855,9.811438403320311
1732511511342492400,59.67849243164063,0.1586158599853515,0.1476923149108886,9.801412683868408
1732511511352427500,59.688427490234375,0.1409586227416992,0.1271919631958007,9.778817405700684
1732511511362361300,59.698361328125,0.12764087600708,0.1195604454040527,9.798719207000731
1732511511372295400,59.70829541015625,0.1264437751770019,0.091278938293457,9.80635072479248
1732511511382230300,59.71823022460938,0.1150713172912597,0.0888847366333007,9.798569569396973
1732511511392164400,59.72816430664062,0.132130004119873,0.1001075569152832,9.782408708190918
1732511511402098400,59.73809838867187,0.1421557235717773,0.1212064590454101,9.802460147094726
1732511511412033300,59.748033203125,0.148739778137207,0.1249473991394043,9.805153623962402
1732511511421967400,59.75796728515625,0.1577180343627929,0.1545756446838379,9.813533329772948
1732511511431901400,59.7679013671875,0.1547252822875976,0.1696890426635742,9.802011234283446
1732511511441836300,59.77783618164062,0.168491941833496,0.1888426559448242,9.818321733093262
1732511511451770400,59.787770263671874,0.1803133125305175,0.2060509803771972,9.80620108718872
1732511511461704200,59.7977041015625,0.1969230865478515,0.2064998931884765,9.727042794799804
1732511511471639300,59.80763940429687,0.1952770729064941,0.2139817733764648,9.834931507110594
1732511511481573400,59.81757348632812,0.1789665740966796,0.2070984436035156,9.950751012420652
1732511511491507200,59.82750708007813,0.1328781921386718,0.1993172882080078,9.748291334533691
1732511511501442600,59.83744262695313,0.1137245788574218,0.1824082389831542,9.559299040985106
1732511511511376400,59.84737646484375,0.1527799934387207,0.1426046363830566,9.682600426483154
1732511511521310200,59.857310302734376,0.2277484329223632,0.1152209548950195,9.892541984558106
1732511511531244300,59.86724438476563,0.2395698036193847,0.1025017585754394,9.886556480407714
1732511511541179400,59.877179443359374,0.2121861221313476,0.0854430717468261,9.738564890289306
1732511511551113500,59.88711352539063,0.1666962905883789,0.105344873046875,9.70414824142456
1732511511561047300,59.89704736328125,0.1396118843078613,0.1168669685363769,9.785850373077391
1732511511570982400,59.906982421875,0.1197100830078125,0.1342249305725097,9.86994670639038
1732511511580916500,59.91691650390625,0.1289876144409179,0.1598129608154296,9.899126039123535
1732511511590850300,59.92685034179687,0.1481412277221679,0.1584662223815917,9.858424610900878
1732511511600785200,59.93678515625,0.1669955657958984,0.2015618522644043,9.807996738433838
1732511511610719500,59.94671948242188,0.180014037322998,0.1934814216613769,9.795427179718017
1732511511620653300,59.9566533203125,0.1786672988891601,0.1753752716064453,9.813533329772948
1732511511630588400,59.96658837890625,0.2088940948486328,0.1731307075500488,9.803357972717285
1732511511640522500,59.9765224609375,0.2127846725463867,0.1641524513244628,9.802310509490969
1732511511650456300,59.98645629882813,0.2082955444335937,0.155772745513916,9.776123928833009
1732511511660391400,59.99639135742188,0.1861491790771484,0.1258452247619629,9.777769942474364
1732511511670325200,60.0063251953125,0.1761234596252441,0.1259948623657226,9.817124632263184
1732511511680259600,60.01625952148437,0.2115875717163085,0.1273416007995605,9.820865572357176
1732511511690194700,60.026194580078126,0.1994669258117675,0.1331774673461914,9.800365220642089
1732511511700128500,60.03612841796875,0.1711854187011718,0.1387140586853027,9.752481187438963
1732511511710062600,60.0460625,0.1446995628356933,0.1394622467041015,9.7162688873291
1732511511719997700,60.055997802734375,0.1285387016296386,0.1348234809875488,9.74185691757202
1732511511729931500,60.065931640625,0.1221042846679687,0.1376665954589843,9.772233351135254
1732511511739865600,60.07586547851562,0.1399111595153808,0.1393126091003418,9.811438403320311
1732511511749800700,60.08580078125,0.1508347045898437,0.1529296310424804,9.821464122772216
1732511511759734500,60.09573461914062,0.1798643997192382,0.1292868896484375,9.809493114471437
1732511511769668600,60.10566870117187,0.1752256340026855,0.1234510231018066,9.798270294189452
1732511511779603500,60.115603515625,0.1904886695861816,0.1408089851379394,9.801412683868408
1732511511789537800,60.12553784179688,0.1714846939086914,0.1411082603454589,9.784353997039794
1732511511799471600,60.1354716796875,0.1638531761169433,0.1458966636657714,9.794978266906735
1732511511809406500,60.14540649414062,0.1779191108703613,0.1279401512145996,9.80051485824585
1732511511819340500,60.155340576171874,0.1806125877380371,0.1478419525146484,9.804704711151125
1732511511829274600,60.16527465820312,0.1734299827575683,0.1340752929687499,9.808296013641357
1732511511839209500,60.17520947265625,0.1846528030395507,0.1388636962890625,9.799018482208252
1732511511849143600,60.1851435546875,0.1904886695861816,0.12764087600708,9.797671743774414
1732511511859077600,60.19507763671875,0.2073977188110351,0.1399111595153808,9.79258406524658
1732511511869012500,60.20501245117188,0.2026093154907226,0.1300350776672363,9.785251822662351
1732511511878946600,60.214946533203126,0.2044049667358398,0.1268926879882812,9.795876092529296
1732511511888880400,60.22488037109375,0.1792658493041992,0.1327285545349121,9.7936315284729
1732511511898815700,60.23481567382812,0.1791162117004394,0.1382651458740234,9.789142400360106
1732511511908749600,60.24474951171875,0.1907879447937011,0.1307832656860351,9.781959795379638
1732511511918683600,60.25468359375,0.170437230682373,0.1264437751770019,9.780014506530762
1732511511928618800,60.26461865234375,0.1515828926086425,0.1402104347229003,9.795277542114258
1732511511938552600,60.27455249023438,0.1219546470642089,0.1334767425537109,9.801412683868408
1732511511948486700,60.28448657226563,0.1273416007995605,0.1524807182312011,9.802310509490969
1732511511958420500,60.29442041015625,0.1310825408935546,0.15322890625,9.824157599639893
1732511511968355600,60.30435546875,0.1340752929687499,0.1605611488342285,9.822810861206056
1732511511978289700,60.31428955078125,0.1523310806274413,0.1565209335327148,9.796624280548096
1732511511988223500,60.32422338867188,0.1689408546447753,0.1607107864379882,9.782408708190918
1732511511998158600,60.33415869140625,0.1717839691162109,0.1601122360229492,9.737816702270509
1732511512008092700,60.3440927734375,0.1666962905883789,0.1560720207214355,9.743652568817138
1732511512018026500,60.35402661132812,0.1587654975891113,0.1388636962890625,9.81278514175415
1732511512027961600,60.36396166992188,0.1414075355529785,0.1207575462341308,9.856180046844482
1732511512037895700,60.37389575195313,0.1325789169311523,0.1218050094604492,9.894487273406982
1732511512047829500,60.38382958984375,0.1402104347229003,0.1252466743469238,9.924714069366454
1732511512057764600,60.3937646484375,0.1848024406433105,0.1414075355529785,9.91513726272583
1732511512067698400,60.403698486328125,0.1830067893981933,0.1508347045898437,9.846004689788815
1732511512077632800,60.4136328125,0.1509843421936035,0.1798643997192382,9.781959795379638
1732511512087567600,60.42356762695312,0.107888712310791,0.1792658493041992,9.762806182098387
1732511512097501400,60.43350146484375,0.0839466957092285,0.1753752716064453,9.65970587310791
1732511512107435500,60.443435546875,0.0420481666564941,0.1610100616455078,9.453056342315673
1732511512117370600,60.45337060546875,0.0517746109008789,0.1432031867980956,9.69187795791626
1732511512127304400,60.46330444335938,0.1536778190612792,0.0775122787475585,9.970802451324465
1732511512137238500,60.47323852539063,0.2289455337524414,0.040851065826416,10.012102429962155
1732511512147173600,60.48317358398437,0.2391208908081054,0.0380079513549804,9.788992762756347
1732511512157107700,60.493107666015625,0.2392705284118652,0.0558148262023925,9.521590364837646
1732511512167041500,60.50304150390625,0.1855506286621093,0.0799064804077148,9.606584523773192
1732511512176976600,60.5129765625,0.1233013854980468,0.0939724151611328,9.83837317199707
1732511512186910700,60.52291064453125,0.1065419738769531,0.1149216796875,9.948805723571777
1732511512196844500,60.53284448242187,0.1125274780273437,0.1445499252319335,9.894936186218262
1732511512206779400,60.542779296875,0.1179144317626953,0.1578676719665527,9.823858324432372
1732511512216713700,60.55271362304688,0.127042325592041,0.1810615005493163,9.81906992111206
1732511512226647600,60.5626474609375,0.1360205818176269,0.1984194625854492,9.830292741394045
1732511512236582400,60.57258251953125,0.1560720207214355,0.1862988166809082,9.818321733093262
1732511512246516500,60.5825166015625,0.1484405029296875,0.1903390319824218,9.80066449584961
1732511512256450600,60.59245043945312,0.1720832443237304,0.1617582496643066,9.834033681488036
1732511512266385700,60.6023857421875,0.1854009910583496,0.132130004119873,9.846752877807615
1732511512276319500,60.61231958007812,0.1536778190612792,0.1203086334228515,9.836727158355712
1732511512286253600,60.62225366210937,0.1153705924987792,0.0947206031799316,9.83837317199707
1732511512296188700,60.63218872070313,0.0975637176513671,0.0507271476745605,9.815777893829344
1732511512306122500,60.64212255859375,0.0754173522949218,0.0412999786376953,9.80575217437744
1732511512316056600,60.652056640625,0.0763151779174804,0.024839842224121,9.783007258605956
1732511512325991700,60.66199169921875,0.0805050308227539,0.0091278938293457,9.78629928588867
1732511512335925500,60.671925537109374,0.0872387229919433,0.007631517791748,9.766696759796142
1732511512345859600,60.681859619140624,0.098311905670166,0.0157119483947753,9.763404732513427
1732511512355794700,60.69179467773437,0.1152209548950195,0.0411503410339355,9.770138424682616
1732511512365728500,60.701728515625,0.1025017585754394,0.0680851097106933,9.773430451965332
1732511512375662600,60.71166259765625,0.1147720420837402,0.1048959602355956,9.802011234283446
1732511512385597400,60.721597412109375,0.1215057342529296,0.1343745681762695,9.829993466186522
1732511512395531800,60.73153173828125,0.1357213066101074,0.146195938873291,9.849296717071532
1732511512405465600,60.74146557617188,0.1191115325927734,0.1592144104003906,9.839719910430908
1732511512415400400,60.751400390625,0.1277905136108398,0.1478419525146484,9.771634800720214
1732511512425334800,60.76133471679688,0.1207575462341308,0.149338328552246,9.815927531433104
1732511512435268600,60.7712685546875,0.1267430503845214,0.1379658706665039,9.975740492248535
1732511512445203500,60.78120336914063,0.0870890853881835,0.1001075569152832,9.81862100830078
1732511512455137500,60.79113745117188,0.0592564910888671,0.0692822105407714,9.57695627822876
1732511512465071600,60.80107153320313,0.0932242271423339,0.0671872840881347,9.585635259246825
1732511512475006500,60.81100634765625,0.1518821678161621,0.0332195480346679,9.783156896209716
1732511512484940500,60.8209404296875,0.1607107864379882,0.0160112236022949,9.890147782897948
1732511512494874400,60.830874267578125,0.1577180343627929,0.0200514389038085,9.841964474487304
1732511512504809700,60.84080981445312,0.1241992111206054,0.0387561393737792,9.795576817321775
1732511512514743600,60.85074365234375,0.103399584197998,0.0430956298828125,9.798719207000731
1732511512524677600,60.860677734375,0.1062426986694335,0.0603039543151855,9.800963771057129
1732511512534612700,60.87061279296875,0.1072901618957519,0.0839466957092285,9.808894564056397
1732511512544546600,60.88054663085938,0.0945709655761718,0.0981622680664062,9.839121360015868
1732511512554480600,60.89048071289063,0.1195604454040527,0.0978629928588867,9.855880771636963
1732511512564415700,60.900415771484376,0.1306336280822753,0.1017535705566406,9.846004689788815
1732511512574349600,60.910349609375,0.1529296310424804,0.0969651672363281,9.811438403320311
1732511512584283600,60.92028369140625,0.1470937644958496,0.0956184288024902,9.782707983398437
1732511512594217500,60.93021752929688,0.1429039115905761,0.0815524940490722,9.75562357711792
1732511512604152600,60.94015258789062,0.1330278297424316,0.0513256980895996,9.783306533813477
1732511512614086700,60.95008666992187,0.1373673202514648,0.0453401939392089,9.829544553375245
1732511512624021500,60.960021484375,0.1216553718566894,0.0395043273925781,9.815478618621826
1732511512633955600,60.96995556640625,0.1194108078002929,0.0366612129211425,9.80051485824585
1732511512643889700,60.9798896484375,0.1162684181213378,0.052971711730957,9.788244574737549
1732511512653824500,60.989824462890624,0.1086369003295898,0.0526724365234375,9.762057994079589
1732511512663758600,60.99975854492188,0.0905307502746581,0.0456394691467285,9.725097505950927
1732511512673692400,61.0096923828125,0.0775122787475585,0.0478840332031249,9.720608377838134
1732511512683626800,61.019626708984376,0.0882861862182617,0.0435445426940917,9.714622873687745
1732511512693560800,61.029560791015626,0.0864905349731445,0.0429459922790527,9.769839149475096
1732511512703495000,61.03949487304688,0.1057937858581542,0.0486322212219238,9.794828629302978
1732511512713428700,61.0494287109375,0.1016039329528808,0.0501285972595214,9.826252526092528
1732511512723363800,61.05936376953125,0.1384147834777832,0.0683843849182128,9.814880068206786
1732511512733298000,61.0692978515625,0.1316810913085937,0.0692822105407714,9.807996738433838
1732511512743231700,61.07923168945312,0.1288379768371582,0.0743698890686035,9.802011234283446
1732511512753166800,61.08916674804688,0.1458966636657714,0.0740706138610839,9.800365220642089
1732511512763101000,61.09910083007812,0.1451484756469726,0.0718260498046875,9.79423007888794
1732511512773035800,61.10903588867188,0.1234510231018066,0.0763151779174804,9.783905084228516
1732511512782969600,61.11896948242188,0.1209071838378906,0.0748188018798828,9.795127904510498
1732511512792904000,61.12890405273438,0.1324292793273925,0.0598550415039062,9.794529354095458
1732511512802837800,61.138837646484376,0.1143231292724609,0.0380079513549804,9.801263046264648
1732511512812772900,61.14877294921875,0.1140238540649414,0.0251391174316406,9.797671743774414
1732511512822707000,61.15870703125,0.1244984863281249,0.0395043273925781,9.78779566192627
1732511512832641800,61.16864184570313,0.1237502983093261,0.0269347686767578,9.798569569396973
1732511512842576000,61.17857592773437,0.1283890640258789,0.0324713600158691,9.808744926452636
1732511512852509700,61.188509765625,0.120009358215332,0.0395043273925781,9.815179343414306
1732511512862444000,61.19844409179687,0.0921767639160156,0.0492307716369628,9.821613760375977
1732511512872379000,61.20837890625,0.0966658920288085,0.0507271476745605,9.81906992111206
1732511512882312700,61.21831274414063,0.0905307502746581,0.0468365699768066,9.78779566192627
1732511512892246800,61.22824682617188,0.0811035812377929,0.0480336708068847,9.808894564056397
1732511512902182000,61.23818188476562,0.0873883605957031,0.0490811340332031,9.807547825622558
1732511512912115700,61.24811572265625,0.1022024833679199,0.0568622894287109,9.74260510559082
1732511512922050800,61.25805078125,0.098311905670166,0.0335188232421874,9.724349317932129
1732511512931985000,61.26798486328125,0.1028010337829589,0.0276829566955566,9.763704007720946
1732511512941919000,61.2779189453125,0.0785597419738769,0.0203507141113281,9.815927531433104
1732511512951852800,61.28785278320313,0.0959177040100097,0.0164601364135742,9.824905787658691
1732511512961788000,61.29778784179688,0.0691325729370117,0.010175357055664,9.821314485168456
1732511512971722000,61.307721923828126,0.0722749626159667,0.0353144744873046,9.8442090385437
1732511512981655800,61.31765576171875,0.0821510444641113,0.0435445426940917,9.904662630462646
1732511512991590700,61.32759057617187,0.0833481452941894,0.0525227989196777,9.89568437423706
1732511513001525000,61.33752490234375,0.0664390960693359,0.0579097526550293,9.81188731613159
1732511513011458800,61.34745874023437,0.0579097526550293,0.0682347473144531,9.763704007720946
1732511513021393700,61.3573935546875,0.0507271476745605,0.0616506927490234,9.66539210205078
1732511513031327700,61.36732763671875,0.0508767852783203,0.0641945320129394,9.389310723114011
1732511513041261800,61.37726171875,-0.0134673843383789,0.0546177253723144,9.560795417022703
1732511513051197000,61.387197021484376,0.0532709869384765,-0.0064344169616699,9.948656085968016
1732511513061130800,61.397130859375,0.1514332550048828,-0.0715267745971679,10.085424855804442
1732511513071064800,61.40706494140625,0.1821089637756347,-0.101454295349121,9.874286196899414
1732511513081000000,61.417,0.1595136856079101,-0.1036988594055175,9.577554828643798
1732511513090933800,61.42693383789062,0.0927753143310546,-0.029328970336914,9.62723451309204
1732511513100867800,61.43686791992187,0.0429459922790527,0.005686228942871,9.855581496429442
1732511513110803000,61.44680297851563,0.0001496376037597,0.0309749839782714,9.939228916931151
1732511513120736800,61.45673681640625,-0.0083797058105468,0.0670376464843749,9.871293444824218
1732511513130670800,61.4666708984375,-0.0134673843383789,0.1093850883483886,9.78166052017212
1732511513140606000,61.47660595703125,0.0166097740173339,0.1135749412536621,9.777769942474364
1732511513150539800,61.48653979492188,0.0270844062805175,0.0978629928588867,9.812036953735351
1732511513160473900,61.496473876953125,0.0570119270324707,0.0763151779174804,9.834632231903075
1732511513170408700,61.50640869140625,0.0828992324829101,0.063147068786621,9.835380419921874
1732511513180343000,61.51634301757812,0.072125325012207,0.0383072265625,9.847501065826416
1732511513190276900,61.52627685546875,0.069581485748291,0.0079307929992675,9.840917011260986
1732511513200211700,61.53621166992188,0.0427963546752929,0.0026934768676757,9.862015913391112
1732511513210145800,61.54614575195313,0.0047884033203125,-0.0212485397338867,9.865607215881347
1732511513220079900,61.55607983398438,0.0037409400939941,-0.029328970336914,9.834781869506836
1732511513230014700,61.5660146484375,-0.0185550628662109,-0.0513256980895996,9.798868844604492
1732511513239948800,61.57594873046875,-0.0143652099609375,-0.0734720634460449,9.767145672607422
1732511513249883000,61.5858828125,-0.0203507141113281,-0.0767640907287597,9.774777190399169
1732511513259817700,61.59581762695313,0.0086789810180664,-0.0674865592956543,9.78674819869995
1732511513269751800,61.60575170898438,0.0272340438842773,-0.0390554145812988,9.80066449584961
1732511513279685600,61.615685546875,0.0157119483947753,-0.0035913024902343,9.7943797164917
1732511513289621000,61.62562109375,0.0206499893188476,0.000598550415039,9.789890588378906
1732511513299554800,61.63555493164063,0.0068833297729492,0.024241291809082,9.808744926452636
1732511513309489000,61.64548901367188,0.005087678527832,0.0550666381835937,9.817872820281982
1732511513319424000,61.655424072265625,-0.0028431144714355,0.0730231506347656,9.826402163696288
1732511513329357800,61.66535791015625,-0.0145148475646972,0.074669164276123,9.75472575149536
1732511513339292000,61.6752919921875,-0.014664485168457,0.0758662651062011,9.770138424682616
1732511513349226800,61.68522680664063,0.0205003517150878,0.0629974311828613,9.969605350494383
1732511513359160800,61.69516088867187,0.0149637603759765,0.0206499893188476,9.81951883392334
1732511513369095000,61.70509497070312,0.0113724578857421,-0.0157119483947753,9.632471829223633
1732511513379029800,61.71502978515625,0.0167594116210937,-0.0067336921691894,9.700856214141846
1732511513388963800,61.7249638671875,0.0659901832580566,-0.010175357055664,9.80051485824585
1732511513398898000,61.73489794921875,0.0350151992797851,-0.0260369430541992,9.7675945854187
1732511513408832800,61.74483276367187,-0.0002992752075195,-0.0371101257324218,9.740510179138184
1732511513418766800,61.75476684570312,-0.0279822319030761,-0.0187047004699707,9.828796365356444
1732511513428702000,61.76470190429688,-0.0022445640563964,-0.0324713600158691,9.906607919311522
1732511513438635800,61.7746357421875,0.0284311447143554,-0.0435445426940917,9.873687646484374
1732511513448569900,61.78456982421875,0.0442927307128906,-0.0294786079406738,9.84540613937378
1732511513458503700,61.79450366210938,0.0460883819580078,-0.0134673843383789,9.827449626922608
1732511513468438800,61.804438720703125,0.0487818588256835,0.0240916542053222,9.83134020462036
1732511513478372900,61.814372802734376,0.0442927307128906,0.0420481666564941,9.822212310791016
1732511513488306700,61.824306640625,0.0384568641662597,0.053570262145996,9.797222830963134
1732511513498241800,61.83424169921875,0.0436941802978515,0.0609025047302246,9.790489138793944
1732511513508176000,61.84417578125,0.0561141014099121,0.0339677360534667,9.797821381378172
1732511513518109700,61.85410961914062,0.0495300468444824,0.0116717330932617,9.799317757415771
1732511513528045000,61.86404516601562,0.0643441696166992,-0.0007481880187988,9.77432827758789
1732511513537979000,61.87397875976563,0.0698807609558105,-0.0092775314331054,9.78719711151123
1732511513547913000,61.88391284179688,0.076614453125,-0.0167594116210937,9.784503634643556
1732511513557847800,61.89384790039063,0.0453401939392089,-0.015263035583496,9.76789386062622
1732511513567782000,61.90378198242188,0.029328970336914,-0.0185550628662109,9.7438022064209
1732511513577716000,61.913716064453126,0.0166097740173339,-0.0058358665466308,9.714024323272705
1732511513587650800,61.92365087890625,-0.0110731826782226,-0.0026934768676757,9.68499462814331
1732511513597584600,61.93358471679687,0.014664485168457,-0.009576806640625,9.721805478668212
1732511513607519700,61.94351977539063,0.0392050521850585,-0.0014963760375976,9.770736975097655
1732511513617453800,61.95345385742188,0.0424970794677734,-0.0022445640563964,9.789142400360106
1732511513627387600,61.9633876953125,0.0472854827880859,0.0284311447143554,9.788543849945068
1732511513637323000,61.97332299804688,0.0396539649963378,0.0438438179016113,9.784503634643556
1732511513647256800,61.9832568359375,0.034416648864746,0.0384568641662597,9.767145672607422
1732511513657191000,61.99319091796875,0.0386065017700195,0.0634463439941406,9.778518130493165
1732511513667126000,62.0031259765625,0.0540191749572753,0.053570262145996,9.787646024322507
1732511513677059800,62.01305981445312,0.0499789596557617,0.0472854827880859,9.80530326156616
1732511513686994000,62.02299389648437,0.029328970336914,0.0541688125610351,9.817723182678222
1732511513696929000,62.03292895507813,0.0495300468444824,0.0300771583557128,9.823110136413574
1732511513706862800,62.04286279296875,0.0585083030700683,0.0212485397338867,9.816974994659423
1732511513716797000,62.052796875,0.0825999572753906,0.0372597633361816,9.797971018981931
1732511513726732000,62.06273193359375,0.0849941589355468,0.0202010765075683,9.78719711151123
1732511513736665900,62.07266577148437,0.0863408973693847,0.0243909294128417,9.752481187438963
1732511513746600000,62.08259985351562,0.0632967063903808,0.0068833297729492,9.764751470947266
1732511513756535000,62.09253515625,0.0513256980895996,0.0053869537353515,9.777919580078123
1732511513766469000,62.10246923828125,0.0543184501647949,0.0071826049804687,9.792434427642824
1732511513776403000,62.11240283203125,0.0401028778076171,0.0136170219421386,9.801861596679688
1732511513786338000,62.12233813476563,0.0649427200317382,0.015263035583496,9.841216286468503
1732511513796272000,62.13227221679688,0.0736217010498046,0.0558148262023925,9.873687646484374
1732511513806206000,62.1422060546875,0.0845452461242675,0.0730231506347656,9.868599967956545
1732511513816140800,62.152140869140624,0.0571615646362304,0.086789810180664,9.829694190979003
1732511513826075100,62.1620751953125,0.026785131072998,0.0763151779174804,9.773879364776612
1732511513836009000,62.172009033203125,0.0119710083007812,0.07018003616333,9.740360541534423
1732511513845943800,62.18194384765625,0.0155623107910156,0.0758662651062011,9.529221882629392
1732511513855878000,62.1918779296875,-0.0526724365234375,0.0773626411437988,9.469666116333007
1732511513865812000,62.20181201171875,-0.0525227989196777,0.0213981773376464,9.827599264526366
1732511513875747000,62.2117470703125,0.115520230102539,-0.0543184501647949,10.082731378936767
1732511513885681000,62.221680908203126,0.2129343101501464,-0.0873883605957031,10.002675260925292
1732511513895615000,62.23161499023438,0.2026093154907226,-0.081702131652832,9.623194297790526
1732511513905550000,62.24155004882813,0.1182137069702148,-0.0257376678466796,9.539546877288815
1732511513915484000,62.25148388671875,0.01915361328125,0.0288800575256347,9.757269590759275
1732511513925418000,62.26141796875,-0.0190039756774902,0.0526724365234375,9.941623118591307
1732511513935353000,62.27135302734375,-0.0468365699768066,0.098910456085205,9.925611894989013
1732511513945287000,62.28128686523438,-0.0326209976196289,0.1056441482543945,9.835829332733152
1732511513955221000,62.29122094726562,0.0228945533752441,0.1219546470642089,9.79408044128418
1732511513965156000,62.301156005859376,0.0544680877685546,0.1325789169311523,9.833584768676758
1732511513975090000,62.31108984375,0.0921767639160156,0.1261444999694824,9.82460651245117
1732511513985024000,62.32102392578125,0.1020528457641601,0.0972644424438476,9.798120656585692
1732511513994958800,62.33095874023437,0.1041477722167968,0.0740706138610839,9.80021558303833
1732511514004893200,62.34089306640625,0.0770633659362793,0.0661398208618164,9.80665
1732511514014827000,62.35082690429687,0.0417488914489746,0.0402525154113769,9.830442378997802
1732511514024761900,62.36076196289063,-0.0085293434143066,0.0351648368835449,9.835230782318115
1732511514034696200,62.3706962890625,-0.0148141227722167,0.0249894798278808,9.832836580657958
1732511514044630000,62.38063012695312,-0.0261865806579589,0.0116717330932617,9.81802245788574
1732511514054564900,62.39056494140625,-0.012120645904541,0.0170586868286132,9.804854348754882
1732511514064499000,62.4004990234375,0.0202010765075683,-0.0116717330932617,9.788394212341307
1732511514074433000,62.41043310546875,0.0302267959594726,0.0028431144714355,9.776273566436767
1732511514084368000,62.42036791992187,0.0393546897888183,0.0190039756774902,9.784802909851074
1732511514094302000,62.43030200195312,0.0393546897888183,0.0483329460144042,9.785251822662351
1732511514104235800,62.44023583984375,0.0622492431640624,0.0658405456542968,9.817423907470705
1732511514114171100,62.45017114257813,0.0471358451843261,0.1019032081604003,9.80724855041504
1732511514124105000,62.46010498046875,0.0453401939392089,0.1312321784973144,9.820566297149655
1732511514134039000,62.4700390625,0.0544680877685546,0.1390133338928222,9.821015209960937
1732511514143974100,62.47997412109375,0.0516249732971191,0.14679448928833,9.823559049224851
1732511514153908000,62.489907958984375,0.0558148262023925,0.1466448516845703,9.76130980606079
1732511514163842000,62.499842041015626,0.0468365699768066,0.1490390533447265,9.728239895629882
1732511514173777200,62.50977709960937,0.0585083030700683,0.1460463012695312,9.951648838043212
1732511514183711000,62.5197109375,0.0568622894287109,0.082300682067871,9.892242709350583
1732511514193645000,62.52964501953125,0.0185550628662109,0.0857423469543457,9.657012396240232
1732511514203580000,62.53957983398438,0.0161608612060546,0.0903811126708984,9.647136314392087
1732511514213514000,62.54951391601563,0.0674865592956543,0.0706289489746093,9.719710552215576
1732511514223448000,62.55944799804688,0.0683843849182128,0.0698807609558105,9.72345149230957
1732511514233383000,62.5693828125,0.0507271476745605,0.0562637390136718,9.756671040344235
1732511514243317000,62.57931689453125,0.045938744354248,0.0612017799377441,9.835380419921874
1732511514253251000,62.5892509765625,0.0444423683166503,0.0637456192016601,9.88206735229492
1732511514263186000,62.59918603515625,0.0404021530151367,0.0661398208618164,9.87683003616333
1732511514273120000,62.6091201171875,0.0784101043701171,0.0965162544250488,9.853785845184326
1732511514283053800,62.6190537109375,0.0800561180114746,0.1016039329528808,9.847351428222655
1732511514292989000,62.62898901367188,0.0959177040100097,0.1256955871582031,9.84376012573242
1732511514302923000,62.63892309570313,0.1038484970092773,0.1533785438537597,9.833435131072996
1732511514312858000,62.64885815429688,0.0945709655761718,0.1387140586853027,9.7936315284729
1732511514322792000,62.6587919921875,0.082300682067871,0.1364694946289062,9.784952547454834
1732511514332726000,62.66872607421875,0.0661398208618164,0.1297358024597167,9.79303297805786
1732511514342660900,62.67866088867188,0.0869394477844238,0.1086369003295898,9.798719207000731
1732511514352595200,62.68859521484375,0.0781108291625976,0.091278938293457,9.812186591339112
1732511514362529000,62.69852905273437,0.1013046577453613,0.0800561180114746,9.831040929412842
1732511514372463900,62.7084638671875,0.1212064590454101,0.0811035812377929,9.830143103790284
1732511514382398000,62.71839794921875,0.1071405242919921,0.0665887336730957,9.787496386718749
1732511514392332000,62.72833203125,0.0974140800476074,0.0715267745971679,9.721356565856931
1732511514402267000,62.73826684570312,0.065092357635498,0.079158292388916,9.681403325653076
1732511514412201000,62.74820092773437,0.053570262145996,0.0917278511047363,9.66628992767334
1732511514422134800,62.758134765625,0.0532709869384765,0.0649427200317382,9.674968908691406
1732511514432070100,62.76807006835938,0.0387561393737792,0.0673369216918945,9.73527286300659
1732511514442004000,62.77800390625,0.053570262145996,0.0662894584655761,9.822212310791016
1732511514451937800,62.78793774414063,0.0843956085205078,0.074669164276123,9.910797772216796
1732511514461873200,62.797873046875,0.0948702407836914,0.1025017585754394,9.93414123840332
1732511514471807000,62.807806884765625,0.0852934341430664,0.125097036743164,9.886107567596436
1732511514481741000,62.81774096679688,0.0517746109008789,0.1373673202514648,9.813533329772948
1732511514491676200,62.82767626953125,0.0348655616760253,0.1554734703063964,9.77358008956909
1732511514501610000,62.83760986328125,0.0362123001098632,0.1593640480041503,9.566481645965576
1732511514511544000,62.8475439453125,-0.0032920272827148,0.1496376037597656,9.501688563537597
1732511514521479000,62.85747900390625,0.0086789810180664,0.1204582710266113,9.887903218841553
1732511514531413000,62.8674130859375,0.1464952140808105,0.0451905563354492,10.040234299468992
1732511514541347000,62.87734716796875,0.2449567573547363,0.0185550628662109,9.930699573516844
1732511514551282000,62.88728198242188,0.261117618560791,0.0122702835083007,9.624541036224365
1732511514561216000,62.897216064453126,0.2075473564147949,0.0061351417541503,9.521291089630129
1732511514571150000,62.907150146484376,0.1173158813476562,0.0302267959594726,9.715371061706543
1732511514581085000,62.9170849609375,0.0733224258422851,0.031274259185791,9.905410818481444
1732511514591019000,62.92701904296875,0.0386065017700195,0.0516249732971191,9.93473978881836
1732511514600953000,62.936953125,0.0483329460144042,0.0805050308227539,9.827898539733884
1732511514610888000,62.94688793945313,0.062548518371582,0.1071405242919921,9.795427179718017
1732511514620822000,62.95682202148438,0.0930745895385742,0.1343745681762695,9.83777462158203
1732511514630755800,62.966755859375,0.1074397994995117,0.1565209335327148,9.862315188598632
1732511514640691000,62.97669091796875,0.127042325592041,0.1554734703063964,9.854384395599364
1732511514650625000,62.986625,0.120607908630371,0.1481412277221679,9.816077169036864
1732511514660558800,62.99655883789063,0.1279401512145996,0.1360205818176269,9.81981810913086
1732511514670494000,63.00649389648437,0.1237502983093261,0.1101332763671874,9.816675719451904
1732511514680428000,63.01642797851562,0.1051952354431152,0.0969651672363281,9.82550433807373
1732511514690363000,63.02636279296875,0.0725742378234863,0.0802057556152343,9.81996774673462
1732511514700297200,63.03629711914063,0.0445920059204101,0.0694318481445312,9.815328981018066
1732511514710231000,63.04623095703125,0.0571615646362304,0.0486322212219238,9.80006594543457
1732511514720165000,63.0561650390625,0.0688332977294921,0.0395043273925781,9.785850373077391
1732511514730100200,63.06610034179688,0.0884358238220214,0.0279822319030761,9.796025730133056
1732511514740034000,63.07603393554688,0.0897825622558593,0.0264858558654785,9.79991630783081
1732511514749969000,63.08596899414062,0.1056441482543945,0.0227449157714843,9.79393080368042
1732511514759903200,63.0959033203125,0.1312321784973144,0.0412999786376953,9.80066449584961
1732511514769837000,63.10583715820312,0.1158195053100586,0.082300682067871,9.796325005340575
1732511514779772200,63.11577221679688,0.1277905136108398,0.0933738647460937,9.809493114471437
1732511514789706200,63.12570629882813,0.1258452247619629,0.1168669685363769,9.813832604980467
1732511514799640000,63.13564013671875,0.1171662437438964,0.1354220314025878,9.824157599639893
1732511514809575200,63.1455751953125,0.1231517478942871,0.14679448928833,9.81921955871582
1732511514819509000,63.15550903320312,0.1249473991394043,0.1423053611755371,9.767145672607422
1732511514829443300,63.165443359375,0.1402104347229003,0.1394622467041015,9.766247846984864
1732511514839378200,63.17537817382812,0.127042325592041,0.1494879661560058,9.931298123931883
1732511514849312000,63.18531201171875,0.1075894371032714,0.1230021102905273,9.842114112091064
1732511514859246000,63.19524609375,0.0802057556152343,0.107888712310791,9.598204817962646
1732511514869181200,63.20518115234375,0.0897825622558593,0.0881365486145019,9.578602291870116
1732511514879115000,63.215114990234376,0.1412578979492187,0.0882861862182617,9.815628256225583
1732511514889049000,63.22504907226563,0.1833060646057129,0.0573112022399902,9.91558617553711
1732511514898984200,63.234984130859374,0.1813607757568359,0.0589572158813476,9.813682967376709
1732511514908918000,63.24491796875,0.1475426773071289,0.0767640907287597,9.708038819122311
1732511514918852000,63.25485205078125,0.1146224044799804,0.0796072052001953,9.745448220062256
1732511514928787200,63.264787109375,0.0870890853881835,0.1032499465942382,9.85169091873169
1732511514938721300,63.27472119140625,0.0995090065002441,0.1185129821777343,9.892093071746826
1732511514948655000,63.28465502929687,0.1345242057800293,0.1414075355529785,9.871293444824218
1732511514958590000,63.29458984375,0.1271919631958007,0.1452981132507324,9.83792425918579
1732511514968524300,63.30452416992188,0.1511339797973632,0.1611596992492675,9.813234054565427
1732511514978458000,63.3144580078125,0.1502361541748046,0.149338328552246,9.802759422302245
1732511514988393000,63.32439306640625,0.1490390533447265,0.1475426773071289,9.811737678527832
1732511514998327000,63.3343271484375,0.1602618736267089,0.1268926879882812,9.820267021942138
1732511515008261000,63.34426123046875,0.1641524513244628,0.105943423461914,9.79408044128418
1732511515018196200,63.3541962890625,0.1602618736267089,0.0902314750671386,9.78106196975708
1732511515028130000,63.36413012695313,0.1692401298522949,0.0698807609558105,9.785251822662351
1732511515038064000,63.37406420898437,0.1674444786071777,0.0731727882385253,9.785551097869872
1732511515047999200,63.383999267578126,0.1619078872680664,0.0604535919189453,9.776273566436767
1732511515057933000,63.39393310546875,0.1647510017395019,0.0852934341430664,9.739163440704344
1732511515067868200,63.4038681640625,0.1360205818176269,0.0923264015197753,9.7545761138916
1732511515077802200,63.41380224609375,0.1111807395935058,0.0851437965393066,9.76220763168335
1732511515087736000,63.42373608398437,0.1113303771972656,0.0899321998596191,9.789292037963866
1732511515097671000,63.4336708984375,0.1162684181213378,0.1013046577453613,9.808296013641357
1732511515107605200,63.44360522460938,0.120607908630371,0.1060930610656738,9.807847100830076
1732511515117539000,63.4535390625,0.1282394264221191,0.1224035598754882,9.826402163696288
1732511515127474200,63.46347412109375,0.1183633445739746,0.1209071838378906,9.817124632263184
1732511515137408000,63.47340795898437,0.1189618949890136,0.1291372520446777,9.809343476867674
1732511515147342000,63.483342041015625,0.1256955871582031,0.1288379768371582,9.797073193359374
1732511515157277200,63.49327709960937,0.1249473991394043,0.1230021102905273,9.794678991699218
1732511515167211000,63.5032109375,0.1433528244018554,0.1301847152709961,9.79303297805786
1732511515177145000,63.51314501953125,0.1500865165710449,0.1280897888183593,9.791536602020264
1732511515187080200,63.523080078125,0.1587654975891113,0.1274912384033203,9.792284790039062
1732511515197014000,63.533013916015626,0.1620575248718261,0.115520230102539,9.796325005340575
1732511515206948000,63.54294799804688,0.1818096885681152,0.0995090065002441,9.786000010681152
1732511515216883200,63.55288330078125,0.1912368576049804,0.1063923362731933,9.784802909851074
1732511515226817000,63.56281713867188,0.158316584777832,0.1113303771972656,9.80530326156616
1732511515236751000,63.572751220703125,0.1577180343627929,0.1212064590454101,9.809493114471437
1732511515246686200,63.58268627929687,0.1674444786071777,0.1111807395935058,9.779864868927
1732511515256620300,63.59262036132812,0.144250650024414,0.1122282028198242,9.80545289916992
1732511515266554000,63.60255419921875,0.1478419525146484,0.1087865379333496,9.798419931793212
1732511515276489000,63.61248901367188,0.1481412277221679,0.1035492218017578,9.804106160736085
1732511515286423300,63.62242333984375,0.1562216583251953,0.1032499465942382,9.799317757415771
1732511515296357000,63.63235717773438,0.151283617401123,0.1065419738769531,9.796175367736817
1732511515306292000,63.6422919921875,0.1373673202514648,0.101454295349121,9.801562321472169
1732511515316226000,63.65222607421875,0.1297358024597167,0.1011550201416015,9.801412683868408
1732511515326161200,63.6621611328125,0.1342249305725097,0.0897825622558593,9.799018482208252
1732511515336095000,63.67209497070313,0.1203086334228515,0.0977133552551269,9.784653272247311
1732511515346029000,63.68202905273437,0.1283890640258789,0.1158195053100586,9.792434427642824
1732511515355964200,63.691964111328126,0.1405097099304199,0.1016039329528808,9.789740950775146
1732511515365898200,63.701898193359376,0.1328781921386718,0.1038484970092773,9.813982242584228
1732511515375832000,63.71183203125,0.1441010124206543,0.1060930610656738,9.81981810913086
1732511515385767200,63.72176708984375,0.1481412277221679,0.1222539222717285,9.821464122772216
1732511515395701200,63.731701171875,0.1418564483642578,0.1099836387634277,9.841066648864745
1732511515405635000,63.74163500976562,0.1601122360229492,0.1195604454040527,9.839869548034669
1732511515415570000,63.75156982421875,0.1631049880981445,0.1252466743469238,9.799018482208252
1732511515425504300,63.76150415039063,0.1593640480041503,0.1209071838378906,9.771036250305174
1732511515435438000,63.77143798828125,0.1671452033996582,0.1122282028198242,9.718064538574218
1732511515445373200,63.781373291015626,0.143652099609375,0.0930745895385742,9.719411277008057
1732511515455307000,63.79130712890625,0.1571194839477539,0.0736217010498046,9.765798934173583
1732511515465241000,63.80124096679688,0.1632546257019043,0.0933738647460937,9.83807389678955
1732511515475176200,63.81117626953125,0.1551741950988769,0.0811035812377929,9.877727861785887
1732511515485110000,63.82111010742187,0.1719336067199706,0.1019032081604003,9.899126039123535
1732511515495044400,63.83104443359375,0.2069488059997558,0.1167173309326171,9.86919851837158
1732511515504979200,63.84097924804688,0.201112939453125,0.1352723937988281,9.796175367736817
1732511515514913000,63.8509130859375,0.1385644210815429,0.148739778137207,9.76130980606079
1732511515524847000,63.86084716796875,0.1116296524047851,0.1569698463439941,9.750984811401366
1732511515534782200,63.8707822265625,0.0661398208618164,0.151283617401123,9.530119708251952
1732511515544716000,63.880716064453125,0.0281318695068359,0.1681926666259765,9.493308857727053
1732511515554651100,63.89065112304687,0.0649427200317382,0.134673843383789,9.811438403320311
1732511515564585200,63.90058520507812,0.1873462799072265,0.0731727882385253,10.054000959014893
1732511515574519000,63.91051904296875,0.2436100189208984,0.0374094009399414,9.977236868286132
1732511515584454100,63.9204541015625,0.2608183433532715,0.0353144744873046,9.626187049865722
1732511515594388000,63.93038793945313,0.2249053184509277,0.0638952568054199,9.520093988800047
1732511515604322300,63.940322265625,0.1553238327026367,0.0811035812377929,9.714772511291503
1732511515614257200,63.95025708007813,0.0966658920288085,0.0802057556152343,9.903465529632568
1732511515624191000,63.96019091796875,0.0858919845581054,0.1060930610656738,9.92112276687622
1732511515634125300,63.97012524414063,0.0972644424438476,0.1313818161010742,9.838672447204589
1732511515644060200,63.98006005859375,0.1343745681762695,0.1508347045898437,9.792135152435302
1732511515653994000,63.98999389648438,0.1680430290222168,0.1674444786071777,9.820865572357176
1732511515663928000,63.99992797851562,0.1828571517944335,0.1738788955688476,9.854234757995606
1732511515673863200,64.00986328125,0.1981201873779296,0.1809118629455566,9.85782606048584
1732511515683797200,64.01979736328126,0.2097919204711913,0.1626560752868652,9.848249253845214
1732511515693732000,64.02973217773437,0.2258031440734863,0.1533785438537597,9.840917011260986
1732511515703667200,64.03966723632813,0.1954267105102539,0.1399111595153808,9.840617736053469
1732511515713601000,64.04960107421876,0.181959326171875,0.1298854400634765,9.822661223602294
1732511515723535000,64.05953515625,0.1647510017395019,0.1310825408935546,9.76819313583374
1732511515733470200,64.06947021484375,0.1342249305725097,0.1004068321228027,9.753977563476562
1732511515743404000,64.07940405273438,0.1216553718566894,0.0748188018798828,9.782857621002195
1732511515753338000,64.08933813476563,0.1150713172912597,0.0640448944091796,9.815029705810549
1732511515763273000,64.09927294921874,0.1045966850280761,0.0603039543151855,9.791985514831543
1732511515773207300,64.10920727539063,0.1090858131408691,0.0662894584655761,9.777620304870604
1732511515783141000,64.11914111328124,0.1213560966491699,0.086191259765625,9.769090961456298
1732511515793076000,64.12907592773438,0.1096843635559082,0.1150713172912597,9.798270294189452
1732511515803010300,64.13901025390625,0.105943423461914,0.1087865379333496,9.81248586654663
1732511515812945200,64.14894506835938,0.1147720420837402,0.139162971496582,9.820865572357176
1732511515822879000,64.15887890625,0.1370680450439453,0.1473930397033691,9.835081144714357
1732511515832813000,64.16881298828125,0.129586164855957,0.1750759963989257,9.83822353439331
1732511515842748200,64.178748046875,0.1874959175109863,0.167893391418457,9.776572841644288
1732511515852682200,64.18868212890625,0.2317886482238769,0.1646013641357421,9.746944596099851
1732511515862616000,64.19861596679688,0.2391208908081054,0.1813607757568359,9.929352835083009
1732511515872551200,64.20855126953126,0.225952781677246,0.1463455764770507,9.898976401519777
1732511515882485200,64.2184853515625,0.1907879447937011,0.1348234809875488,9.643694649505616
1732511515892419000,64.22841918945312,0.1795651245117187,0.1198597206115722,9.596708441925047
1732511515902354000,64.23835400390625,0.2337339370727539,0.0800561180114746,9.808296013641357
1732511515912288300,64.24828833007813,0.2579752288818359,0.0644938072204589,9.910348859405516
1732511515922222000,64.25822216796875,0.2448071197509765,0.050427872467041,9.836427883148191
1732511515932157000,64.26815698242187,0.1818096885681152,0.0487818588256835,9.730783734893798
1732511515942091300,64.27809130859374,0.1177647941589355,0.0559644638061523,9.750086985778808
1732511515952025000,64.28802514648437,0.0670376464843749,0.0888847366333007,9.834632231903075
1732511515961960200,64.29796020507813,0.0688332977294921,0.1047463226318359,9.891943434143066
1732511515971894000,64.30789404296875,0.0760159027099609,0.107888712310791,9.896731837463378
1732511515981828000,64.317828125,0.0770633659362793,0.1379658706665039,9.87712931137085
1732511515991763200,64.32776318359375,0.0743698890686035,0.1530792686462402,9.833734406280517
1732511516001697000,64.33769702148437,0.0833481452941894,0.1530792686462402,9.784952547454834
1732511516011632000,64.34763208007813,0.1051952354431152,0.1542763694763183,9.803357972717285
1732511516021566200,64.35756616210938,0.1373673202514648,0.1150713172912597,9.785401460266112
1732511516031500000,64.3675,0.1649006393432617,0.1005564697265625,9.785850373077391
1732511516041435000,64.37743481445312,0.1752256340026855,0.0920271263122558,9.811288765716553
1732511516051369200,64.387369140625,0.1807622253417968,0.0568622894287109,9.824307237243652
1732511516061303000,64.39730297851563,0.20425532913208,0.0541688125610351,9.811588040924072
1732511516071238100,64.40723803710938,0.2250549560546874,0.043394905090332,9.813533329772948
1732511516081172200,64.41717211914063,0.2250549560546874,0.0635959815979003,9.807996738433838
1732511516091106300,64.42710620117188,0.1798643997192382,0.0668880088806152,9.760411980438231
1732511516101041200,64.43704125976562,0.1412578979492187,0.0538695373535156,9.724648593139648
1732511516110975000,64.44697509765625,0.1218050094604492,0.0662894584655761,9.724199680328368
1732511516120909300,64.45690942382812,0.0926256767272949,0.0712274993896484,9.752032274627686
1732511516130844200,64.46684423828125,0.0722749626159667,0.0665887336730957,9.796474642944336
1732511516140778000,64.47677807617187,0.0799064804077148,0.058059390258789,9.817124632263184
1732511516150712000,64.48671215820312,0.0626981559753418,0.0659901832580566,9.798419931793212
1732511516160647200,64.49664721679687,0.0776619163513183,0.0760159027099609,9.791835877227784
1732511516170581000,64.5065810546875,0.077213003540039,0.0787093795776367,9.80635072479248
1732511516180515000,64.51651513671875,0.0685340225219726,0.0713771369934082,9.816526081848144
1732511516190450200,64.5264501953125,0.0831985076904296,0.0622492431640624,9.796325005340575
1732511516200384300,64.53638427734376,0.0905307502746581,0.0616506927490234,9.797372468566897
1732511516210319000,64.54631909179687,0.1152209548950195,0.0463876571655273,9.79408044128418
1732511516220253200,64.55625317382813,0.1244984863281249,0.0728735130310058,9.797821381378172
1732511516230187300,64.56618725585938,0.1426046363830566,0.0754173522949218,9.781361244964598
1732511516240122000,64.5761220703125,0.1482908653259277,0.0597054039001464,9.782558345794676
1732511516250056000,64.58605590820312,0.1593640480041503,0.0623988807678222,9.803657247924804
1732511516259990300,64.595990234375,0.1934814216613769,0.0577601150512695,9.813832604980467
1732511516269925000,64.60592504882813,0.2051531547546386,0.0577601150512695,9.795427179718017
1732511516279859000,64.61585888671875,0.1783680236816406,0.043993455505371,9.808894564056397
1732511516289793000,64.62579296875,0.167893391418457,0.055515550994873,9.80620108718872
1732511516299728100,64.63572802734375,0.1556231079101562,0.0460883819580078,9.806949275207518
1732511516309662200,64.645662109375,0.1414075355529785,0.0390554145812988,9.834632231903075
1732511516319596000,64.65559594726562,0.1170166061401367,0.0239420166015624,9.829544553375245
1732511516329531100,64.66553125,0.103399584197998,0.0219967277526855,9.788543849945068
1732511516339465200,64.67546533203125,0.1111807395935058,0.0249894798278808,9.73661960144043
1732511516349399000,64.68539892578124,0.0863408973693847,0.0314238967895507,9.71716671295166
1732511516359334100,64.69533422851562,0.0665887336730957,0.0369604881286621,9.764452195739745
1732511516369268200,64.70526831054687,0.0586579406738281,0.0116717330932617,9.813533329772948
1732511516379202000,64.7152021484375,0.0632967063903808,0.0166097740173339,9.813832604980467
1732511516389137200,64.72513720703125,0.0748188018798828,0.0375590385437011,9.827449626922608
1732511516399071200,64.7350712890625,0.0736217010498046,0.0432452674865722,9.872789820861817
1732511516409006000,64.74500610351562,0.0899321998596191,0.0505775100708007,9.904812268066406
1732511516418940200,64.75494018554687,0.0987608184814453,0.0700303985595703,9.860818812561035
1732511516428874000,64.7648740234375,0.0843956085205078,0.0739209762573242,9.79333225326538
1732511516438809000,64.77480908203125,0.0423474418640136,0.0790086547851562,9.769988787078857
1732511516448743200,64.7847431640625,0.0478840332031249,0.0757166275024414,9.55735375213623
1732511516458677000,64.79467700195312,0.0160112236022949,0.0597054039001464,9.41684404220581
1732511516468612000,64.80461206054687,0.0083797058105468,0.0133177467346191,9.772831901550292
1732511516478546200,64.81454614257812,0.1402104347229003,-0.052971711730957,10.019135397338866
1732511516488480000,64.82447998046875,0.1830067893981933,-0.1122282028198242,10.01105496673584
1732511516498415000,64.8344150390625,0.178068748474121,-0.1262941375732421,9.686491004180908
1732511516508349200,64.84434912109376,0.1689408546447753,-0.0915782135009765,9.51949543838501
1732511516518283000,64.85428295898437,0.1182137069702148,-0.0399532402038574,9.693374333953855
1732511516528218000,64.86421801757812,0.0739209762573242,-0.0134673843383789,9.888352131652832
1732511516538152200,64.87415209960938,0.0490811340332031,0.0175075996398925,9.913491249084473
1732511516548086300,64.88408618164063,0.0380079513549804,0.0567126518249511,9.815029705810549
1732511516558021000,64.89402124023438,0.0266354934692382,0.0906803878784179,9.811139128112792
1732511516567955000,64.90395483398437,0.0369604881286621,0.1147720420837402,9.829394915771484
1732511516577890000,64.91389013671875,0.0456394691467285,0.1213560966491699,9.848548529052731
1732511516587824000,64.92382421875,0.0814028564453124,0.1010053825378417,9.828946002960205
1732511516597758000,64.93375805664063,0.0900818374633789,0.0737713386535644,9.81847137069702
1732511516607693300,64.943693359375,0.1041477722167968,0.0215478149414062,9.837325708770752
1732511516617627100,64.95362719726562,0.0743698890686035,-0.0037409400939941,9.846154327392576
1732511516627561200,64.96356127929687,0.058059390258789,-0.0399532402038574,9.86396120223999
1732511516637496300,64.97349633789062,0.0345662864685058,-0.0412999786376953,9.849446354675292
1732511516647430100,64.98343017578125,-0.0001496376037597,-0.0691325729370117,9.79976667022705
1732511516657364200,64.9933642578125,-0.0137666595458984,-0.0737713386535644,9.77432827758789
1732511516667299000,65.00329907226562,-0.0199018013000488,-0.0722749626159667,9.7683427734375
1732511516677233200,65.01323315429687,0.0092775314331054,-0.081702131652832,9.76879168624878
1732511516687167200,65.02316723632812,0.0151133979797363,-0.0820014068603515,9.790489138793944
1732511516697101300,65.03310131835937,0.0520738861083984,-0.0564133766174316,9.79946739501953
1732511516707035400,65.04303540039062,0.0538695373535156,-0.0203507141113281,9.811139128112792
1732511516716969200,65.05296923828125,0.0288800575256347,-0.0131681091308593,9.810839852905271
1732511516726904300,65.062904296875,0.0311246215820312,0.0142155723571777,9.817872820281982
1732511516736838400,65.07283837890625,0.0225952781677246,0.0430956298828125,9.829694190979003
1732511516746772200,65.08277221679687,0.0327706352233886,0.0526724365234375,9.84480758895874
1732511516756707300,65.09270727539062,0.0360626625061035,0.0594061286926269,9.812186591339112
1732511516766641400,65.10264135742187,0.0362123001098632,0.058059390258789,9.726893157196043
1732511516776576300,65.112576171875,0.0285807823181152,0.0513256980895996,9.880720613861085
1732511516786510300,65.12251025390626,0.0513256980895996,0.0308253463745117,9.939079279327393
1732511516796444400,65.1324443359375,0.0260369430541992,-0.0074818801879882,9.680505500030517
1732511516806379300,65.14237915039062,0.0348655616760253,-0.0272340438842773,9.628581251525878
1732511516816313300,65.15231323242188,0.0553659133911132,-0.0402525154113769,9.727940620422364
1732511516826247200,65.1622470703125,0.045938744354248,-0.0594061286926269,9.769240599060058
1732511516836182300,65.17218237304688,0.0227449157714843,-0.0818517692565918,9.83163947982788
1732511516846116400,65.18211645507813,0.0083797058105468,-0.0957680664062499,9.862464826202393
1732511516856050200,65.19205029296874,0.0047884033203125,-0.0788590171813964,9.822511585998535
1732511516865985300,65.2019853515625,0.0181061500549316,-0.0601543167114257,9.823110136413574
1732511516875919400,65.21191943359375,0.0261865806579589,-0.040851065826416,9.848548529052731
1732511516885853200,65.22185327148438,0.0561141014099121,-0.0260369430541992,9.852888019561767
1732511516895788500,65.23178857421875,0.0570119270324707,0.0058358665466308,9.841216286468503
1732511516905722400,65.24172241210937,0.0691325729370117,0.0187047004699707,9.8204166595459
1732511516915657200,65.2516572265625,0.0833481452941894,0.0257376678466796,9.817872820281982
1732511516925591300,65.26159130859375,0.0604535919189453,0.0190039756774902,9.797372468566897
1732511516935525400,65.271525390625,0.065092357635498,0.0038905776977539,9.783605809020996
1732511516945460200,65.28146020507812,0.0586579406738281,-0.022296002960205,9.779116680908205
1732511516955394300,65.29139428710937,0.0613514175415039,-0.0296282455444335,9.806949275207518
1732511516965328100,65.301328125,0.0619499679565429,-0.0429459922790527,9.789441675567629
1732511516975263200,65.31126318359375,0.05746083984375,-0.0616506927490234,9.778967043304442
1732511516985197300,65.321197265625,0.0553659133911132,-0.0683843849182128,9.762057994079589
1732511516995131100,65.33113110351563,0.0438438179016113,-0.0649427200317382,9.737966339874268
1732511517005066500,65.34106640625,0.0481833084106445,-0.0686836601257324,9.689334118652344
1732511517015000300,65.35100024414062,0.0155623107910156,-0.0674865592956543,9.707889181518556
1732511517024934400,65.36093432617187,0.0122702835083007,-0.038905776977539,9.760112705230712
1732511517034869500,65.37086938476563,0.0149637603759765,-0.0386065017700195,9.79916811981201
1732511517044803300,65.38080322265625,0.0131681091308593,-0.0234931037902832,9.808595288848876
1732511517054737400,65.3907373046875,0.0074818801879882,-0.0396539649963378,9.828646727752686
1732511517064672300,65.40067236328125,0.0029927520751953,-0.0371101257324218,9.833435131072996
1732511517074606300,65.4106064453125,0.0140659347534179,-0.0309749839782714,9.843011937713625
1732511517084541400,65.42054150390625,0.0213981773376464,-0.0441430931091308,9.833734406280517
1732511517094475300,65.43047534179688,0.0236427413940429,-0.0478840332031249,9.841665199279785
1732511517104409300,65.44040942382813,0.0227449157714843,-0.0706289489746093,9.854085120391844
1732511517114344400,65.45034448242187,0.0435445426940917,-0.063147068786621,9.839121360015868
1732511517124278300,65.4602783203125,0.03187280960083,-0.0583586654663085,9.800963771057129
1732511517134212400,65.47021240234375,0.0620996055603027,-0.0662894584655761,9.757718503570556
1732511517144147500,65.4801474609375,0.0561141014099121,-0.050427872467041,9.730933372497558
1732511517154081300,65.49008129882813,0.0471358451843261,-0.0457891067504882,9.717465988159178
1732511517164015400,65.50001538085938,0.0519242485046386,-0.0468365699768066,9.747692784118652
1732511517173950500,65.50995043945312,0.0734720634460449,-0.0435445426940917,9.777769942474364
1732511517183884300,65.51988427734375,0.0751180770874023,-0.0505775100708007,9.816974994659423
1732511517193818400,65.529818359375,0.0656909080505371,-0.0549170005798339,9.868450330352784
1732511517203753200,65.53975317382813,0.0692822105407714,-0.0202010765075683,9.874136559295652
1732511517213687300,65.54968725585937,0.0194528884887695,-0.024839842224121,9.785401460266112
1732511517223621400,65.55962133789062,-0.0107739074707031,-0.0116717330932617,9.765350021362304
1732511517233556200,65.56955615234375,-0.0306757087707519,-0.0055365913391113,9.625289224243163
1732511517243490300,65.579490234375,-0.062548518371582,0.0106242698669433,9.385869058227538
1732511517253425400,65.58942529296876,-0.1152209548950195,0.0010474632263183,9.660753336334228
1732511517263359200,65.59935913085937,0.0053869537353515,-0.0613514175415039,10.014197356414794
1732511517273293300,65.60929321289062,0.1361702194213867,-0.1485901405334472,10.050409656524655
1732511517283228400,65.619228515625,0.1821089637756347,-0.1758241844177246,9.744700032043456
1732511517293162200,65.62916235351562,0.1207575462341308,-0.1433528244018554,9.51814869995117
1732511517303096300,65.63909643554688,0.0282815071105957,-0.0984615432739257,9.645490300750732
1732511517313031400,65.64903149414063,-0.0441430931091308,-0.0592564910888671,9.83822353439331
1732511517322965500,65.65896557617188,-0.0884358238220214,-0.0390554145812988,9.898078575897216
1732511517332899300,65.6688994140625,-0.0537198997497558,0.0026934768676757,9.854982946014404
1732511517342834200,65.67883422851563,-0.0291793327331542,0.0571615646362304,9.802759422302245
1732511517352768500,65.6887685546875,0.0196025260925292,0.1093850883483886,9.821464122772216
1732511517362703400,65.69870336914063,0.0570119270324707,0.1050455978393554,9.814730430603026
1732511517372637200,65.70863720703124,0.0836474205017089,0.0754173522949218,9.791835877227784
1732511517382571300,65.7185712890625,0.1022024833679199,0.0546177253723144,9.791237326812745
1732511517392506400,65.72850634765625,0.0930745895385742,0.0007481880187988,9.828197814941406
1732511517402440200,65.73844018554688,0.0556651885986328,-0.0202010765075683,9.85677859725952
1732511517412374300,65.74837426757813,0.0269347686767578,-0.040851065826416,9.866056128692628
1732511517422309400,65.75830932617187,-0.0029927520751953,-0.05746083984375,9.868001417541503
1732511517432243500,65.76824340820312,-0.0249894798278808,-0.0697311233520507,9.846902515411376
1732511517442177300,65.77817724609375,-0.0207996269226074,-0.082300682067871,9.815927531433104
1732511517452112400,65.7881123046875,0.0151133979797363,-0.0923264015197753,9.804106160736085
1732511517462046500,65.79804638671875,0.0210989021301269,-0.0920271263122558,9.776722479248049
1732511517471980300,65.80798022460938,0.0492307716369628,-0.069581485748291,9.751433724212646
1732511517481915100,65.8179150390625,0.0384568641662597,-0.0474351203918457,9.733926124572754
1732511517491849500,65.82784936523437,0.0541688125610351,-0.0492307716369628,9.756671040344235
1732511517501784300,65.83778442382813,0.0522235237121582,-0.0064344169616699,9.772083713531494
1732511517511718400,65.84771850585938,0.0549170005798339,0.0124199211120605,9.780014506530762
1732511517521652200,65.85765234375,0.0381575889587402,0.0387561393737792,9.799317757415771
1732511517531587300,65.86758740234374,0.060004679107666,0.0540191749572753,9.835679695129397
1732511517541521400,65.877521484375,0.0466869323730468,0.0570119270324707,9.821464122772216
1732511517551455200,65.88745532226562,0.0205003517150878,0.0799064804077148,9.713276135253906
1732511517561390300,65.89739038085938,0.0263362182617187,0.0709282241821289,9.891943434143066
1732511517571324400,65.90732446289063,0.0369604881286621,0.0353144744873046,9.962572383117676
1732511517581258200,65.91725830078126,-0.003142389678955,0.0151133979797363,9.702053314971923
1732511517591193300,65.927193359375,0.0062847793579101,0.0028431144714355,9.631873278808593
1732511517601127400,65.93712744140625,0.052971711730957,-0.0011971008300781,9.73617068862915
1732511517611061200,65.94706127929688,0.060603229522705,-0.0200514389038085,9.746046770477294
1732511517620996400,65.95699633789063,0.0710778617858886,-0.0390554145812988,9.77447791519165
1732511517630930400,65.96693041992188,0.0567126518249511,-0.034416648864746,9.8326869430542
1732511517640865300,65.976865234375,0.0635959815979003,-0.0200514389038085,9.852888019561767
1732511517650799400,65.98679931640625,0.0671872840881347,0.0011971008300781,9.86291373901367
1732511517660733200,65.99673315429688,0.1020528457641601,-0.0071826049804687,9.855282221221923
1732511517670668300,66.00666821289063,0.1177647941589355,0.0155623107910156,9.840617736053469
1732511517680602400,66.01660229492188,0.1503857917785644,0.0520738861083984,9.835380419921874
1732511517690536200,66.0265361328125,0.1429039115905761,0.0430956298828125,9.801263046264648
1732511517700471000,66.03647094726563,0.1466448516845703,0.050427872467041,9.78016414413452
1732511517710405000,66.04640502929688,0.1333271049499511,0.0243909294128417,9.785251822662351
1732511517720339000,66.0563388671875,0.1267430503845214,0.010175357055664,9.802909059906003
1732511517730274000,66.06627416992187,0.1117792900085449,-0.0037409400939941,9.8204166595459
1732511517740208000,66.0762080078125,0.1035492218017578,-0.0179565124511718,9.81906992111206
1732511517750142200,66.08614208984375,0.1065419738769531,-0.0167594116210937,9.807996738433838
1732511517760077000,66.0960771484375,0.1351227561950683,-0.0032920272827148,9.806949275207518
1732511517770011100,66.10601123046875,0.1222539222717285,-0.0065840545654296,9.772682263946532
1732511517779946000,66.11594604492187,0.1004068321228027,0.0035913024902343,9.724648593139648
1732511517789880000,66.12588012695312,0.0471358451843261,0.021697452545166,9.677063835144043
1732511517799814000,66.13581396484375,0.0290296951293945,0.0122702835083007,9.669881230163574
1732511517809749200,66.14574926757813,-0.0013467384338378,0.0212485397338867,9.757419228363036
1732511517819683000,66.15568310546875,0.0224456405639648,0.0321720848083496,9.840767373657226
1732511517829617000,66.16561694335938,0.0787093795776367,0.0384568641662597,9.943119494628906
1732511517839552300,66.17555224609374,0.1285387016296386,0.0588075782775878,9.93997710494995
1732511517849486000,66.18548608398437,0.0986111808776855,0.0688332977294921,9.866205766296384
1732511517859420200,66.19542016601562,0.0598550415039062,0.0751180770874023,9.813982242584228
1732511517869355000,66.20535498046875,0.043394905090332,0.0831985076904296,9.752481187438963
1732511517879289000,66.2152890625,0.0444423683166503,0.1101332763671874,9.455001631164553
1732511517889223200,66.22522314453126,-0.0017956512451171,0.0870890853881835,9.612121115112304
1732511517899158000,66.23515795898437,0.0852934341430664,0.0245405670166015,9.989806427001952
1732511517909092000,66.24509204101562,0.2180219886779785,-0.0272340438842773,10.015693732452393
1732511517919027200,66.25502709960938,0.2748842781066894,-0.0597054039001464,9.796923555755615
1732511517928961000,66.2649609375,0.2641103706359863,-0.0619499679565429,9.511115732574462
1732511517938895000,66.27489501953124,0.1871966423034667,-0.05746083984375,9.566481645965576
1732511517948830200,66.28483032226562,0.1177647941589355,-0.0576104774475097,9.764003282928469
1732511517958764000,66.29476391601563,0.0703296737670898,-0.0415992538452148,9.881019889068602
1732511517968698000,66.30469799804688,0.0556651885986328,-0.0149637603759765,9.859472074127195
1732511517978633200,66.31463330078125,0.0667383712768554,0.0300771583557128,9.789441675567629
1732511517988567000,66.32456713867188,0.0977133552551269,0.07018003616333,9.841216286468503
1732511517998501000,66.33450122070313,0.134673843383789,0.1056441482543945,9.861567000579834
1732511518008436000,66.34443603515625,0.1283890640258789,0.1192611701965331,9.868001417541503
1732511518018370000,66.3543701171875,0.1328781921386718,0.1062426986694335,9.821464122772216
1732511518028304100,66.36430419921875,0.1432031867980956,0.0956184288024902,9.808744926452636
1732511518038239000,66.37423901367187,0.1357213066101074,0.0508767852783203,9.81757354507446
1732511518048173300,66.38417333984376,0.1096843635559082,0.0401028778076171,9.832986218261718
1732511518058108200,66.39410815429687,0.0846948837280273,0.0103249946594238,9.81847137069702
1732511518068042000,66.4040419921875,0.0594061286926269,0.0007481880187988,9.82520506286621
1732511518077976000,66.41397607421875,0.0571615646362304,-0.0082300682067871,9.816376444244383
1732511518087911200,66.4239111328125,0.0573112022399902,-0.0182557876586914,9.800814133453368
1732511518097845000,66.43384497070312,0.0525227989196777,-0.0276829566955566,9.79423007888794
1732511518107779000,66.44377905273437,0.0839466957092285,-0.0421978042602539,9.786149648284912
1732511518117714200,66.45371411132813,0.1134253036499023,-0.0302267959594726,9.805153623962402
1732511518127648000,66.46364794921875,0.1418564483642578,-0.0215478149414062,9.823858324432372
1732511518137582000,66.47358203125,0.1304839904785156,0.0080804306030273,9.807697463226315
1732511518147517000,66.48351684570312,0.1234510231018066,0.0089782562255859,9.81233622894287
1732511518157451300,66.493451171875,0.1253963119506836,0.0523731613159179,9.81921955871582
1732511518167386000,66.50338623046875,0.1179144317626953,0.0748188018798828,9.826551801300049
1732511518177320000,66.51331982421875,0.1252466743469238,0.0573112022399902,9.828497090148923
1732511518187254300,66.52325415039063,0.1385644210815429,0.0655412704467773,9.811438403320311
1732511518197189000,66.53318920898438,0.1518821678161621,0.0761655403137206,9.73527286300659
1732511518207123000,66.543123046875,0.1361702194213867,0.0698807609558105,9.758616329193115
1732511518217057000,66.55305712890625,0.1379658706665039,0.0573112022399902,9.910797772216796
1732511518226992000,66.5629921875,0.0999579193115234,0.0359130249023437,9.755773214721678
1732511518236926000,66.57292602539063,0.0999579193115234,0.0275333190917968,9.535057749176024
1732511518246860000,66.58286010742188,0.1280897888183593,0.0116717330932617,9.651625442504882
1732511518256795100,66.59279516601562,0.17238251953125,0.0061351417541503,9.885808292388916
1732511518266729200,66.60272924804687,0.2123357597351074,-0.0094271690368652,9.924115518951416
1732511518276664000,66.6126640625,0.1842038902282714,-0.0011971008300781,9.809044201660155
1732511518286598000,66.62259790039063,0.1432031867980956,0.015263035583496,9.720907653045654
1732511518296532200,66.6325322265625,0.0900818374633789,0.043394905090332,9.784204359436034
1732511518306467000,66.64246704101562,0.0848445213317871,0.0598550415039062,9.8825162651062
1732511518316401000,66.65240087890625,0.1036988594055175,0.0706289489746093,9.894337635803222
1732511518326335200,66.66233520507812,0.1256955871582031,0.08933364944458,9.86351228942871
1732511518336270000,66.67227001953125,0.1185129821777343,0.1164180557250976,9.823259774017334
1732511518346204200,66.6822041015625,0.1291372520446777,0.1056441482543945,9.794828629302978
1732511518356138000,66.69213793945312,0.1252466743469238,0.0980126304626464,9.801562321472169
1732511518366073000,66.70207299804687,0.143652099609375,0.072125325012207,9.821314485168456
1732511518376007200,66.71200708007812,0.1720832443237304,0.053570262145996,9.804704711151125
1732511518385941000,66.72194091796875,0.1662473777770996,0.0300771583557128,9.780014506530762
1732511518395876000,66.7318759765625,0.1699883178710937,0.0207996269226074,9.75547393951416
1732511518405810200,66.74181005859376,0.1854009910583496,0.0059855041503906,9.766846397399902
1732511518415745000,66.7517451171875,0.1858499038696289,0.0257376678466796,9.7415576423645
1732511518425678800,66.76167895507812,0.1891419311523437,0.0155623107910156,9.737517427062988
1732511518435613200,66.77161328125,0.1669955657958984,0.0411503410339355,9.757868141174315
1732511518445548000,66.78154809570313,0.1665466529846191,0.0526724365234375,9.78031378173828
1732511518455482000,66.79148217773438,0.1651999145507812,0.0514753356933593,9.789441675567629
1732511518465416200,66.80141625976563,0.1786672988891601,0.0562637390136718,9.789591313171384
1732511518475351000,66.81135107421875,0.175524909210205,0.0719756874084472,9.789591313171384
1732511518485285000,66.82128515625,0.1746270835876464,0.0673369216918945,9.81188731613159
1732511518495219000,66.83121899414063,0.1752256340026855,0.0748188018798828,9.808595288848876
1732511518505154000,66.84115405273438,0.151283617401123,0.0873883605957031,9.811438403320311
1732511518515088100,66.85108813476562,0.1396118843078613,0.0875379981994628,9.81951883392334
1732511518525023000,66.86102294921875,0.1150713172912597,0.1081879875183105,9.814880068206786
1732511518534957000,66.87095703125,0.1300350776672363,0.0953191535949707,9.80006594543457
1732511518544891100,66.88089111328125,0.1390133338928222,0.0933738647460937,9.809642752075195
1732511518554826000,66.89082592773437,0.1439513748168945,0.0921767639160156,9.810690215301513
1732511518564760000,66.90076000976562,0.1687912170410156,0.0896329246520996,9.810390940093994
1732511518574694100,66.91069409179687,0.1885433807373046,0.0840963333129882,9.80021558303833
1732511518584629000,66.92062890625,0.1812111381530761,0.0845452461242675,9.783755446624756
1732511518594563000,66.93056298828125,0.1744774459838867,0.0704793113708496,9.782857621002195
1732511518604498200,66.94049829101563,0.163404263305664,0.0784101043701171,9.797522106170652
1732511518614432000,66.95043188476562,0.1566705711364746,0.0805050308227539,9.790638776397705
1732511518624366000,66.96036596679687,0.1604115112304687,0.0836474205017089,9.789142400360106
1732511518634301200,66.97030126953125,0.165349552154541,0.082300682067871,9.803657247924804
1732511518644235000,66.98023510742188,0.1601122360229492,0.088735099029541,9.798120656585692
1732511518654169000,66.99016918945313,0.1716343315124511,0.1057937858581542,9.79333225326538
1732511518664104000,67.00010400390624,0.1750759963989257,0.100855744934082,9.801263046264648
1732511518674038300,67.01003833007813,0.1623568000793457,0.0944213279724121,9.78046341934204
1732511518683972000,67.01997216796875,0.1488894157409667,0.0957680664062499,9.77417863998413
1732511518693907000,67.02990698242188,0.1482908653259277,0.1071405242919921,9.782259070587155
1732511518703841000,67.03984106445313,0.1394622467041015,0.0957680664062499,9.787945299530028
1732511518713774800,67.04977490234376,0.1541267318725586,0.1089361755371093,9.802909059906003
1732511518723710000,67.0597099609375,0.1644517265319824,0.1011550201416015,9.815029705810549
1732511518733644000,67.06964404296875,0.1613093368530273,0.0995090065002441,9.81847137069702
1732511518743579000,67.07957885742188,0.163404263305664,0.1164180557250976,9.830592016601562
1732511518753513200,67.08951318359375,0.168491941833496,0.120607908630371,9.816077169036864
1732511518763447000,67.09944702148438,0.18510171585083,0.1277905136108398,9.775675016021728
1732511518773382000,67.1093818359375,0.1770212852478027,0.1253963119506836,9.740510179138184
1732511518783316000,67.11931591796875,0.1628057128906249,0.1140238540649414,9.734973587799072
1732511518793250000,67.12925,0.1671452033996582,0.1069908866882324,9.79333225326538
1732511518803185000,67.13918481445313,0.1714846939086914,0.1144727668762207,9.863213014221191
1732511518813119000,67.14911889648438,0.1735796203613281,0.1189618949890136,9.889249957275393
1732511518823054000,67.15905419921874,0.1900397567749023,0.1044470474243164,9.879673150634764
1732511518832988000,67.16898779296875,0.2103904708862304,0.1297358024597167,9.820267021942138
1732511518842922000,67.178921875,0.1957259857177734,0.1469441268920898,9.76879168624878
1732511518852856800,67.18885693359375,0.1481412277221679,0.1529296310424804,9.76879168624878
1732511518862791200,67.19879125976563,0.1126771156311035,0.174926358795166,9.78091233215332
1732511518872725000,67.20872509765626,0.0764648155212402,0.1770212852478027,9.555558100891112
1732511518882659800,67.21865991210937,0.0475847579956054,0.1732803451538085,9.516652323913574
1732511518892594200,67.22859423828125,0.0948702407836914,0.1288379768371582,9.841515561676024
1732511518902528000,67.23852807617187,0.2050035171508789,0.0763151779174804,10.041431400299071
1732511518912462800,67.248462890625,0.2638110954284667,0.0471358451843261,9.97888288192749
1732511518922397000,67.25839697265624,0.2856581855773926,0.0450409187316894,9.657461309051511
1732511518932331000,67.2683310546875,0.2434603813171386,0.0659901832580566,9.501688563537597
1732511518942266000,67.27826611328125,0.1657984649658203,0.0944213279724121,9.65910732269287
1732511518952200000,67.28819995117188,0.1255459495544433,0.1063923362731933,9.865307940673828
1732511518962135000,67.29813500976563,0.0996586441040039,0.1231517478942871,9.925462257385254
1732511518972069000,67.30806909179688,0.1031003089904785,0.1405097099304199,9.877578224182129
1732511518982003000,67.3180029296875,0.1408089851379394,0.14679448928833,9.846154327392576
1732511518991937800,67.32793774414063,0.1665466529846191,0.1635539009094238,9.85169091873169
1732511519001872100,67.3378720703125,0.2050035171508789,0.1810615005493163,9.855282221221923
1732511519011806000,67.34780590820313,0.2255038688659668,0.1931821464538574,9.852888019561767
1732511519021740800,67.35774072265625,0.2322375610351562,0.1859995414733886,9.848099616241454
1732511519031675100,67.36767504882812,0.2385223403930663,0.144250650024414,9.85632968444824
1732511519041609000,67.37760888671875,0.2341828498840331,0.153827456665039,9.840767373657226
1732511519051544000,67.3875439453125,0.2163759750366211,0.14679448928833,9.813533329772948
1732511519061478000,67.39747778320313,0.1882441055297851,0.1279401512145996,9.785700735473633
1732511519071413000,67.4074130859375,0.1435024620056152,0.1168669685363769,9.775525378417967
1732511519081347000,67.41734716796876,0.1331774673461914,0.1002571945190429,9.797522106170652
1732511519091281000,67.42728100585937,0.1448492004394531,0.091278938293457,9.807398188018798
1732511519101216000,67.43721606445312,0.1203086334228515,0.0796072052001953,9.794978266906735
1732511519111150000,67.44715014648438,0.1411082603454589,0.086789810180664,9.802609784698486
1732511519121084000,67.457083984375,0.1502361541748046,0.0905307502746581,9.79946739501953
1732511519131018800,67.46701879882812,0.1613093368530273,0.1065419738769531,9.797821381378172
1732511519140953000,67.476953125,0.1584662223815917,0.1156698677062988,9.82535470046997
1732511519150888000,67.48688793945313,0.1617582496643066,0.1355716690063476,9.83807389678955
1732511519160822000,67.49682202148438,0.1764227348327636,0.1574187591552734,9.82565397567749
1732511519170756000,67.50675610351563,0.1816600509643554,0.1614589744567871,9.83882208480835
1732511519180691000,67.51669091796875,0.1810615005493163,0.1756745468139648,9.814131880187988
1732511519190625000,67.526625,0.1880944679260253,0.1692401298522949,9.747243871307372
1732511519200558800,67.53655883789062,0.196623811340332,0.172981069946289,9.900173502349851
1732511519210494000,67.54649389648438,0.1596633232116699,0.1605611488342285,9.90166987838745
1732511519220428000,67.55642797851563,0.1036988594055175,0.136619132232666,9.637260232543944
1732511519230361900,67.56636181640626,0.146195938873291,0.0996586441040039,9.6396544342041
1732511519240297000,67.576296875,0.1927332336425781,0.082300682067871,9.840917011260986
1732511519250231000,67.58623095703125,0.2213140159606933,0.0517746109008789,9.90885248336792
1732511519260166000,67.59616577148438,0.215777424621582,0.0438438179016113,9.791985514831543
1732511519270100000,67.60609985351563,0.175524909210205,0.0637456192016601,9.702502227783205
1732511519280034000,67.61603393554688,0.1262941375732421,0.0809539436340332,9.744101481628418
1732511519289969000,67.62596899414062,0.0845452461242675,0.1057937858581542,9.835230782318115
1732511519299903000,67.63590307617187,0.1150713172912597,0.122553197479248,9.910498497009277
1732511519309837000,67.64583715820312,0.1518821678161621,0.1514332550048828,9.879523513031003
1732511519319772000,67.65577197265625,0.1776198356628417,0.1430535491943359,9.842413387298585
1732511519329706000,67.6657060546875,0.175524909210205,0.14679448928833,9.840468098449708
1732511519339639800,67.67563989257812,0.197222361755371,0.1560720207214355,9.827898539733884
1732511519349575200,67.6855751953125,0.1889922935485839,0.1569698463439941,9.79976667022705
1732511519359509000,67.69550903320312,0.1934814216613769,0.1271919631958007,9.796624280548096
1732511519369443800,67.70544384765626,0.1782183860778808,0.1036988594055175,9.810390940093994
1732511519379378200,67.71537817382813,0.1671452033996582,0.0754173522949218,9.804405435943602
1732511519389312000,67.72531201171876,0.1743278083801269,0.0670376464843749,9.826402163696288
1732511519399246800,67.73524682617187,0.1948281600952148,0.043394905090332,9.85124200592041
1732511519409181000,67.74518090820312,0.1969230865478515,0.0442927307128906,9.83822353439331
1732511519419115000,67.75511499023438,0.1683423042297363,0.0550666381835937,9.790189863586424
1732511519429049900,67.7650498046875,0.1541267318725586,0.0743698890686035,9.732878661346437
1732511519438984000,67.77498388671874,0.1117792900085449,0.0769137283325195,9.72240402908325
1732511519448919000,67.7849189453125,0.1253963119506836,0.0870890853881835,9.721805478668212
1732511519458853000,67.79485302734375,0.0972644424438476,0.0728735130310058,9.75517466430664
1732511519468787000,67.80478686523438,0.127042325592041,0.0836474205017089,9.792284790039062
1732511519478722000,67.81472216796875,0.1298854400634765,0.0966658920288085,9.807996738433838
1732511519488656100,67.82465625,0.1228524726867675,0.0849941589355468,9.800814133453368
1732511519498590000,67.83458984375,0.1438017372131347,0.0843956085205078,9.79423007888794
1732511519508524800,67.84452490234375,0.1542763694763183,0.0709282241821289,9.823409411621093
1732511519518459100,67.85445922851562,0.1358709442138671,0.0909796630859375,9.796325005340575
1732511519528393000,67.86439306640625,0.1518821678161621,0.0843956085205078,9.812036953735351
1732511519538327800,67.87432788085937,0.1418564483642578,0.0752677146911621,9.808445651245115
1732511519548262000,67.88426196289062,0.1521814430236816,0.0858919845581054,9.794529354095458
1732511519558197000,67.89419702148437,0.1455973884582519,0.0748188018798828,9.79991630783081
1732511519568131000,67.90413110351562,0.139761521911621,0.0773626411437988,9.798868844604492
1732511519578065000,67.91406494140625,0.1560720207214355,0.0722749626159667,9.79916811981201
1732511519588000000,67.924,0.1578676719665527,0.0709282241821289,9.802160871887208
1732511519597934000,67.93393408203124,0.1622071624755859,0.0662894584655761,9.810839852905271
1732511519607868000,67.94386791992187,0.163404263305664,0.0682347473144531,9.809044201660155
1732511519617803000,67.95380297851563,0.151283617401123,0.0597054039001464,9.804704711151125
1732511519627737000,67.96373706054688,0.1412578979492187,0.0492307716369628,9.781810157775878
1732511519637672000,67.973671875,0.1394622467041015,0.0427963546752929,9.752930100250245
1732511519647606000,67.98360595703124,0.146195938873291,0.040851065826416,9.718962364196775
1732511519657540000,67.9935400390625,0.1286883392333984,0.0486322212219238,9.753079737854003
1732511519667475000,68.00347485351563,0.1137245788574218,0.028730419921875,9.800365220642089
1732511519677409000,68.01340893554688,0.1351227561950683,0.0393546897888183,9.815478618621826
1732511519687342800,68.0233427734375,0.1385644210815429,0.0438438179016113,9.843909763336182
1732511519697278000,68.03327783203125,0.1349731185913086,0.0594061286926269,9.900472777557372
1732511519707211800,68.04321166992187,0.1387140586853027,0.0749684394836425,9.919177478027343
1732511519717145900,68.05314575195312,0.1116296524047851,0.0878372734069824,9.847800341033937
1732511519727080700,68.06308081054688,0.0860416221618652,0.0926256767272949,9.767295310211182
1732511519737014800,68.07301489257813,0.0689829353332519,0.0836474205017089,9.75427683868408
1732511519746950000,68.08294995117187,0.0585083030700683,0.0688332977294921,9.56498526992798
1732511519756884000,68.09288403320312,0.0213981773376464,0.0834977828979492,9.42926396331787
1732511519766817800,68.10281787109375,0.0339677360534667,0.0326209976196289,9.798419931793212
1732511519776752600,68.11275268554688,0.1732803451538085,-0.0187047004699707,10.033650244903564
1732511519786687000,68.12268701171875,0.1936310592651367,-0.0457891067504882,9.996240843963625
1732511519796620800,68.13262084960938,0.1984194625854492,-0.0623988807678222,9.66479355163574
1732511519806555600,68.1425556640625,0.1786672988891601,-0.0155623107910156,9.531167171478272
1732511519816490000,68.15248999023437,0.1126771156311035,0.024839842224121,9.715071786499022
1732511519826424800,68.1624248046875,0.0978629928588867,0.043394905090332,9.913790524291992
1732511519836359000,68.17235888671875,0.0686836601257324,0.0632967063903808,9.912294148254396
1732511519846292700,68.18229272460937,0.0558148262023925,0.0900818374633789,9.814880068206786
1732511519856227800,68.19222778320312,0.0538695373535156,0.1191115325927734,9.790938051605224
1732511519866162000,68.20216186523437,0.0620996055603027,0.134673843383789,9.804704711151125
1732511519876095700,68.212095703125,0.0894832870483398,0.1213560966491699,9.820566297149655
1732511519886030800,68.22203076171876,0.1081879875183105,0.0954687911987304,9.809193839263916
1732511519895965000,68.23196484375,0.1152209548950195,0.077213003540039,9.840019185638427
1732511519905898800,68.24189868164062,0.1092354507446289,0.0664390960693359,9.85677859725952
1732511519915833600,68.25183349609375,0.0995090065002441,0.0429459922790527,9.849595992279053
1732511519925768000,68.26176782226563,0.0873883605957031,0.0070329673767089,9.852738381958009
1732511519935702800,68.27170288085938,0.0490811340332031,-0.0023942016601562,9.850344180297853
1732511519945636900,68.28163696289063,0.0263362182617187,-0.0097264442443847,9.83178911743164
1732511519955571000,68.29157104492188,0.0091278938293457,-0.0202010765075683,9.777620304870604
1732511519965505800,68.301505859375,0.0236427413940429,-0.0237923789978027,9.759214879608152
1732511519975440000,68.31143994140625,0.0493804092407226,-0.0390554145812988,9.777171392059326
1732511519985373700,68.32137377929688,0.0616506927490234,-0.0249894798278808,9.791237326812745
1732511519995308800,68.33130883789063,0.0875379981994628,-0.0219967277526855,9.769988787078857
1732511520005243000,68.34124291992188,0.0809539436340332,0.0098760818481445,9.799018482208252
1732511520015177700,68.351177734375,0.0659901832580566,0.0323217224121093,9.82610288848877
1732511520025111800,68.36111181640625,0.0607528671264648,0.0475847579956054,9.820566297149655
1732511520035046000,68.3710458984375,0.0689829353332519,0.0728735130310058,9.82460651245117
1732511520044980700,68.38098071289062,0.0655412704467773,0.091278938293457,9.840617736053469
1732511520054914800,68.39091479492187,0.0579097526550293,0.0840963333129882,9.833285493469235
1732511520064849000,68.40084887695312,0.0598550415039062,0.0974140800476074,9.733477211761477
1732511520074783700,68.41078369140625,0.0561141014099121,0.0864905349731445,9.848398891448976
1732511520084717800,68.4207177734375,0.0734720634460449,0.0579097526550293,9.936834715270995
1732511520094652000,68.43065185546875,0.0321720848083496,0.0243909294128417,9.71581997451782
1732511520104586800,68.44058666992187,0.0383072265625,0.0082300682067871,9.630975453186034
1732511520114520800,68.45052075195312,0.0821510444641113,-0.0221463653564453,9.67227543182373
1732511520124456000,68.4604560546875,0.0968155296325683,-0.0427963546752929,9.758915604400634
1732511520134389800,68.4703896484375,0.0664390960693359,-0.0401028778076171,9.85124200592041
1732511520144323800,68.48032373046875,0.0567126518249511,-0.0335188232421874,9.8694977935791
1732511520154258700,68.4902587890625,0.028730419921875,-0.009576806640625,9.829993466186522
1732511520164193000,68.50019311523438,0.0359130249023437,0.0055365913391113,9.811588040924072
1732511520174126800,68.510126953125,0.0474351203918457,0.0179565124511718,9.836876795959473
1732511520184061700,68.52006176757813,0.0734720634460449,0.0417488914489746,9.846453602600096
1732511520193995800,68.52999584960938,0.0673369216918945,0.0588075782775878,9.853935482788083
1732511520203931000,68.53993090820312,0.0864905349731445,0.0629974311828613,9.821164847564695
1732511520213864700,68.54986474609375,0.0908300254821777,0.0784101043701171,9.81338369216919
1732511520223798800,68.559798828125,0.0864905349731445,0.0840963333129882,9.79393080368042
1732511520233734000,68.56973388671875,0.0902314750671386,0.0670376464843749,9.785102185058593
1732511520243668000,68.57966796875,0.1032499465942382,0.043394905090332,9.788543849945068
1732511520253601800,68.58960180664063,0.1004068321228027,0.0255880302429199,9.80724855041504
1732511520263537000,68.59953686523437,0.0984615432739257,0.0044891281127929,9.811737678527832
1732511520273471000,68.60947094726562,0.1039981346130371,0.0062847793579101,9.795127904510498
1732511520283405800,68.61940576171875,0.0942716903686523,-0.0013467384338378,9.78704747390747
1732511520293339600,68.62933959960938,0.0845452461242675,0.0071826049804687,9.74844097213745
1732511520303274000,68.63927392578125,0.062548518371582,0.0071826049804687,9.711630121612547
1732511520313208800,68.64920874023437,0.0383072265625,0.0019452888488769,9.737218151855467
1732511520323142700,68.659142578125,0.0369604881286621,0.0070329673767089,9.752181912231444
1732511520333076700,68.66907666015625,0.0410007034301757,0.0119710083007812,9.777321029663083
1732511520343011800,68.67901171875,0.0517746109008789,0.0140659347534179,9.801861596679688
1732511520352946000,68.68894580078126,0.0594061286926269,0.0228945533752441,9.820715934753418
1732511520362881000,68.69888110351563,0.0736217010498046,0.0252887550354003,9.808445651245115
1732511520372814800,68.70881494140625,0.0715267745971679,0.0441430931091308,9.79423007888794
1732511520382749000,68.7187490234375,0.0689829353332519,0.0647930824279785,9.804106160736085
1732511520392683800,68.72868383789063,0.0556651885986328,0.0567126518249511,9.796175367736817
1732511520402617900,68.73861791992188,0.0610521423339843,0.0543184501647949,9.809792389678954
1732511520412552000,68.74855200195313,0.0857423469543457,0.0531213493347167,9.798419931793212
1732511520422486800,68.75848681640625,0.0784101043701171,0.0598550415039062,9.792733702850342
1732511520432420600,68.76842065429688,0.0811035812377929,0.0492307716369628,9.760860893249513
1732511520442356000,68.77835595703125,0.0833481452941894,0.0463876571655273,9.711031571197507
1732511520452289800,68.78828979492188,0.0767640907287597,0.0276829566955566,9.700556938934326
1732511520462224000,68.79822387695313,0.0909796630859375,0.0234931037902832,9.728838446044922
1732511520472159000,68.80815893554687,0.0891840118408203,0.0088286186218261,9.796624280548096
1732511520482092800,68.8180927734375,0.0692822105407714,0.0224456405639648,9.829544553375245
1732511520492027000,68.82802685546875,0.0652419952392578,0.0324713600158691,9.784054721832277
1732511520501961700,68.83796166992188,0.0740706138610839,0.0371101257324218,9.80530326156616
1732511520511895800,68.84789575195313,0.0673369216918945,0.0499789596557617,9.881019889068602
1732511520521831000,68.85783081054687,0.0890343742370605,0.0644938072204589,9.901370603179933
1732511520531764700,68.8677646484375,0.0597054039001464,0.0754173522949218,9.810989490509032
1732511520541698800,68.87769873046875,0.0335188232421874,0.0914285758972167,9.765649296569825
1732511520551634000,68.88763403320313,0.0378583137512207,0.0846948837280273,9.66479355163574
1732511520561567700,68.89756762695312,0.0276829566955566,0.1013046577453613,9.39724151611328
1732511520571501800,68.90750170898437,-0.0372597633361816,0.079158292388916,9.522039277648926
1732511520581437000,68.91743701171875,0.0345662864685058,0.0276829566955566,9.928155734252927
1732511520591370800,68.92737084960937,0.1592144104003906,-0.043394905090332,10.103231730651856
1732511520601304800,68.93730493164063,0.1987187377929687,-0.0607528671264648,9.856479322052
1732511520611240000,68.94723999023438,0.1598129608154296,-0.0359130249023437,9.522039277648926
1732511520621173800,68.957173828125,0.079158292388916,0.019752163696289,9.611672202301024
1732511520631108900,68.96710888671875,0.0294786079406738,0.074669164276123,9.86994670639038
1732511520641042700,68.97704272460938,-0.0213981773376464,0.0900818374633789,9.96601404800415
1732511520650977000,68.98697705078125,-0.0291793327331542,0.1360205818176269,9.889249957275393
1732511520660911900,68.99691186523438,-0.0137666595458984,0.1632546257019043,9.79378116607666
1732511520670845700,69.006845703125,0.041449616241455,0.1657984649658203,9.79318261566162
1732511520680780000,69.01678002929688,0.0866401725769042,0.1390133338928222,9.797372468566897
1732511520690715000,69.02671484375,0.1144727668762207,0.1246481239318847,9.80530326156616
1732511520700649500,69.0366494140625,0.1262941375732421,0.1062426986694335,9.80530326156616
1732511520710584600,69.04658447265625,0.1113303771972656,0.0843956085205078,9.823259774017334
1732511520720518700,69.0565185546875,0.0894832870483398,0.0653916328430175,9.821164847564695
1732511520730452500,69.06645239257813,0.0564133766174316,0.0354641120910644,9.814880068206786
1732511520740387600,69.0763876953125,0.0249894798278808,0.0462380195617675,9.81757354507446
1732511520750321700,69.08632177734376,0.0062847793579101,0.0401028778076171,9.788693487548828
1732511520760255500,69.09625537109375,0.0103249946594238,0.0404021530151367,9.7806130569458
1732511520770190600,69.10619067382812,0.0246902046203613,0.0306757087707519,9.773879364776612
1732511520780124700,69.11612475585937,0.0577601150512695,0.0113724578857421,9.772083713531494
1732511520790059500,69.1260595703125,0.0719756874084472,0.0387561393737792,9.747842421722412
1732511520799993600,69.13599365234376,0.0784101043701171,0.0387561393737792,9.759514154815673
1732511520809927400,69.14592749023437,0.0799064804077148,0.0629974311828613,9.777919580078123
1732511520819862500,69.15586254882813,0.0737713386535644,0.1025017585754394,9.810839852905271
1732511520829796600,69.16579663085938,0.0558148262023925,0.1233013854980468,9.79258406524658
1732511520839730400,69.17573046875,0.0471358451843261,0.1547252822875976,9.783156896209716
1732511520849665500,69.18566552734374,0.0604535919189453,0.1441010124206543,9.80575217437744
1732511520859599600,69.195599609375,0.0564133766174316,0.1463455764770507,9.829993466186522
1732511520869534500,69.20553442382813,0.0863408973693847,0.1500865165710449,9.750685536193847
1732511520879468800,69.21546875,0.0698807609558105,0.1614589744567871,9.828048177337646
1732511520889402600,69.22540258789063,0.0815524940490722,0.127042325592041,10.015993007659912
1732511520899337500,69.23533740234375,0.0837970581054687,0.0924760391235351,9.788543849945068
1732511520909271600,69.245271484375,0.0564133766174316,0.082300682067871,9.623044660186768
1732511520919205600,69.25520556640625,0.0839466957092285,0.0619499679565429,9.670928693389891
1732511520929140500,69.26514038085938,0.1164180557250976,0.0421978042602539,9.71641852493286
1732511520939074600,69.27507446289063,0.1011550201416015,0.0356137496948242,9.776423204040526
1732511520949009700,69.285009765625,0.0974140800476074,0.0320224472045898,9.827898539733884
1732511520958943500,69.29494360351562,0.1071405242919921,0.017208324432373,9.848847804260254
1732511520968877600,69.30487768554687,0.0802057556152343,0.0351648368835449,9.84465795135498
1732511520978812700,69.31481274414062,0.0757166275024414,0.0538695373535156,9.88386300354004
1732511520988746800,69.32474682617188,0.0899321998596191,0.091877488708496,9.891344883728026
1732511520998680600,69.3346806640625,0.0969651672363281,0.1247977615356445,9.87608184814453
1732511521008615400,69.34461547851562,0.0790086547851562,0.1541267318725586,9.829694190979003
1732511521018549800,69.3545498046875,0.0718260498046875,0.1629553504943847,9.783306533813477
1732511521028484600,69.36448461914063,0.0622492431640624,0.1657984649658203,9.772083713531494
1732511521038418400,69.37441845703125,0.0638952568054199,0.1491886909484863,9.786149648284912
1732511521048352500,69.3843525390625,0.0843956085205078,0.1044470474243164,9.79378116607666
1732511521058287600,69.39428759765624,0.0993593688964843,0.0936731399536132,9.79961703262329
1732511521068221700,69.4042216796875,0.1131260284423828,0.0531213493347167,9.800365220642089
1732511521078155500,69.41415551757812,0.0984615432739257,0.0324713600158691,9.816526081848144
1732511521088090600,69.42409057617188,0.1189618949890136,0.0272340438842773,9.81293477935791
1732511521098024700,69.43402465820313,0.1017535705566406,0.0345662864685058,9.74200655517578
1732511521107959600,69.44395947265625,0.0712274993896484,0.0281318695068359,9.696367086029053
1732511521117893400,69.45389331054687,0.038905776977539,0.0341173736572265,9.708487731933593
1732511521127827700,69.46382763671875,0.041449616241455,0.0489314964294433,9.74903952255249
1732511521137762600,69.47376245117188,0.0638952568054199,0.0490811340332031,9.796474642944336
1732511521147696400,69.4836962890625,0.0570119270324707,0.0579097526550293,9.804255798339844
1732511521157630700,69.49363061523438,0.0846948837280273,0.0618003303527832,9.79303297805786
1732511521167565600,69.50356567382812,0.1189618949890136,0.0745195266723632,9.803208335113524
1732511521177499600,69.51349975585937,0.1017535705566406,0.0803553932189941,9.802310509490969
1732511521187434800,69.52343481445313,0.118064069366455,0.0870890853881835,9.803357972717285
1732511521197368600,69.53336865234375,0.1158195053100586,0.0773626411437988,9.7806130569458
1732511521207302700,69.543302734375,0.1267430503845214,0.079756842803955,9.790339501190186
1732511521217237500,69.55323754882812,0.1156698677062988,0.0839466957092285,9.809942027282714
1732511521227171600,69.56317163085937,0.1189618949890136,0.0839466957092285,9.804555073547364
1732511521237106700,69.57310668945313,0.1345242057800293,0.0743698890686035,9.81233622894287
1732511521247040500,69.58304052734375,0.1247977615356445,0.0659901832580566,9.82580361328125
1732511521256974300,69.59297436523437,0.1307832656860351,0.0788590171813964,9.81936919631958
1732511521266909700,69.60290966796875,0.1283890640258789,0.0597054039001464,9.823708686828612
1732511521276843500,69.61284350585937,0.1179144317626953,0.0583586654663085,9.807547825622558
1732511521286777600,69.62277758789062,0.1099836387634277,0.0576104774475097,9.775675016021728
1732511521296712700,69.63271264648438,0.1283890640258789,0.0528220741271972,9.730933372497558
1732511521306646500,69.642646484375,0.1025017585754394,0.0532709869384765,9.72240402908325
1732511521316581400,69.65258129882812,0.1092354507446289,0.0562637390136718,9.777470667266844
1732511521326515700,69.662515625,0.0980126304626464,0.0567126518249511,9.823708686828612
1732511521336449500,69.67244946289063,0.1132756660461425,0.0635959815979003,9.835679695129397
1732511521346384600,69.68238452148438,0.1343745681762695,0.0815524940490722,9.888052856445311
1732511521356318500,69.692318359375,0.1408089851379394,0.0812532188415527,9.886257205200195
1732511521366252500,69.70225244140624,0.1446995628356933,0.0974140800476074,9.828197814941406
1732511521376187600,69.71218774414062,0.1066916114807128,0.1152209548950195,9.780014506530762
1732511521386121500,69.72212158203125,0.0855927093505859,0.1279401512145996,9.775824653625488
1732511521396056600,69.732056640625,0.0402525154113769,0.1230021102905273,9.66658920288086
1732511521405990700,69.74199072265625,0.0098760818481445,0.1134253036499023,9.413552014923097
1732511521415924500,69.75192456054687,0.0034416648864746,0.0875379981994628,9.675118546295163
1732511521425859600,69.76185961914062,0.1307832656860351,0.0372597633361816,9.99175171585083
1732511521435793700,69.77179370117187,0.2121861221313476,0.0199018013000488,10.053851321411132
1732511521445727500,69.7817275390625,0.225354231262207,0.0163104988098144,9.785102185058593
1732511521455662600,69.79166259765626,0.20425532913208,0.0149637603759765,9.502736026763916
1732511521465596700,69.8015966796875,0.1310825408935546,0.0538695373535156,9.592518589019775
1732511521475531500,69.81153149414062,0.0839466957092285,0.0659901832580566,9.838672447204589
1732511521485465600,69.82146557617187,0.0609025047302246,0.0724246002197265,9.93399160079956
1732511521495399400,69.8313994140625,0.0619499679565429,0.0933738647460937,9.878476049804688
1732511521505334500,69.84133447265626,0.077213003540039,0.1065419738769531,9.801113408660887
1732511521515268600,69.8512685546875,0.107888712310791,0.1209071838378906,9.817872820281982
1732511521525202400,69.86120239257812,0.127042325592041,0.139761521911621,9.835081144714357
1732511521535137500,69.87113745117188,0.1565209335327148,0.1451484756469726,9.81996774673462
1732511521545071600,69.88107153320313,0.1707365058898925,0.1294365272521972,9.810540577697754
1732511521555006500,69.89100634765624,0.1882441055297851,0.1158195053100586,9.823259774017334
1732511521564940800,69.90094091796875,0.1665466529846191,0.0953191535949707,9.839570272827148
1732511521574874600,69.91087451171875,0.1303343528747558,0.0948702407836914,9.836727158355712
1732511521584809500,69.9208095703125,0.1020528457641601,0.0849941589355468,9.82460651245117
1732511521594743600,69.93074365234375,0.0677858345031738,0.0834977828979492,9.796025730133056
1732511521604677600,69.940677734375,0.0588075782775878,0.0733224258422851,9.787945299530028
1732511521614612500,69.95061254882812,0.0626981559753418,0.0643441696166992,9.79303297805786
1732511521624546600,69.96054663085937,0.0709282241821289,0.0444423683166503,9.807697463226315
1732511521634481700,69.97048168945312,0.093822777557373,0.0362123001098632,9.791536602020264
1732511521644415700,69.98041577148437,0.1132756660461425,0.0537198997497558,9.80066449584961
1732511521654349600,69.990349609375,0.1234510231018066,0.0549170005798339,9.801562321472169
1732511521664284400,70.00028442382812,0.1310825408935546,0.072723875427246,9.804405435943602
1732511521674218800,70.01021875,0.1334767425537109,0.1004068321228027,9.80066449584961
1732511521684152600,70.02015258789062,0.1429039115905761,0.1309329032897949,9.821015209960937
1732511521694087400,70.03008740234375,0.1530792686462402,0.1292868896484375,9.835530057525634
1732511521704021500,70.040021484375,0.1457470260620117,0.1500865165710449,9.84361048812866
1732511521713956400,70.04995629882812,0.1539770942687988,0.1496376037597656,9.763704007720946
1732511521723890400,70.05989038085937,0.1610100616455078,0.1578676719665527,9.670629418182372
1732511521733824500,70.06982446289062,0.1342249305725097,0.1578676719665527,9.785850373077391
1732511521743759400,70.07975927734375,0.1126771156311035,0.1309329032897949,9.797522106170652
1732511521753693400,70.089693359375,0.0858919845581054,0.1056441482543945,9.594613515472412
1732511521763628500,70.09962866210938,0.0980126304626464,0.0992097312927246,9.567229833984374
1732511521773562400,70.10956225585937,0.1544260070800781,0.0908300254821777,9.832836580657958
1732511521783496400,70.11949633789062,0.2151788742065429,0.0858919845581054,10.000729972076416
1732511521793431600,70.129431640625,0.2099415580749511,0.0658405456542968,9.955539415740969
1732511521803365400,70.13936547851563,0.1758241844177246,0.0974140800476074,9.83208839263916
1732511521813299500,70.14929956054688,0.1195604454040527,0.0802057556152343,9.801711959075927
1732511521823234600,70.15923461914062,0.0881365486145019,0.0796072052001953,9.876979673767089
1732511521833168400,70.16916845703125,0.0840963333129882,0.0615010551452636,9.922768780517575
1732511521843103500,70.179103515625,0.0947206031799316,0.0556651885986328,9.872789820861817
1732511521853037300,70.18903735351563,0.122553197479248,0.0665887336730957,9.804106160736085
1732511521862971600,70.1989716796875,0.1574187591552734,0.1057937858581542,9.740809454345705
1732511521872906500,70.20890649414062,0.1750759963989257,0.1357213066101074,9.730933372497558
1732511521882840300,70.21884033203125,0.190189394378662,0.1336263801574707,9.739313078308104
1732511521892774400,70.2287744140625,0.2021604026794433,0.1458966636657714,9.751284086608884
1732511521902709500,70.23870947265625,0.192134683227539,0.1423053611755371,9.759214879608152
1732511521912643300,70.24864331054688,0.1867477294921875,0.1357213066101074,9.783456171417235
1732511521922578400,70.25857836914062,0.196623811340332,0.1267430503845214,9.81802245788574
1732511521932512500,70.26851245117187,0.1996165634155273,0.1291372520446777,9.837624983978271
1732511521942446600,70.27844653320312,0.1882441055297851,0.1262941375732421,9.827599264526366
1732511521952381400,70.28838134765626,0.1677437538146972,0.1227028350830078,9.77462755279541
1732511521962315500,70.2983154296875,0.1674444786071777,0.1388636962890625,9.751433724212646
1732511521972249600,70.30824951171876,0.1849520782470703,0.1430535491943359,9.802310509490969
1732511521982184400,70.31818432617187,0.1786672988891601,0.1476923149108886,9.842712662506102
1732511521992118300,70.3281181640625,0.1770212852478027,0.1445499252319335,9.832836580657958
1732511522002053400,70.33805346679688,0.1610100616455078,0.1476923149108886,9.809343476867674
1732511522011987500,70.34798754882813,0.1605611488342285,0.1325789169311523,9.801861596679688
1732511522021921300,70.35792138671874,0.1466448516845703,0.1173158813476562,9.78016414413452
1732511522031856600,70.36785668945312,0.1264437751770019,0.0944213279724121,9.789591313171384
1732511522041790500,70.37779052734375,0.1108814643859863,0.0921767639160156,9.756820677947998
1732511522051725300,70.38772534179688,0.0821510444641113,0.0897825622558593,9.750984811401366
1732511522061659400,70.39765942382813,0.0752677146911621,0.0939724151611328,9.75592285232544
1732511522071593500,70.40759350585938,0.0863408973693847,0.0846948837280273,9.762656544494629
1732511522081528300,70.4175283203125,0.1057937858581542,0.0968155296325683,9.764901108551024
1732511522091462400,70.42746240234375,0.1420060859680175,0.1081879875183105,9.788843125152589
1732511522101396500,70.437396484375,0.1616086120605468,0.1165676933288574,9.805602536773682
1732511522111331600,70.44733154296875,0.1693897674560547,0.1238999359130859,9.794828629302978
1732511522121265400,70.45726538085937,0.1886930183410644,0.1348234809875488,9.80724855041504
1732511522131200500,70.46720043945312,0.2009633018493652,0.1279401512145996,9.796923555755615
1732511522141134600,70.47713452148437,0.1877951927185058,0.1393126091003418,9.809642752075195
1732511522151068400,70.487068359375,0.2008136642456054,0.1451484756469726,9.824307237243652
1732511522161003300,70.49700317382812,0.2201169151306152,0.1466448516845703,9.817274269866942
1732511522170937600,70.5069375,0.2126350349426269,0.1376665954589843,9.834632231903075
1732511522180872400,70.51687255859375,0.2105401084899902,0.1247977615356445,9.829394915771484
1732511522190806300,70.52680615234375,0.2066495307922363,0.1292868896484375,9.833584768676758
1732511522200740400,70.536740234375,0.1952770729064941,0.1102829139709472,9.804854348754882
1732511522210675500,70.54667553710938,0.1910872200012207,0.0999579193115234,9.746794958496093
1732511522220609500,70.55660961914063,0.158316584777832,0.0968155296325683,9.715221424102785
1732511522230543400,70.56654345703124,0.1485901405334472,0.072723875427246,9.728389533233642
1732511522240478500,70.576478515625,0.1101332763671874,0.0716764122009277,9.798120656585692
1732511522250412500,70.58641259765625,0.1234510231018066,0.0739209762573242,9.840917011260986
1732511522260347400,70.59634741210938,0.1233013854980468,0.0854430717468261,9.867253229522705
1732511522270281500,70.60628149414063,0.1514332550048828,0.0987608184814453,9.90271734161377
1732511522280215600,70.61621557617187,0.1750759963989257,0.1291372520446777,9.873089096069336
1732511522290150400,70.626150390625,0.1656488273620605,0.1482908653259277,9.78091233215332
1732511522300084500,70.63608447265625,0.1319803665161132,0.1565209335327148,9.745148944854735
1732511522310018600,70.6460185546875,0.1038484970092773,0.155772745513916,9.756222127532958
1732511522319953400,70.65595336914062,0.1158195053100586,0.1340752929687499,9.58354033279419
1732511522329887500,70.66588745117187,0.0888847366333007,0.1279401512145996,9.592518589019775
1732511522339822600,70.67582250976562,0.1298854400634765,0.0972644424438476,9.900921690368651
1732511522349756400,70.68575634765625,0.2475005966186523,0.065092357635498,10.02332525024414
1732511522359690500,70.6956904296875,0.2867056488037109,0.033818098449707,9.963919121551513
1732511522369625600,70.70562548828126,0.2865560111999511,0.0332195480346679,9.652223992919922
1732511522379559400,70.71555932617187,0.2391208908081054,0.0634463439941406,9.524134204101562
1732511522389493500,70.72549340820312,0.1708861434936523,0.0825999572753906,9.69187795791626
1732511522399428400,70.73542846679688,0.1322796417236328,0.081702131652832,9.859621711730956
1732511522409362400,70.74536254882813,0.131531453704834,0.0854430717468261,9.889698870086669
1732511522419297500,70.75529760742188,0.1388636962890625,0.1068412490844726,9.853785845184326
1732511522429231400,70.7652314453125,0.153827456665039,0.1209071838378906,9.814131880187988
1732511522439165400,70.77516552734374,0.1883937431335449,0.1354220314025878,9.82610288848877
1732511522449100500,70.7851005859375,0.1740285331726074,0.1530792686462402,9.84361048812866
1732511522459034400,70.79503442382813,0.1809118629455566,0.1529296310424804,9.835679695129397
1732511522468969500,70.80496948242188,0.1999158386230468,0.143652099609375,9.836278245544433
1732511522478903600,70.81490356445312,0.2151788742065429,0.1213560966491699,9.85094273071289
1732511522488837400,70.82483740234375,0.1910872200012207,0.1164180557250976,9.868001417541503
1732511522498772500,70.8347724609375,0.1810615005493163,0.1002571945190429,9.852588744354248
1732511522508706600,70.84470654296875,0.1535281814575195,0.067636196899414,9.809343476867674
1732511522518641400,70.85464135742187,0.1316810913085937,0.0543184501647949,9.76789386062622
1732511522528575500,70.86457543945312,0.1324292793273925,0.0332195480346679,9.749189160156249
1732511522538509300,70.87450927734375,0.1418564483642578,0.0148141227722167,9.76145944366455
1732511522548444400,70.8844443359375,0.1669955657958984,0.0074818801879882,9.782558345794676
1732511522558378500,70.89437841796875,0.1657984649658203,0.0140659347534179,9.788394212341307
1732511522568312300,70.90431225585938,0.1791162117004394,0.0166097740173339,9.79423007888794
1732511522578247400,70.91424731445312,0.1839046150207519,0.0453401939392089,9.785251822662351
1732511522588181500,70.92418139648437,0.1744774459838867,0.0598550415039062,9.806949275207518
1732511522598116400,70.93411645507813,0.1862988166809082,0.0920271263122558,9.837026433563231
1732511522608050400,70.94405053710938,0.1720832443237304,0.1176151565551757,9.822810861206056
1732511522617984500,70.95398461914063,0.1801636749267578,0.1249473991394043,9.81951883392334
1732511522627919400,70.96391943359374,0.1735796203613281,0.1382651458740234,9.80066449584961
1732511522637853400,70.973853515625,0.1922843208312988,0.1429039115905761,9.709086282348633
1732511522647787300,70.98378735351562,0.1894412063598632,0.1331774673461914,9.801711959075927
1732511522657722400,70.99372241210938,0.1849520782470703,0.1077390747070312,9.916783276367187
1732511522667656400,71.00365649414063,0.1496376037597656,0.0782604667663574,9.737517427062988
1732511522677591600,71.01359155273437,0.1255459495544433,0.0920271263122558,9.540444702911376
1732511522687525600,71.02352563476562,0.1521814430236816,0.0579097526550293,9.69187795791626
1732511522697459500,71.03345947265625,0.2097919204711913,0.0353144744873046,9.855431858825684
1732511522707393800,71.04339379882812,0.2070984436035156,0.0169090492248535,9.840917011260986
1732511522717328000,71.05332788085937,0.1649006393432617,0.0199018013000488,9.751433724212646
1732511522727263000,71.06326293945312,0.1361702194213867,0.0432452674865722,9.722703304290771
1732511522737196800,71.07319677734375,0.1367687698364257,0.0520738861083984,9.801861596679688
1732511522747131000,71.083130859375,0.1378162330627441,0.0888847366333007,9.855581496429442
1732511522757065700,71.09306567382812,0.1707365058898925,0.0959177040100097,9.88341409072876
1732511522767000000,71.103,0.2064998931884765,0.0951695159912109,9.85079309310913
1732511522776934000,71.11293383789062,0.2201169151306152,0.1128267532348632,9.8181720954895
1732511522786868700,71.12286865234375,0.2000654762268066,0.14679448928833,9.821314485168456
1732511522796802800,71.132802734375,0.1990180130004882,0.1499368789672851,9.835978970336914
1732511522806738000,71.14273803710938,0.174926358795166,0.1451484756469726,9.83134020462036
1732511522816671700,71.15267163085937,0.1500865165710449,0.1207575462341308,9.81802245788574
1732511522826605800,71.16260571289062,0.1264437751770019,0.0894832870483398,9.835829332733152
1732511522836541000,71.172541015625,0.1192611701965331,0.0635959815979003,9.83089129180908
1732511522846475000,71.18247509765625,0.1348234809875488,0.05746083984375,9.8204166595459
1732511522856409900,71.19240991210937,0.1756745468139648,0.0410007034301757,9.816974994659423
1732511522866344000,71.20234399414062,0.1888426559448242,0.0407014282226562,9.81847137069702
1732511522876278000,71.21227807617187,0.1954267105102539,0.05746083984375,9.724050042724608
1732511522886212900,71.222212890625,0.192134683227539,0.055515550994873,9.680056587219235
1732511522896146700,71.23214672851563,0.1912368576049804,0.0623988807678222,9.71118120880127
1732511522906081000,71.2420810546875,0.1807622253417968,0.072723875427246,9.76804349822998
1732511522916015900,71.25201586914062,0.1840542526245117,0.0818517692565918,9.803507610321043
1732511522925949700,71.26194970703125,0.2093430076599121,0.1001075569152832,9.816226806640625
1732511522935885000,71.27188500976563,0.2047042419433593,0.1167173309326171,9.801412683868408
1732511522945819000,71.28181884765625,0.1816600509643554,0.1090858131408691,9.816376444244383
1732511522955753000,71.2917529296875,0.1666962905883789,0.1044470474243164,9.817423907470705
1732511522965687800,71.30168774414062,0.1517325302124023,0.0945709655761718,9.816077169036864
1732511522975622000,71.31162182617187,0.1584662223815917,0.0936731399536132,9.804405435943602
1732511522985556700,71.321556640625,0.1568202087402343,0.0800561180114746,9.787945299530028
1732511522995490800,71.33149072265626,0.1466448516845703,0.0833481452941894,9.796025730133056
1732511523005425000,71.3414248046875,0.1475426773071289,0.0743698890686035,9.79378116607666
1732511523015360000,71.35136010742187,0.1803133125305175,0.0610521423339843,9.82550433807373
1732511523025293800,71.3612939453125,0.1836053398132324,0.0571615646362304,9.820267021942138
1732511523035227600,71.3712275390625,0.1797147621154785,0.0496796844482421,9.792434427642824
1732511523045163000,71.3811630859375,0.1867477294921875,0.05746083984375,9.78121160736084
1732511523055096800,71.39109692382813,0.1987187377929687,0.0661398208618164,9.79348189086914
1732511523065031700,71.40103173828125,0.2120364845275879,0.086191259765625,9.794828629302978
1732511523074966000,71.41096606445312,0.2000654762268066,0.0941220527648925,9.778967043304442
1732511523084899800,71.42089990234375,0.1945288848876953,0.1051952354431152,9.77447791519165
1732511523094834700,71.43083471679688,0.1861491790771484,0.1020528457641601,9.791985514831543
1732511523104768800,71.44076879882813,0.1590647727966308,0.0921767639160156,9.807847100830076
1732511523114704000,71.45070385742187,0.1521814430236816,0.0956184288024902,9.81757354507446
1732511523124638000,71.46063793945312,0.1524807182312011,0.079158292388916,9.789591313171384
1732511523134571800,71.47057177734375,0.1693897674560547,0.081702131652832,9.749937348175049
1732511523144507000,71.4805068359375,0.1818096885681152,0.0709282241821289,9.737218151855467
1732511523154441000,71.49044091796875,0.1806125877380371,0.0653916328430175,9.737816702270509
1732511523164374800,71.50037475585937,0.1809118629455566,0.0612017799377441,9.78031378173828
1732511523174310000,71.51030981445312,0.1726817947387695,0.0632967063903808,9.821613760375977
1732511523184244000,71.52024389648437,0.1737292579650878,0.0609025047302246,9.822810861206056
1732511523194178800,71.5301787109375,0.2066495307922363,0.0782604667663574,9.89538509902954
1732511523204113000,71.54011279296876,0.2281973457336425,0.1016039329528808,9.90915175857544
1732511523214047000,71.550046875,0.2430114685058593,0.1156698677062988,9.817872820281982
1732511523223981800,71.55998193359375,0.2029085906982421,0.1238999359130859,9.764452195739745
1732511523233916000,71.569916015625,0.1307832656860351,0.1342249305725097,9.75487538909912
1732511523243851000,71.57985107421875,0.0915782135009765,0.12764087600708,9.555258825683593
1732511523253784800,71.58978491210938,0.0532709869384765,0.1227028350830078,9.493757770538329
1732511523263719000,71.59971899414063,0.0595557662963867,0.081702131652832,9.826851076507568
1732511523273654000,71.60965405273437,0.1834557022094726,0.0221463653564453,10.038588285827636
1732511523283587800,71.619587890625,0.2428618309020996,0.0230441909790039,9.963619846343994
1732511523293523000,71.62952294921875,0.2510918991088867,0.0321720848083496,9.645041387939452
1732511523303456800,71.63945678710938,0.256628490447998,0.0426467170715332,9.51336029663086
1732511523313390800,71.64939086914063,0.1768716476440429,0.0520738861083984,9.725696056365964
1732511523323326000,71.65932592773437,0.1451484756469726,0.0674865592956543,9.912144510650634
1732511523333259800,71.669259765625,0.1402104347229003,0.0808043060302734,9.918279652404784
1732511523343193900,71.67919384765625,0.1617582496643066,0.1020528457641601,9.829843828582764
1732511523353129000,71.68912890625,0.1809118629455566,0.1063923362731933,9.769240599060058
1732511523363062800,71.69906274414062,0.1854009910583496,0.1233013854980468,9.780014506530762
1732511523372998000,71.70899780273437,0.1795651245117187,0.1424549987792968,9.83134020462036
1732511523382932000,71.71893188476562,0.2096422828674316,0.1408089851379394,9.837624983978271
1732511523392865800,71.72886572265625,0.2174234382629394,0.1529296310424804,9.824456874847412
1732511523402801000,71.73880078125,0.2000654762268066,0.1382651458740234,9.822361948394777
1732511523412735000,71.74873486328126,0.1873462799072265,0.1307832656860351,9.837624983978271
1732511523422669800,71.758669921875,0.1672948410034179,0.1029506713867187,9.852139831542967
1732511523432604000,71.76860400390625,0.1322796417236328,0.1050455978393554,9.836278245544433
1732511523442537700,71.77853784179688,0.1113303771972656,0.0820014068603515,9.827150351715089
1732511523452472800,71.78847290039063,0.086191259765625,0.0549170005798339,9.833884043884275
1732511523462407000,71.79840698242188,0.0820014068603515,0.0520738861083984,9.843311212921142
1732511523472341800,71.808341796875,0.1022024833679199,0.0329202728271484,9.840468098449708
1732511523482275800,71.81827587890625,0.1138742164611816,0.0184054252624511,9.804255798339844
1732511523492210000,71.8282099609375,0.1393126091003418,0.0157119483947753,9.796175367736817
1732511523502144800,71.83814477539063,0.1448492004394531,0.010175357055664,9.771036250305174
1732511523512078800,71.84807885742188,0.120607908630371,0.0261865806579589,9.788992762756347
1732511523522013000,71.85801293945312,0.1294365272521972,0.0468365699768066,9.80665
1732511523531947800,71.86794775390625,0.1384147834777832,0.0815524940490722,9.818321733093262
1732511523541881900,71.8778818359375,0.136619132232666,0.0875379981994628,9.834332956695556
1732511523551817000,71.88781689453126,0.1230021102905273,0.1192611701965331,9.837176071166992
1732511523561750800,71.89775073242187,0.134673843383789,0.1536778190612792,9.770288062286376
1732511523571684900,71.90768481445312,0.1375169578552246,0.1696890426635742,9.84480758895874
1732511523581620000,71.91761987304687,0.1646013641357421,0.1586158599853515,9.99145244064331
1732511523591554000,71.92755395507812,0.1379658706665039,0.1409586227416992,9.78689783630371
1732511523601489000,71.93748901367188,0.1195604454040527,0.1345242057800293,9.577854103851315
1732511523611422700,71.94742260742187,0.1466448516845703,0.1013046577453613,9.638906246185302
1732511523621357000,71.95735717773438,0.2014122146606445,0.0656909080505371,9.815179343414306
1732511523631292000,71.9672919921875,0.2310404602050781,0.0278325942993164,9.884760829162596
1732511523641225700,71.97722583007813,0.201112939453125,-0.0062847793579101,9.859023161315918
1732511523651160800,71.98716088867188,0.1449988380432128,0.0016460136413574,9.797821381378172
1732511523661095000,71.99709497070313,0.1004068321228027,0.0089782562255859,9.80679963760376
1732511523671028700,72.00702880859374,0.0900818374633789,0.0302267959594726,9.823858324432372
1732511523680963800,72.0169638671875,0.0849941589355468,0.0683843849182128,9.841515561676024
1732511523690898000,72.02689794921875,0.0796072052001953,0.0882861862182617,9.860968450164794
1732511523700832000,72.03683203125,0.1036988594055175,0.1077390747070312,9.847351428222655
1732511523710767000,72.04676708984375,0.1146224044799804,0.1236006607055664,9.80665
1732511523720701200,72.056701171875,0.1322796417236328,0.1294365272521972,9.787496386718749
1732511523730636000,72.06663598632812,0.1595136856079101,0.107888712310791,9.796474642944336
1732511523740570000,72.07657006835937,0.1451484756469726,0.0731727882385253,9.808894564056397
1732511523750504000,72.08650390625,0.1720832443237304,0.0463876571655273,9.822062673187256
1732511523760439000,72.09643896484376,0.1797147621154785,0.0279822319030761,9.82520506286621
1732511523770373000,72.106373046875,0.1716343315124511,0.0315735343933105,9.822361948394777
1732511523780308000,72.11630786132812,0.1640028137207031,0.0143652099609375,9.805602536773682
1732511523790242300,72.1262421875,0.1660977401733398,0.0199018013000488,9.788094937133788
1732511523800176000,72.13617602539063,0.160860424041748,0.0474351203918457,9.77432827758789
1732511523810111000,72.14611108398438,0.1589151351928711,0.0477343955993652,9.751284086608884
1732511523820045300,72.15604541015625,0.1289876144409179,0.0619499679565429,9.745148944854735
1732511523829980200,72.16598022460937,0.115520230102539,0.0553659133911132,9.777620304870604
1732511523839914000,72.1759140625,0.1274912384033203,0.0456394691467285,9.771934075927732
1732511523849848000,72.18584814453125,0.1152209548950195,0.0282815071105957,9.794978266906735
1732511523859783200,72.195783203125,0.1056441482543945,0.0155623107910156,9.795876092529296
1732511523869717200,72.20571728515625,0.120009358215332,0.0321720848083496,9.79423007888794
1732511523879651000,72.21565112304687,0.1373673202514648,0.0219967277526855,9.798120656585692
1732511523889586200,72.22558618164062,0.1393126091003418,0.0432452674865722,9.816226806640625
1732511523899520300,72.23552026367187,0.1355716690063476,0.0576104774475097,9.81263550415039
1732511523909455000,72.245455078125,0.1438017372131347,0.0604535919189453,9.801562321472169
1732511523919389000,72.25538891601562,0.1499368789672851,0.0562637390136718,9.804854348754882
1732511523929323300,72.2653232421875,0.1569698463439941,0.0395043273925781,9.79976667022705
1732511523939258000,72.27525805664062,0.1738788955688476,0.0327706352233886,9.786149648284912
1732511523949192000,72.28519189453125,0.1666962905883789,0.0311246215820312,9.778518130493165
1732511523959127300,72.29512719726563,0.1581669471740722,0.014664485168457,9.785102185058593
1732511523969061000,72.30506103515626,0.1423053611755371,0.009576806640625,9.79318261566162
1732511523978995200,72.3149951171875,0.1490390533447265,-0.0077811553955078,9.782259070587155
1732511523988930300,72.32493041992187,0.1285387016296386,-0.0083797058105468,9.7821094329834
1732511523998864100,72.33486401367188,0.1069908866882324,-0.0190039756774902,9.769539874267576
1732511524008799000,72.34479907226563,0.0882861862182617,-0.033818098449707,9.778817405700684
1732511524018733000,72.35473315429688,0.0936731399536132,-0.0137666595458984,9.791686239624022
1732511524028667100,72.36466723632813,0.0854430717468261,-0.0215478149414062,9.7943797164917
1732511524038602200,72.37460229492187,0.0818517692565918,0.0032920272827148,9.787646024322507
1732511524048536000,72.3845361328125,0.1162684181213378,0.0321720848083496,9.78151088256836
1732511524058470000,72.39446997070313,0.1020528457641601,0.045938744354248,9.7438022064209
1732511524068405200,72.4044052734375,0.0947206031799316,0.0635959815979003,9.74275474319458
1732511524078339000,72.41433911132812,0.1194108078002929,0.0404021530151367,9.790638776397705
1732511524088274000,72.42427392578125,0.1092354507446289,0.0291793327331542,9.846004689788815
1732511524098208300,72.43420825195312,0.1072901618957519,0.0184054252624511,9.84465795135498
1732511524108142000,72.44414208984375,0.1042974098205566,0.0013467384338378,9.834183319091796
1732511524118077000,72.45407690429687,0.1122282028198242,0.0020949264526367,9.854534033203125
1732511524128011300,72.46401123046876,0.1394622467041015,0.005686228942871,9.919027840423585
1732511524137946000,72.47394604492187,0.143652099609375,0.0225952781677246,9.858873523712155
1732511524147880200,72.48388012695312,0.1204582710266113,0.0240916542053222,9.773879364776612
1732511524157814000,72.49381396484375,0.0921767639160156,0.0252887550354003,9.740510179138184
1732511524167749000,72.5037490234375,0.0697311233520507,0.0212485397338867,9.558401215362547
1732511524177683200,72.51368310546874,0.0525227989196777,0.043394905090332,9.353996248626707
1732511524187618000,72.5236181640625,0.0184054252624511,0.0020949264526367,9.702202952575684
1732511524197552000,72.53355224609375,0.1186626197814941,-0.0525227989196777,10.020033222961423
1732511524207486200,72.543486328125,0.1782183860778808,-0.1016039329528808,10.06118356399536
1732511524217421000,72.55342114257813,0.2088940948486328,-0.131531453704834,9.760262342834473
1732511524227355000,72.56335498046874,0.1952770729064941,-0.111031101989746,9.526528405761718
1732511524237290200,72.57329028320312,0.1188122573852539,-0.0547673629760742,9.684246440124513
1732511524247224000,72.58322412109375,0.074669164276123,-0.0077811553955078,9.891644158935549
1732511524257158100,72.593158203125,0.0427963546752929,0.0221463653564453,9.928903922271727
1732511524267093200,72.60309326171875,0.0284311447143554,0.0427963546752929,9.829993466186522
1732511524277027000,72.61302709960937,0.0269347686767578,0.0812532188415527,9.771634800720214
1732511524286962000,72.6229619140625,0.0447416435241699,0.0896329246520996,9.810091664886476
1732511524296896300,72.63289624023437,0.0659901832580566,0.0728735130310058,9.866804316711423
1732511524306830000,72.642830078125,0.0834977828979492,0.0616506927490234,9.860818812561035
1732511524316765200,72.65276513671876,0.081702131652832,0.0420481666564941,9.821613760375977
1732511524326699000,72.66269897460937,0.0894832870483398,0.0098760818481445,9.836278245544433
1732511524336633000,72.67263305664062,0.0713771369934082,-0.0137666595458984,9.856030409240722
1732511524346568200,72.68256811523437,0.0800561180114746,-0.0261865806579589,9.840917011260986
1732511524356502000,72.692501953125,0.072125325012207,-0.0429459922790527,9.853636207580566
1732511524366437000,72.70243701171874,0.0499789596557617,-0.0469862075805664,9.816226806640625
1732511524376371200,72.71237109375,0.0368108505249023,-0.0745195266723632,9.803058697509766
1732511524386305000,72.72230493164062,0.0140659347534179,-0.0811035812377929,9.78091233215332
1732511524396240100,72.732240234375,-0.0014963760375976,-0.0837970581054687,9.771784438323976
1732511524406174200,72.74217431640625,0.0366612129211425,-0.0781108291625976,9.816675719451904
1732511524416109000,72.75210913085938,0.0297778831481933,-0.0875379981994628,9.801861596679688
1732511524426043100,72.76204321289063,0.0407014282226562,-0.041449616241455,9.797671743774414
1732511524435977200,72.77197729492187,0.0401028778076171,-0.0199018013000488,9.801113408660887
1732511524445912000,72.781912109375,0.0474351203918457,0.0008978256225585,9.81248586654663
1732511524455846100,72.79184619140625,0.0451905563354492,0.0227449157714843,9.804555073547364
1732511524465781200,72.80178125,0.0579097526550293,0.0240916542053222,9.810390940093994
1732511524475715000,72.81171508789062,0.0390554145812988,0.0137666595458984,9.727940620422364
1732511524485649200,72.82164916992187,0.0424970794677734,0.0205003517150878,9.771335525512695
1732511524495584000,72.831583984375,0.0441430931091308,-0.0062847793579101,9.95314521408081
1732511524505518000,72.84151806640625,0.0354641120910644,-0.0384568641662597,9.789591313171384
1732511524515453200,72.851453125,0.0073322425842285,-0.0468365699768066,9.641300447845458
1732511524525387000,72.86138696289062,0.041449616241455,-0.0609025047302246,9.728389533233642
1732511524535321300,72.8713212890625,0.0905307502746581,-0.0604535919189453,9.796175367736817
1732511524545256200,72.88125610351562,0.0520738861083984,-0.0549170005798339,9.75427683868408
1732511524555190000,72.89118994140625,0.0113724578857421,-0.0297778831481933,9.773879364776612
1732511524565124000,72.9011240234375,-0.0088286186218261,-0.0151133979797363,9.8587238861084
1732511524575059200,72.91105908203124,0.0094271690368652,-0.0212485397338867,9.904961905670165
1732511524584993000,72.92099291992187,0.0221463653564453,-0.0329202728271484,9.881169526672362
1732511524594928000,72.93092822265625,0.0478840332031249,-0.0353144744873046,9.8587238861084
1732511524604862200,72.9408623046875,0.0661398208618164,-0.0097264442443847,9.85124200592041
1732511524614796300,72.95079638671875,0.0794575675964355,0.0004489128112792,9.841964474487304
1732511524624731100,72.96073120117188,0.0959177040100097,-0.0200514389038085,9.824756150054933
1732511524634665000,72.9706650390625,0.0843956085205078,-0.0190039756774902,9.803657247924804
1732511524644600000,72.98060009765625,0.0852934341430664,-0.0169090492248535,9.789292037963866
1732511524654534100,72.9905341796875,0.0990600936889648,-0.0311246215820312,9.762806182098387
1732511524664468000,73.00046801757813,0.112976390838623,-0.0597054039001464,9.784503634643556
1732511524674403000,73.01040307617187,0.1029506713867187,-0.0706289489746093,9.769240599060058
1732511524684337200,73.02033715820312,0.1361702194213867,-0.0704793113708496,9.764302558135986
1732511524694272000,73.03027197265625,0.1210568214416503,-0.05746083984375,9.775675016021728
1732511524704206600,73.04020654296875,0.0945709655761718,-0.074669164276123,9.763105457305908
1732511524714140700,73.050140625,0.0808043060302734,-0.0827495948791503,9.75502502670288
1732511524724075800,73.06007568359375,0.0667383712768554,-0.045938744354248,9.707290631103517
1732511524734009900,73.070009765625,0.0212485397338867,-0.0410007034301757,9.709535195159912
1732511524743944700,73.07994482421876,0.0354641120910644,-0.0463876571655273,9.724199680328368
1732511524753878500,73.08987841796875,0.0478840332031249,-0.0365115753173828,9.791985514831543
1732511524763812900,73.09981274414062,0.0534206245422363,-0.0309749839782714,9.833135855865478
1732511524773747700,73.10974780273438,0.0615010551452636,-0.0046387657165527,9.822062673187256
1732511524783681500,73.119681640625,0.0588075782775878,0.0106242698669433,9.808146376037596
1732511524793617000,73.12961694335938,0.0571615646362304,0.012120645904541,9.788992762756347
1732511524803550700,73.13955078125,0.0615010551452636,0.0190039756774902,9.763554370117188
1732511524813484500,73.14948461914062,0.069581485748291,0.0246902046203613,9.771634800720214
1732511524823420000,73.159419921875,0.0511760604858398,0.0022445640563964,9.784204359436034
1732511524833353700,73.16935375976563,0.0685340225219726,0.0236427413940429,9.79258406524658
1732511524843288600,73.17928857421875,0.086191259765625,0.0133177467346191,9.795277542114258
1732511524853222700,73.18922265625,0.0980126304626464,0.0013467384338378,9.785251822662351
1732511524863156700,73.19915673828125,0.1128267532348632,-0.0109235450744628,9.777021754455566
1732511524873091600,73.20909155273438,0.1192611701965331,-0.0335188232421874,9.763105457305908
1732511524883025700,73.21902563476563,0.107888712310791,-0.0378583137512207,9.748740247344973
1732511524892960800,73.22896069335937,0.1238999359130859,-0.0329202728271484,9.747094233703612
1732511524902894800,73.23889477539062,0.0917278511047363,-0.0421978042602539,9.750685536193847
1732511524912828700,73.24882861328125,0.0808043060302734,-0.0505775100708007,9.772083713531494
1732511524922763500,73.25876342773438,0.0833481452941894,-0.0444423683166503,9.7683427734375
1732511524932697900,73.26869775390625,0.0800561180114746,-0.0451905563354492,9.815777893829344
1732511524942632700,73.2786328125,0.1013046577453613,-0.0206499893188476,9.841814836883543
1732511524952566500,73.28856640625,0.1092354507446289,0.0205003517150878,9.880570976257324
1732511524962500900,73.2985009765625,0.1093850883483886,0.0365115753173828,9.849745629882811
1732511524972435700,73.30843579101563,0.0704793113708496,0.0716764122009277,9.809493114471437
1732511524982369500,73.31836962890625,0.0398036026000976,0.0604535919189453,9.816376444244383
1732511524992305000,73.32830493164063,0.0460883819580078,0.0597054039001464,9.727192432403564
1732511525002238700,73.33823876953124,0.0281318695068359,0.072723875427246,9.431358889770507
1732511525012172800,73.3481728515625,-0.0588075782775878,0.0632967063903808,9.58339069519043
1732511525022107600,73.35810766601563,0.0468365699768066,0.0113724578857421,9.944466233062744
1732511525032041700,73.36804174804688,0.1818096885681152,-0.0570119270324707,10.071209283447264
1732511525041976600,73.3779765625,0.2264016944885253,-0.0899321998596191,9.824905787658691
1732511525051910700,73.38791064453125,0.1859995414733886,-0.0941220527648925,9.50527986602783
1732511525061844500,73.39784448242187,0.0643441696166992,-0.0285807823181152,9.611672202301024
1732511525071779800,73.40777978515625,0.0001496376037597,0.024241291809082,9.84540613937378
1732511525081713700,73.41771362304688,-0.0071826049804687,0.0564133766174316,9.970203900909423
1732511525091647700,73.42764770507813,-0.0037409400939941,0.072125325012207,9.88939959487915
1732511525101582800,73.43758276367187,0.0074818801879882,0.0968155296325683,9.776872116851806
1732511525111516700,73.4475166015625,0.0520738861083984,0.110432551574707,9.801711959075927
1732511525121451500,73.45745141601563,0.1041477722167968,0.1156698677062988,9.83837317199707
1732511525131385900,73.4673857421875,0.1246481239318847,0.0840963333129882,9.834332956695556
1732511525141320700,73.47732080078126,0.1318307289123535,0.0739209762573242,9.819668471527098
1732511525151254500,73.48725463867187,0.1342249305725097,0.0613514175415039,9.815179343414306
1732511525161188600,73.49718872070312,0.1056441482543945,0.0357633872985839,9.829993466186522
1732511525171123700,73.50712377929688,0.0718260498046875,0.0169090492248535,9.848249253845214
1732511525181057800,73.51705786132813,0.0233434661865234,0.015263035583496,9.82565397567749
1732511525190991600,73.52699169921875,0.0202010765075683,0.0085293434143066,9.817274269866942
1732511525200926700,73.5369267578125,0.0122702835083007,0.0002992752075195,9.81263550415039
1732511525210860800,73.54686083984375,0.0161608612060546,-0.0083797058105468,9.798719207000731
1732511525220795600,73.55679565429688,0.0368108505249023,-0.0234931037902832,9.783905084228516
1732511525230729700,73.56672973632813,0.0477343955993652,-0.0116717330932617,9.797222830963134
1732511525240663800,73.57666381835938,0.0707785865783691,-0.0065840545654296,9.81278514175415
1732511525250598700,73.5865986328125,0.0640448944091796,0.0173579620361328,9.81906992111206
1732511525260532700,73.59653271484375,0.0950198783874511,0.0450409187316894,9.811438403320311
1732511525270467800,73.6064677734375,0.0757166275024414,0.0556651885986328,9.816825357055665
1732511525280401700,73.61640161132813,0.0896329246520996,0.065092357635498,9.792434427642824
1732511525290335700,73.62633569335938,0.1050455978393554,0.0781108291625976,9.79408044128418
1732511525300270800,73.63627075195312,0.101454295349121,0.0715267745971679,9.807847100830076
1732511525310204700,73.64620458984375,0.1107318267822265,0.0903811126708984,9.695469260406494
1732511525320139500,73.65613940429688,0.1125274780273437,0.0948702407836914,9.815777893829344
1732511525330073600,73.66607348632813,0.1156698677062988,0.0655412704467773,9.93967782974243
1732511525340007700,73.67600756835938,0.0935235023498535,0.05102642288208,9.756222127532958
1732511525349942800,73.68594287109374,0.0781108291625976,0.0487818588256835,9.6396544342041
1732511525359876600,73.69587670898437,0.1010053825378417,0.0477343955993652,9.686790279388427
1732511525369811700,73.70581176757813,0.1048959602355956,0.0475847579956054,9.719112001800536
1732511525379745800,73.71574584960938,0.1107318267822265,0.041449616241455,9.75592285232544
1732511525389679600,73.7256796875,0.0851437965393066,0.0471358451843261,9.827299989318847
1732511525399614700,73.73561474609374,0.0618003303527832,0.0508767852783203,9.88281554031372
1732511525409548800,73.745548828125,0.0775122787475585,0.0447416435241699,9.891793796539304
1732511525419483600,73.75548364257813,0.0827495948791503,0.0538695373535156,9.869048880767822
1732511525429417700,73.76541772460938,0.0767640907287597,0.0707785865783691,9.848698166656494
1732511525439351800,73.77535180664063,0.1161187805175781,0.0839466957092285,9.843161575317382
1732511525449286700,73.78528662109375,0.1131260284423828,0.0891840118408203,9.817423907470705
1732511525459220700,73.795220703125,0.1222539222717285,0.1032499465942382,9.778967043304442
1732511525469155800,73.80515576171875,0.1099836387634277,0.1092354507446289,9.766846397399902
1732511525479089700,73.81508959960938,0.1047463226318359,0.0917278511047363,9.78121160736084
1732511525489023700,73.82502368164063,0.1273416007995605,0.0710778617858886,9.794978266906735
1732511525498958600,73.83495849609375,0.1252466743469238,0.0568622894287109,9.778967043304442
1732511525508892700,73.844892578125,0.1203086334228515,0.038905776977539,9.775226103210448
1732511525518827800,73.85482788085938,0.1333271049499511,0.0207996269226074,9.782707983398437
1732511525528761600,73.86476171875,0.1490390533447265,0.0296282455444335,9.802310509490969
1732511525538696000,73.87469604492188,0.139761521911621,0.0390554145812988,9.78779566192627
1732511525548630800,73.884630859375,0.1475426773071289,0.0418985290527343,9.719261639404296
1732511525558564600,73.89456469726562,0.1258452247619629,0.060004679107666,9.70444751663208
1732511525568499700,73.90449975585938,0.1195604454040527,0.048482583618164,9.706991355895996
1732511525578433800,73.91443383789063,0.0981622680664062,0.0610521423339843,9.745298582458496
1732511525588367600,73.92436767578126,0.1116296524047851,0.050427872467041,9.77971523132324
1732511525598302700,73.934302734375,0.1161187805175781,0.0480336708068847,9.815029705810549
1732511525608236800,73.94423681640625,0.1191115325927734,0.0552162757873535,9.872789820861817
1732511525618171600,73.95417163085938,0.1485901405334472,0.0692822105407714,9.91558617553711
1732511525628105700,73.96410571289063,0.139162971496582,0.0905307502746581,9.917082551574708
1732511525638039600,73.97403955078126,0.1228524726867675,0.1086369003295898,9.862165550994872
1732511525647974700,73.983974609375,0.1005564697265625,0.1146224044799804,9.81951883392334
1732511525657908700,73.99390869140625,0.0674865592956543,0.1303343528747558,9.8059018119812
1732511525667843800,74.00384375,0.0632967063903808,0.1396118843078613,9.570970774078368
1732511525677777700,74.01377758789063,0.0213981773376464,0.1327285545349121,9.498246898651123
1732511525687711700,74.02371166992188,0.052971711730957,0.0679354721069335,9.875632935333252
1732511525697646600,74.033646484375,0.2066495307922363,0.0104746322631835,9.984419473266602
1732511525707580700,74.04358056640625,0.2935889785766601,-0.0073322425842285,9.875932210540771
1732511525717515500,74.053515625,0.3110965782165527,-0.0240916542053222,9.580697218322753
1732511525727449300,74.06344946289063,0.2331353866577148,0.0044891281127929,9.51336029663086
1732511525737383400,74.07338354492188,0.1553238327026367,0.0269347686767578,9.73617068862915
1732511525747318500,74.08331860351562,0.091877488708496,0.0290296951293945,9.922768780517575
1732511525757252400,74.09325244140625,0.0680851097106933,0.0520738861083984,9.923068055725096
1732511525767187500,74.1031875,0.0784101043701171,0.0683843849182128,9.842413387298585
1732511525777121500,74.11312158203125,0.101454295349121,0.1023521209716796,9.792135152435302
1732511525787056400,74.12305639648437,0.1460463012695312,0.1310825408935546,9.827150351715089
1732511525796990500,74.13299047851562,0.1656488273620605,0.1505354293823242,9.875632935333252
1732511525806924300,74.14292431640625,0.1680430290222168,0.1574187591552734,9.865008665466307
1732511525816859400,74.152859375,0.1674444786071777,0.1268926879882812,9.83223803024292
1732511525826793500,74.16279345703126,0.1662473777770996,0.1113303771972656,9.81877064590454
1732511525836728300,74.17272827148437,0.1533785438537597,0.1068412490844726,9.820715934753418
1732511525846662400,74.18266235351562,0.1367687698364257,0.0909796630859375,9.829095640563963
1732511525856596500,74.19259643554688,0.1340752929687499,0.0706289489746093,9.824157599639893
1732511525866531300,74.20253125,0.1147720420837402,0.0620996055603027,9.816675719451904
1732511525876465700,74.21246557617188,0.1007061073303222,0.060603229522705,9.791536602020264
1732511525886400500,74.222400390625,0.1101332763671874,0.0342670112609863,9.79378116607666
1732511525896334300,74.23233422851563,0.117465518951416,0.0483329460144042,9.79318261566162
1732511525906268400,74.24226831054688,0.1381155082702636,0.0390554145812988,9.807847100830076
1732511525916203500,74.25220361328125,0.1635539009094238,0.0378583137512207,9.785251822662351
1732511525926137300,74.26213745117188,0.1542763694763183,0.0586579406738281,9.78719711151123
1732511525936072400,74.27207250976562,0.1482908653259277,0.0688332977294921,9.80066449584961
1732511525946006500,74.28200659179687,0.1482908653259277,0.1028010337829589,9.80650036239624
1732511525955940600,74.29194067382812,0.1554734703063964,0.115520230102539,9.810390940093994
1732511525965875500,74.30187548828125,0.1602618736267089,0.1457470260620117,9.822212310791016
1732511525975809300,74.31180932617187,0.1568202087402343,0.146195938873291,9.823110136413574
1732511525985744400,74.32174438476562,0.1641524513244628,0.1390133338928222,9.76804349822998
1732511525995678500,74.33167846679687,0.1752256340026855,0.1566705711364746,9.728090258026125
1732511526005612300,74.3416123046875,0.1590647727966308,0.1614589744567871,9.935039064025878
1732511526015547400,74.35154736328126,0.134673843383789,0.1484405029296875,9.891494521331786
1732511526025481500,74.3614814453125,0.0923264015197753,0.1402104347229003,9.626785600280762
1732511526035416300,74.37141625976562,0.1068412490844726,0.105344873046875,9.55690483932495
1732511526045350700,74.3813505859375,0.1524807182312011,0.0852934341430664,9.771784438323976
1732511526055284500,74.39128442382813,0.2066495307922363,0.0779611915588378,9.891644158935549
1732511526065219300,74.40121923828124,0.2207154655456542,0.0607528671264648,9.828946002960205
1732511526075153400,74.4111533203125,0.2015618522644043,0.0671872840881347,9.726593881988524
1732511526085088500,74.42108862304687,0.1457470260620117,0.0828992324829101,9.728090258026125
1732511526095022300,74.43102221679688,0.1274912384033203,0.1108814643859863,9.826252526092528
1732511526104956400,74.44095629882813,0.1313818161010742,0.125097036743164,9.893290172576904
1732511526114891500,74.4508916015625,0.1351227561950683,0.1379658706665039,9.885658654785155
1732511526124825600,74.46082568359375,0.143652099609375,0.1464952140808105,9.831040929412842
1732511526134760400,74.47076049804687,0.158316584777832,0.1651999145507812,9.82535470046997
1732511526144694500,74.48069458007812,0.1508347045898437,0.1783680236816406,9.7943797164917
1732511526154628600,74.49062866210937,0.1644517265319824,0.1574187591552734,9.798270294189452
1732511526164563500,74.5005634765625,0.1788169364929199,0.1351227561950683,9.80545289916992
1732511526174497300,74.51049731445312,0.1719336067199706,0.1343745681762695,9.789890588378906
1732511526184432400,74.52043237304687,0.192134683227539,0.1182137069702148,9.770288062286376
1732511526194366500,74.53036645507812,0.187047004699707,0.101454295349121,9.777470667266844
1732511526204300300,74.54030029296875,0.2057517051696777,0.0926256767272949,9.80709891281128
1732511526214235600,74.55023559570313,0.2159270622253417,0.1022024833679199,9.783755446624756
1732511526224169500,74.56016943359376,0.1913864952087402,0.1123778404235839,9.738564890289306
1732511526234104300,74.57010424804687,0.1842038902282714,0.1113303771972656,9.731232647705076
1732511526244038400,74.58003833007812,0.1550245574951171,0.1134253036499023,9.76235726928711
1732511526253973500,74.58997338867188,0.1596633232116699,0.1089361755371093,9.794828629302978
1732511526263907300,74.5999072265625,0.1614589744567871,0.1475426773071289,9.7936315284729
1732511526273841400,74.60984130859374,0.1472434020996093,0.1268926879882812,9.790489138793944
1732511526283776500,74.61977661132812,0.151283617401123,0.1303343528747558,9.803657247924804
1732511526293710600,74.62971069335937,0.1607107864379882,0.1367687698364257,9.8181720954895
1732511526303645400,74.6396455078125,0.1741781707763671,0.1505354293823242,9.80575217437744
1732511526313579500,74.64957958984375,0.1605611488342285,0.1515828926086425,9.80709891281128
1732511526323513600,74.659513671875,0.1351227561950683,0.151283617401123,9.800814133453368
1732511526333448400,74.66944848632812,0.1602618736267089,0.1535281814575195,9.803806885528564
1732511526343382300,74.67938232421875,0.1562216583251953,0.1424549987792968,9.809493114471437
1732511526353317400,74.6893173828125,0.1690904922485351,0.1271919631958007,9.804405435943602
1732511526363251500,74.69925146484375,0.1710357810974121,0.1288379768371582,9.804106160736085
1732511526373185300,74.70918530273437,0.1791162117004394,0.1388636962890625,9.80679963760376
1732511526383120600,74.71912060546875,0.1949777976989746,0.1243488487243652,9.79423007888794
1732511526393054500,74.72905444335937,0.1857002662658691,0.1277905136108398,9.803058697509766
1732511526402989300,74.7389892578125,0.1782183860778808,0.1375169578552246,9.79916811981201
1732511526412923400,74.74892333984376,0.1776198356628417,0.1330278297424316,9.794678991699218
1732511526422857500,74.758857421875,0.1849520782470703,0.1262941375732421,9.79378116607666
1732511526432792300,74.76879223632812,0.1726817947387695,0.1213560966491699,9.803058697509766
1732511526442726400,74.77872631835938,0.1731307075500488,0.1227028350830078,9.799317757415771
1732511526452661500,74.78866162109375,0.1604115112304687,0.1201589958190917,9.783755446624756
1732511526462595600,74.798595703125,0.1551741950988769,0.1294365272521972,9.801711959075927
1732511526472529400,74.808529296875,0.1762730972290039,0.1381155082702636,9.801861596679688
1732511526482464500,74.81846459960937,0.1574187591552734,0.1286883392333984,9.792284790039062
1732511526492398600,74.82839868164062,0.1707365058898925,0.1339256553649902,9.80620108718872
1732511526502333400,74.83833349609375,0.1518821678161621,0.1267430503845214,9.792434427642824
1732511526512267300,74.84826733398438,0.1542763694763183,0.1378162330627441,9.796773918151857
1732511526522201600,74.85820166015625,0.1494879661560058,0.1327285545349121,9.787945299530028
1732511526532136400,74.86813647460937,0.1687912170410156,0.1415571731567382,9.795427179718017
1732511526542070300,74.8780703125,0.1569698463439941,0.1446995628356933,9.798419931793212
1732511526552005600,74.88800561523438,0.1674444786071777,0.1375169578552246,9.808744926452636
1732511526561939500,74.897939453125,0.1779191108703613,0.1309329032897949,9.805153623962402
1732511526571874300,74.90787426757812,0.1695394050598144,0.1283890640258789,9.810241302490232
1732511526581808600,74.91780859375,0.1695394050598144,0.1228524726867675,9.834781869506836
1732511526591742500,74.92774243164062,0.170437230682373,0.1349731185913086,9.829993466186522
1732511526601677300,74.93767724609376,0.1689408546447753,0.1247977615356445,9.816526081848144
1732511526611611400,74.947611328125,0.1877951927185058,0.1375169578552246,9.77507646560669
1732511526621546500,74.95754638671875,0.1719336067199706,0.1240495735168457,9.734375037384032
1732511526631480600,74.96748046875,0.1831564270019531,0.1189618949890136,9.732729023742674
1732511526641414400,74.97741430664063,0.174926358795166,0.1339256553649902,9.762656544494629
1732511526651349500,74.987349609375,0.1494879661560058,0.1230021102905273,9.83163947982788
1732511526661283600,74.99728369140625,0.1734299827575683,0.1195604454040527,9.843460850524902
1732511526671218400,75.00721850585937,0.181959326171875,0.1379658706665039,9.894038360595705
1732511526681152300,75.01715234375,0.2032078659057617,0.1527799934387207,9.90750574493408
1732511526691086600,75.02708666992187,0.2079962692260742,0.1701379554748535,9.837176071166992
1732511526701021400,75.037021484375,0.1640028137207031,0.1545756446838379,9.755773214721678
1732511526710955300,75.04695532226563,0.1215057342529296,0.1711854187011718,9.757718503570556
1732511526720890000,75.05689013671875,0.0743698890686035,0.1592144104003906,9.66658920288086
1732511526730824000,75.06682397460938,0.0589572158813476,0.1692401298522949,9.455450543975829
1732511526740758300,75.07675830078125,0.0359130249023437,0.1429039115905761,9.69142904510498
1732511526750693000,75.08669311523437,0.1282394264221191,0.0778115539550781,9.99639048156738
1732511526760627000,75.096626953125,0.229843359375,0.0330699104309082,10.046070166015625
1732511526770562000,75.10656201171875,0.2736871772766113,0.0323217224121093,9.784054721832277
1732511526780496100,75.11649609375,0.2681505859374999,0.0875379981994628,9.53236427230835
1732511526790430000,75.12642993164063,0.2012625770568847,0.1273416007995605,9.643096099090576
1732511526800365000,75.13636499023437,0.1470937644958496,0.1466448516845703,9.87578257293701
1732511526810299100,75.14629907226562,0.1194108078002929,0.1382651458740234,9.957035791778564
1732511526820234000,75.15623388671875,0.1048959602355956,0.1446995628356933,9.861267725372311
1732511526830168000,75.16616796875,0.1122282028198242,0.1503857917785644,9.785102185058593
1732511526840103200,75.17610327148438,0.1497872413635254,0.1411082603454589,9.802011234283446
1732511526850037000,75.186037109375,0.1629553504943847,0.1441010124206543,9.852888019561767
1732511526859971000,75.19597119140624,0.190189394378662,0.1444002876281738,9.867103591918944
1732511526869906200,75.20590625,0.2005143890380859,0.1300350776672363,9.874435834503172
1732511526879840300,75.21584033203125,0.2075473564147949,0.1195604454040527,9.852439106750488
1732511526889775000,75.22577514648438,0.1862988166809082,0.1294365272521972,9.843909763336182
1732511526899709000,75.235708984375,0.1686415794372558,0.1297358024597167,9.81951883392334
1732511526909643300,75.24564331054688,0.1355716690063476,0.1285387016296386,9.805153623962402
1732511526919578000,75.255578125,0.1348234809875488,0.0986111808776855,9.782558345794676
1732511526929512000,75.26551196289063,0.1123778404235839,0.0698807609558105,9.794978266906735
1732511526939447000,75.27544702148438,0.1020528457641601,0.0629974311828613,9.76819313583374
1732511526949381000,75.28538110351562,0.0998082817077636,0.0237923789978027,9.798120656585692
1732511526959315000,75.29531494140625,0.1238999359130859,0.0282815071105957,9.797671743774414
1732511526969250000,75.30525,0.1253963119506836,0.0285807823181152,9.791237326812745
1732511526979184000,75.31518408203125,0.1403600723266601,0.0487818588256835,9.78734674911499
1732511526989119000,75.32511889648437,0.1345242057800293,0.0815524940490722,9.783456171417235
1732511526999053000,75.33505297851562,0.1393126091003418,0.1116296524047851,9.801263046264648
1732511527008987100,75.34498706054687,0.1340752929687499,0.1273416007995605,9.838672447204589
1732511527018922000,75.354921875,0.1352723937988281,0.1394622467041015,9.853037657165526
1732511527028856000,75.36485595703125,0.1520318054199218,0.1533785438537597,9.83852280960083
1732511527038791200,75.37479125976563,0.15322890625,0.1524807182312011,9.740210903930665
1732511527048725200,75.38472534179688,0.1623568000793457,0.1554734703063964,9.857975698089598
1732511527058660000,75.39466015625,0.1455973884582519,0.1310825408935546,9.969006800079343
1732511527068594000,75.40459399414063,0.1213560966491699,0.1016039329528808,9.75502502670288
1732511527078528300,75.4145283203125,0.1089361755371093,0.0707785865783691,9.58922656173706
1732511527088463000,75.42446313476563,0.1364694946289062,0.0561141014099121,9.668684129333496
1732511527098397000,75.43439697265624,0.1650502769470214,0.0353144744873046,9.837325708770752
1732511527108332000,75.44433203125,0.2008136642456054,0.0035913024902343,9.849895267486572
1732511527118266000,75.45426611328125,0.175524909210205,0.0305260711669921,9.766846397399902
1732511527128200000,75.46419995117188,0.1388636962890625,0.0454898315429687,9.750386260986328
1732511527138135300,75.47413525390625,0.1011550201416015,0.0493804092407226,9.797073193359374
1732511527148069000,75.48406909179687,0.0873883605957031,0.0671872840881347,9.849595992279053
1732511527158004000,75.49400390625,0.0945709655761718,0.0966658920288085,9.86411083984375
1732511527167938000,75.50393798828125,0.118064069366455,0.0959177040100097,9.85677859725952
1732511527177873200,75.513873046875,0.1247977615356445,0.1031003089904785,9.837176071166992
1732511527187807000,75.52380688476562,0.1625064376831054,0.1062426986694335,9.80635072479248
1732511527197741000,75.53374096679687,0.1668459281921386,0.0965162544250488,9.786448923492433
1732511527207676200,75.54367626953125,0.1671452033996582,0.0915782135009765,9.78689783630371
1732511527217610200,75.5536103515625,0.1713350563049316,0.0827495948791503,9.78016414413452
1732511527227545000,75.56354516601563,0.1758241844177246,0.060004679107666,9.810839852905271
1732511527237479000,75.57347900390624,0.1339256553649902,0.0380079513549804,9.822212310791016
1732511527247413200,75.58341333007813,0.1508347045898437,0.0321720848083496,9.808595288848876
1732511527257348000,75.59334814453125,0.1499368789672851,0.017208324432373,9.81877064590454
1732511527267282000,75.60328198242188,0.1523310806274413,0.0368108505249023,9.816077169036864
1732511527277217000,75.61321704101563,0.1253963119506836,0.0490811340332031,9.784204359436034
1732511527287151000,75.62315112304688,0.127042325592041,0.045938744354248,9.745897132873534
1732511527297085000,75.6330849609375,0.091877488708496,0.0372597633361816,9.7162688873291
1732511527307020300,75.64302026367187,0.1066916114807128,0.0472854827880859,9.750386260986328
1732511527316954000,75.6529541015625,0.1056441482543945,0.0390554145812988,9.77447791519165
1732511527326889000,75.66288891601563,0.1074397994995117,0.0264858558654785,9.79916811981201
1732511527336823000,75.67282299804687,0.1303343528747558,0.0407014282226562,9.794678991699218
1732511527346757000,75.68275708007812,0.1408089851379394,0.0359130249023437,9.80006594543457
1732511527356692000,75.69269189453125,0.1212064590454101,0.0417488914489746,9.815328981018066
1732511527366626000,75.7026259765625,0.1343745681762695,0.0511760604858398,9.809044201660155
1732511527376561200,75.71256103515626,0.1430535491943359,0.0546177253723144,9.796474642944336
1732511527386495200,75.7224951171875,0.1297358024597167,0.0489314964294433,9.794978266906735
1732511527396430000,75.73243017578125,0.120607908630371,0.0448912811279296,9.797671743774414
1732511527406364000,75.74236401367187,0.1236006607055664,0.0323217224121093,9.804405435943602
1732511527416298200,75.75229833984375,0.1144727668762207,0.0505775100708007,9.777769942474364
1732511527426233000,75.76223315429688,0.1132756660461425,0.0412999786376953,9.791686239624022
1732511527436167000,75.7721669921875,0.1336263801574707,0.0333691856384277,9.79393080368042
1732511527446102000,75.78210205078125,0.1385644210815429,0.0305260711669921,9.810839852905271
1732511527456036000,75.7920361328125,0.1309329032897949,0.0453401939392089,9.813682967376709
1732511527465970000,75.80196997070313,0.1319803665161132,0.0390554145812988,9.83822353439331
1732511527475905300,75.8119052734375,0.1267430503845214,0.0323217224121093,9.846303964996338
1732511527485839000,75.82183911132813,0.1339256553649902,0.0251391174316406,9.83089129180908
1732511527495774000,75.83177392578125,0.1230021102905273,0.0303764335632324,9.785700735473633
1732511527505708000,75.8417080078125,0.1086369003295898,0.0167594116210937,9.749937348175049
1732511527515643100,75.85164306640625,0.1297358024597167,0.0067336921691894,9.721356565856931
1732511527525577000,75.86157690429687,0.1264437751770019,-0.0122702835083007,9.740809454345705
1732511527535511000,75.87151098632812,0.1179144317626953,-0.0136170219421386,9.77971523132324
1732511527545446100,75.88144604492187,0.1147720420837402,0.0149637603759765,9.822361948394777
1732511527555380200,75.89138012695312,0.101454295349121,0.0035913024902343,9.853187294769286
1732511527565315000,75.90131518554688,0.1023521209716796,0.0164601364135742,9.89598364944458
1732511527575249200,75.91124926757813,0.1268926879882812,0.0187047004699707,9.928754284667969
1732511527585183200,75.92118334960938,0.1159691429138183,0.0567126518249511,9.88311481552124
1732511527595118000,75.9311181640625,0.0873883605957031,0.0626981559753418,9.794828629302978
1732511527605052000,75.94105200195312,0.0649427200317382,0.0567126518249511,9.76130980606079
1732511527614987000,75.95098706054688,0.0597054039001464,0.0514753356933593,9.622446109771728
1732511527624921000,75.96092114257813,0.0233434661865234,0.0436941802978515,9.35953283996582
1732511527634856000,75.97085595703125,0.0011971008300781,0.0107739074707031,9.637858782958984
1732511527644790300,75.98079028320312,0.1074397994995117,-0.0418985290527343,9.982474184417724
1732511527654724000,75.99072412109375,0.175524909210205,-0.1075894371032714,10.06163247680664
1732511527664659000,76.00065893554688,0.1925835960388183,-0.1279401512145996,9.78166052017212
1732511527674593000,76.01059301757813,0.1807622253417968,-0.091877488708496,9.535057749176024
1732511527684528000,76.02052807617187,0.1141734916687011,-0.0478840332031249,9.675268183898924
1732511527694462000,76.0304619140625,0.0540191749572753,-0.0251391174316406,9.898826763916016
1732511527704396000,76.04039599609375,0.0429459922790527,0.0017956512451171,9.93997710494995
1732511527714331100,76.0503310546875,0.0320224472045898,0.0415992538452148,9.819668471527098
1732511527724265200,76.06026513671875,0.0272340438842773,0.0662894584655761,9.771784438323976
1732511527734200300,76.07020043945313,0.0456394691467285,0.086191259765625,9.797671743774414
1732511527744134100,76.08013403320312,0.0655412704467773,0.0713771369934082,9.82580361328125
1732511527754068200,76.09006811523437,0.0935235023498535,0.0635959815979003,9.82535470046997
1732511527764003300,76.10000341796875,0.0996586441040039,0.0383072265625,9.837624983978271
1732511527773937200,76.10993725585938,0.0911293006896972,0.0130184715270996,9.865457578277589
1732511527783872000,76.1198720703125,0.0911293006896972,-0.0088286186218261,9.865457578277589
1732511527793806300,76.12980639648437,0.040851065826416,-0.0399532402038574,9.880271701049804
1732511527803741200,76.1397412109375,0.0110731826782226,-0.0513256980895996,9.861118087768554
1732511527813675300,76.14967529296875,0.005087678527832,-0.0692822105407714,9.8059018119812
1732511527823609000,76.15960913085938,0.0151133979797363,-0.0830488700866699,9.76789386062622
1732511527833544200,76.16954418945312,0.0020949264526367,-0.0885854614257812,9.740809454345705
1732511527843478300,76.17947827148437,0.0215478149414062,-0.079158292388916,9.737367789459228
1732511527853413000,76.1894130859375,0.0330699104309082,-0.1001075569152832,9.802759422302245
1732511527863347200,76.19934716796875,0.05102642288208,-0.0825999572753906,9.828796365356444
1732511527873281300,76.20928125,0.0595557662963867,-0.0616506927490234,9.822511585998535
1732511527883216100,76.21921606445312,0.0626981559753418,-0.0203507141113281,9.8181720954895
1732511527893150200,76.22915014648437,0.026785131072998,0.0064344169616699,9.824905787658691
1732511527903085300,76.23908520507813,0.026785131072998,0.0427963546752929,9.84435867614746
1732511527913019100,76.24901904296875,0.0390554145812988,0.0149637603759765,9.846902515411376
1732511527922954000,76.2589541015625,0.0405517906188964,0.0170586868286132,9.804854348754882
1732511527932888300,76.26888842773438,0.0378583137512207,0.0365115753173828,9.720309102630615
1732511527942822100,76.278822265625,0.026785131072998,0.0157119483947753,9.898078575897216
1732511527952757200,76.28875732421875,0.0511760604858398,-0.0131681091308593,9.935637614440918
1732511527962691300,76.29869140625,0.0421978042602539,-0.0444423683166503,9.68484499053955
1732511527972626200,76.30862622070312,0.0348655616760253,-0.0707785865783691,9.629778352355956
1732511527982560300,76.31856030273437,0.0685340225219726,-0.0713771369934082,9.74888988494873
1732511527992494000,76.328494140625,0.0643441696166992,-0.0864905349731445,9.775675016021728
1732511528002429200,76.33842919921875,0.043394905090332,-0.0975637176513671,9.80066449584961
1732511528012363300,76.34836328125,0.0026934768676757,-0.0878372734069824,9.854384395599364
1732511528022298000,76.35829809570312,0.0058358665466308,-0.0640448944091796,9.873388371276857
1732511528032232200,76.36823217773437,0.0008978256225585,-0.0609025047302246,9.83822353439331
1732511528042167300,76.37816723632812,0.0004489128112792,-0.0402525154113769,9.830741654205324
1732511528052101000,76.38810107421875,0.0297778831481933,-0.0170586868286132,9.8311905670166
1732511528062035200,76.39803515625,0.0353144744873046,0.0043394905090332,9.829694190979003
1732511528071970300,76.40797021484374,0.043993455505371,0.0181061500549316,9.80709891281128
1732511528081904000,76.41790405273437,0.0354641120910644,0.0131681091308593,9.776572841644288
1732511528091839200,76.42783911132813,0.0748188018798828,-0.0071826049804687,9.76864204864502
1732511528101773300,76.43777319335938,0.1114800148010253,-0.0231938285827636,9.766397484588625
1732511528111707100,76.44770703125,0.141706810760498,-0.0366612129211425,9.78091233215332
1732511528121642200,76.45764233398438,0.1587654975891113,-0.0505775100708007,9.772831901550292
1732511528131576300,76.46757641601563,0.1680430290222168,-0.0541688125610351,9.775675016021728
1732511528141511200,76.47751123046875,0.1623568000793457,-0.0513256980895996,9.76175871887207
1732511528151445200,76.4874453125,0.1333271049499511,-0.0450409187316894,9.770886612701416
1732511528161380400,76.49738037109375,0.0843956085205078,-0.0404021530151367,9.752630825042724
1732511528171314200,76.50731420898437,0.060004679107666,-0.024839842224121,9.724798230743408
1732511528181248300,76.51724829101562,0.0347159240722656,-0.0194528884887695,9.69187795791626
1732511528191183000,76.52718310546875,0.021697452545166,-0.0182557876586914,9.712079034423828
1732511528201117200,76.5371171875,0.0040402153015136,-0.0387561393737792,9.76175871887207
1732511528211052300,76.54705224609376,0.0187047004699707,-0.0190039756774902,9.814281517791748
1732511528220986000,76.55698608398437,0.0392050521850585,-0.0044891281127929,9.81248586654663
1732511528230921200,76.56692114257812,0.0577601150512695,-0.0055365913391113,9.80709891281128
1732511528240855300,76.57685522460937,0.0592564910888671,-0.0213981773376464,9.805153623962402
1732511528250789000,76.5867890625,0.0582090278625488,-0.0134673843383789,9.791237326812745
1732511528260724200,76.59672412109374,0.048482583618164,0.0064344169616699,9.78734674911499
1732511528270658300,76.606658203125,0.0668880088806152,-0.005686228942871,9.804255798339844
1732511528280593200,76.61659326171875,0.0948702407836914,-0.0067336921691894,9.789591313171384
1732511528290527200,76.62652734375,0.1051952354431152,-0.0158615859985351,9.745897132873534
1732511528300461300,76.63646142578125,0.1001075569152832,-0.026785131072998,9.735123225402832
1732511528310396200,76.64639624023438,0.0999579193115234,-0.0321720848083496,9.706991355895996
1732511528320330200,76.65633032226563,0.0806546684265136,-0.0091278938293457,9.770886612701416
1732511528330265300,76.66626538085937,0.0879869110107421,-0.0185550628662109,9.843311212921142
1732511528340199200,76.67619921875,0.1197100830078125,-0.0219967277526855,9.879523513031003
1732511528350134000,76.68613403320313,0.1446995628356933,-0.0082300682067871,9.930549935913085
1732511528360068000,76.69606811523437,0.1545756446838379,0.0219967277526855,9.910498497009277
1732511528370002200,76.70600219726562,0.1345242057800293,0.0143652099609375,9.82520506286621
1732511528379937300,76.71593725585937,0.0667383712768554,0.019752163696289,9.737517427062988
1732511528389871000,76.72587109375,0.0526724365234375,0.0022445640563964,9.682151513671874
1732511528399806200,76.73580615234376,0.0104746322631835,0.0163104988098144,9.412205276489257
1732511528409740300,76.745740234375,-0.0610521423339843,-0.0167594116210937,9.58967547454834
1732511528419675100,76.75567504882812,0.0236427413940429,-0.0659901832580566,9.956287603759764
1732511528429609200,76.76560913085937,0.1267430503845214,-0.1120785652160644,10.063877040863035
1732511528439543300,76.77554321289062,0.1687912170410156,-0.1238999359130859,9.865756853485108
1732511528449478100,76.78547802734376,0.1530792686462402,-0.1339256553649902,9.535357024383543
1732511528459412200,76.795412109375,0.0824503196716308,-0.0779611915588378,9.56917512283325
1732511528469347300,76.80534741210937,0.0055365913391113,-0.0347159240722656,9.764152920532226
1732511528479281200,76.81528125,-0.0348655616760253,-0.0052373161315917,9.872640183258056
1732511528489215200,76.82521533203125,-0.0453401939392089,0.0427963546752929,9.821314485168456
1732511528499150300,76.835150390625,-0.024241291809082,0.0763151779174804,9.797522106170652
1732511528509084200,76.84508422851563,0.0161608612060546,0.0930745895385742,9.8694977935791
1732511528519019000,76.85501904296875,0.048482583618164,0.1013046577453613,9.92067385406494
1732511528528953300,76.86495336914062,0.0944213279724121,0.0704793113708496,9.900472777557372
1732511528538888200,76.87488818359375,0.1265934127807617,0.0278325942993164,9.867103591918944
1732511528548822300,76.884822265625,0.1400607971191406,-0.0055365913391113,9.865158303070068
1732511528558756000,76.89475610351562,0.1432031867980956,-0.0390554145812988,9.852738381958009
1732511528568691200,76.90469116210937,0.1415571731567382,-0.0531213493347167,9.82520506286621
1732511528578625300,76.91462524414062,0.0951695159912109,-0.0595557662963867,9.792733702850342
1732511528588560100,76.92456005859376,0.0514753356933593,-0.0487818588256835,9.7545761138916
1732511528598494200,76.934494140625,0.0356137496948242,-0.0407014282226562,9.726893157196043
1732511528608429300,76.94442919921875,0.0317231719970703,-0.069581485748291,9.732878661346437
1732511528618363100,76.95436303710937,0.0074818801879882,-0.0836474205017089,9.737218151855467
1732511528628297200,76.96429711914062,0.028730419921875,-0.0647930824279785,9.765798934173583
1732511528638232300,76.974232421875,0.0386065017700195,-0.0736217010498046,9.792733702850342
1732511528648166100,76.98416625976563,0.0448912811279296,-0.0597054039001464,9.79976667022705
1732511528658101200,76.99410131835937,0.0589572158813476,-0.0332195480346679,9.808744926452636
1732511528668035300,77.00403540039062,0.0858919845581054,-0.0058358665466308,9.81981810913086
1732511528677969200,77.01396923828125,0.0999579193115234,0.0151133979797363,9.821464122772216
1732511528687904000,77.02390405273438,0.1216553718566894,0.0411503410339355,9.85782606048584
1732511528697838300,77.03383837890625,0.1327285545349121,0.0410007034301757,9.852139831542967
1732511528707773200,77.04377319335937,0.1521814430236816,0.0410007034301757,9.764601833343503
1732511528717707300,77.05370727539062,0.1267430503845214,0.0272340438842773,9.737816702270509
1732511528727642000,77.06364208984375,0.1164180557250976,0.0236427413940429,9.955838690948486
1732511528737576000,77.07357592773438,0.0875379981994628,-0.010175357055664,9.80635072479248
1732511528747510300,77.08351025390625,0.0517746109008789,-0.0320224472045898,9.616610243225097
1732511528757445000,77.09344506835937,0.053570262145996,-0.0496796844482421,9.638906246185302
1732511528767379000,77.10337890625,0.0852934341430664,-0.0594061286926269,9.687239192199709
1732511528777314300,77.11331420898438,0.0781108291625976,-0.0619499679565429,9.756222127532958
1732511528787248000,77.123248046875,0.0689829353332519,-0.0626981559753418,9.83238766784668
1732511528797183000,77.13318286132812,0.0733224258422851,-0.0350151992797851,9.835530057525634
1732511528807117300,77.14311743164062,0.0769137283325195,-0.0348655616760253,9.842413387298585
1732511528817051100,77.15305102539062,0.0785597419738769,-0.0453401939392089,9.863213014221191
1732511528826986000,77.16298608398438,0.1026513961791992,-0.033818098449707,9.845705414581298
1732511528836920000,77.17292016601563,0.1189618949890136,-0.0260369430541992,9.839869548034669
1732511528846855200,77.18285522460937,0.1444002876281738,-0.0167594116210937,9.827599264526366
1732511528856789000,77.1927890625,0.1686415794372558,0.003142389678955,9.785251822662351
1732511528866724000,77.20272412109375,0.1499368789672851,-0.0016460136413574,9.74948843536377
1732511528876658200,77.212658203125,0.1580173095703125,-0.0088286186218261,9.750386260986328
1732511528886592300,77.22259228515625,0.168491941833496,-0.0205003517150878,9.763105457305908
1732511528896527000,77.23252709960937,0.1517325302124023,-0.0082300682067871,9.769988787078857
1732511528906461000,77.2424609375,0.1409586227416992,-0.0296282455444335,9.791835877227784
1732511528916396000,77.25239599609375,0.1387140586853027,-0.0205003517150878,9.836128607940672
1732511528926330000,77.262330078125,0.1586158599853515,-0.0118213706970214,9.86381156463623
1732511528936264000,77.27226391601563,0.1613093368530273,-0.0164601364135742,9.828646727752686
1732511528946199300,77.28219921875,0.1517325302124023,-0.0233434661865234,9.797073193359374
1732511528956133000,77.29213305664062,0.1455973884582519,-0.0107739074707031,9.747094233703612
1732511528966068000,77.30206787109375,0.1324292793273925,-0.0251391174316406,9.712677584838866
1732511528976002300,77.31200219726563,0.1246481239318847,-0.0444423683166503,9.740210903930665
1732511528985937200,77.32193725585938,0.1312321784973144,-0.0540191749572753,9.786598561096191
1732511528995871000,77.33187109375,0.1617582496643066,-0.0270844062805175,9.867402867126463
1732511529005805000,77.34180517578125,0.2024596778869628,-0.015263035583496,9.912743061065672
1732511529015740200,77.351740234375,0.1734299827575683,0.0035913024902343,9.875932210540771
1732511529025674000,77.36167407226563,0.1547252822875976,0.0134673843383789,9.805602536773682
1732511529035609000,77.37160913085937,0.0927753143310546,0.0392050521850585,9.786448923492433
1732511529045543200,77.38154321289062,0.0354641120910644,0.0451905563354492,9.688735568237304
1732511529055478000,77.39147802734375,0.0139162971496582,0.0445920059204101,9.40936216201782
1732511529065412000,77.401412109375,-0.0047884033203125,0.0300771583557128,9.673921445465089
1732511529075346200,77.41134619140625,0.1159691429138183,-0.0251391174316406,10.0242230758667
1732511529085281000,77.42128100585937,0.2477998718261718,-0.0571615646362304,9.99878468322754
1732511529095215000,77.43121508789062,0.3347393196105956,-0.0670376464843749,9.805003986358642
1732511529105150200,77.44115014648438,0.3336918563842773,-0.0601543167114257,9.558251577758789
1732511529115084300,77.45108422851563,0.2524386375427246,-0.0302267959594726,9.623643210601806
1732511529125018000,77.46101806640625,0.1773205604553222,-0.0243909294128417,9.829394915771484
1732511529134953000,77.47095288085937,0.1316810913085937,-0.0273836814880371,9.89613328704834
1732511529144887300,77.48088720703124,0.1011550201416015,0.0140659347534179,9.816376444244383
1732511529154822100,77.490822265625,0.0999579193115234,0.0386065017700195,9.745298582458496
1732511529164756000,77.500755859375,0.1256955871582031,0.0632967063903808,9.796325005340575
1732511529174691300,77.51069140625,0.1511339797973632,0.0935235023498535,9.862614463806151
1732511529184625200,77.52062524414063,0.1574187591552734,0.0992097312927246,9.877578224182129
1732511529194559000,77.53055908203125,0.1481412277221679,0.110432551574707,9.84555577697754
1732511529204494000,77.540494140625,0.1643020889282226,0.077213003540039,9.84465795135498
1732511529214428200,77.55042822265625,0.127042325592041,0.0562637390136718,9.833285493469235
1732511529224363000,77.56036303710937,0.132130004119873,0.0423474418640136,9.842114112091064
1732511529234297000,77.57029711914062,0.1279401512145996,0.0320224472045898,9.834332956695556
1732511529244232200,77.58023217773437,0.1120785652160644,0.0073322425842285,9.823559049224851
1732511529254166000,77.590166015625,0.1277905136108398,-0.0007481880187988,9.820566297149655
1732511529264100000,77.60010009765625,0.1218050094604492,-0.0210989021301269,9.809493114471437
1732511529274035200,77.61003515625,0.144250650024414,-0.0335188232421874,9.79393080368042
1732511529283969300,77.61996923828124,0.1794154869079589,-0.0407014282226562,9.79408044128418
1732511529293904100,77.62990405273437,0.1854009910583496,-0.0436941802978515,9.782707983398437
1732511529303838000,77.639837890625,0.1963245361328124,-0.0288800575256347,9.779864868927
1732511529313773000,77.64977294921874,0.1913864952087402,0.0077811553955078,9.784653272247311
1732511529323707100,77.65970703125,0.1810615005493163,0.0258873054504394,9.785102185058593
1732511529333641000,77.66964086914062,0.1849520782470703,0.0407014282226562,9.803208335113524
1732511529343576300,77.67957641601562,0.1610100616455078,0.0579097526550293,9.813832604980467
1732511529353510100,77.68951025390625,0.1553238327026367,0.0820014068603515,9.8189202835083
1732511529363445000,77.69944506835938,0.1758241844177246,0.0852934341430664,9.78674819869995
1732511529373379300,77.70937939453125,0.1843535278320312,0.0974140800476074,9.693523971557616
1732511529383314200,77.71931420898437,0.1764227348327636,0.1153705924987792,9.79991630783081
1732511529393248000,77.729248046875,0.1349731185913086,0.1116296524047851,9.944166957855224
1732511529403182000,77.73918212890625,0.1216553718566894,0.0884358238220214,9.745448220062256
1732511529413117200,77.7491171875,0.0935235023498535,0.0559644638061523,9.561094692230224
1732511529423051000,77.75905102539062,0.1256955871582031,0.0415992538452148,9.721206928253173
1732511529432986000,77.76898608398437,0.2081459068298339,0.0215478149414062,9.916932913970946
1732511529442920200,77.77892016601562,0.2483984222412109,0.010175357055664,9.915286900329589
1732511529452854300,77.78885424804687,0.2325368362426757,0.03187280960083,9.765050746154785
1732511529462789000,77.7987890625,0.1988683753967285,0.0387561393737792,9.705345342254638
1732511529472723000,77.80872290039062,0.1626560752868652,0.067636196899414,9.778817405700684
1732511529482658000,77.81865795898437,0.149338328552246,0.0999579193115234,9.8587238861084
1732511529492592000,77.82859204101563,0.1545756446838379,0.0957680664062499,9.881019889068602
1732511529502527200,77.83852734375,0.1473930397033691,0.1128267532348632,9.868599967956545
1732511529512461300,77.84846142578125,0.1692401298522949,0.1297358024597167,9.853636207580566
1732511529522396200,77.85839624023437,0.1503857917785644,0.1256955871582031,9.840019185638427
1732511529532330000,77.868330078125,0.1517325302124023,0.1002571945190429,9.815927531433104
1732511529542264300,77.87826440429687,0.1719336067199706,0.07018003616333,9.813084416961669
1732511529552199200,77.88819921875,0.190189394378662,0.0707785865783691,9.79423007888794
1732511529562133000,77.89813305664063,0.1945288848876953,0.0435445426940917,9.773879364776612
1732511529572068000,77.90806811523437,0.2114379341125488,0.0516249732971191,9.741707279968262
1732511529582002200,77.91800219726562,0.2284966209411621,0.0495300468444824,9.7438022064209
1732511529591936000,77.92793603515625,0.2437596565246582,0.0638952568054199,9.7675945854187
1732511529601871000,77.93787109375,0.2457049453735351,0.0987608184814453,9.762955819702148
1732511529611805200,77.94780517578126,0.2156277870178222,0.0930745895385742,9.77462755279541
1732511529621740000,77.95773999023437,0.1918354080200195,0.1113303771972656,9.78121160736084
1732511529631674000,77.96767407226562,0.184503165435791,0.1045966850280761,9.805602536773682
1732511529641609200,77.97760913085938,0.1750759963989257,0.1072901618957519,9.82505542526245
1732511529651543000,77.98754296875,0.1792658493041992,0.0962169792175293,9.824307237243652
1732511529661477000,77.99747705078126,0.1695394050598144,0.0929249519348144,9.827898539733884
1732511529671412200,78.007412109375,0.1577180343627929,0.0941220527648925,9.801711959075927
1732511529681346300,78.01734619140625,0.1472434020996093,0.084245970916748,9.785401460266112
1732511529691281200,78.02728125,0.1613093368530273,0.1029506713867187,9.778518130493165
1732511529701215000,78.03721508789063,0.1771709228515625,0.1149216796875,9.78629928588867
1732511529711150300,78.047150390625,0.1669955657958984,0.1170166061401367,9.797821381378172
1732511529721084400,78.05708447265626,0.1666962905883789,0.1188122573852539,9.795876092529296
1732511529731018200,78.06701831054687,0.1593640480041503,0.1182137069702148,9.778218855285644
1732511529740953300,78.07695336914063,0.1818096885681152,0.1182137069702148,9.783905084228516
1732511529750887400,78.08688745117188,0.1782183860778808,0.1179144317626953,9.791386964416503
1732511529760822300,78.096822265625,0.1882441055297851,0.101454295349121,9.787496386718749
1732511529770756600,78.10675659179688,0.1990180130004882,0.1153705924987792,9.803657247924804
1732511529780691500,78.11669140625,0.1858499038696289,0.1215057342529296,9.813533329772948
1732511529790625300,78.12662524414063,0.1770212852478027,0.1191115325927734,9.808445651245115
1732511529800559400,78.13655932617188,0.1690904922485351,0.112976390838623,9.803806885528564
1732511529810494500,78.14649438476563,0.1616086120605468,0.1150713172912597,9.804255798339844
1732511529820428300,78.15642822265625,0.1625064376831054,0.1090858131408691,9.80650036239624
1732511529830363400,78.16636328125,0.1596633232116699,0.1167173309326171,9.80724855041504
1732511529840297500,78.17629736328125,0.1735796203613281,0.1044470474243164,9.788394212341307
1732511529850232300,78.186232421875,0.1759738220214843,0.0966658920288085,9.800814133453368
1732511529860166400,78.19616650390626,0.1888426559448242,0.1016039329528808,9.790339501190186
1732511529870100200,78.20610034179687,0.2162263374328613,0.0857423469543457,9.79303297805786
1732511529880035300,78.21603540039062,0.192134683227539,0.1146224044799804,9.79348189086914
1732511529889969400,78.22596948242187,0.1909375823974609,0.1004068321228027,9.789142400360106
1732511529899904300,78.235904296875,0.1907879447937011,0.1041477722167968,9.788992762756347
1732511529909838300,78.24583837890626,0.1855506286621093,0.0981622680664062,9.802160871887208
1732511529919773400,78.2557734375,0.1897404815673828,0.1086369003295898,9.803956523132324
1732511529929707300,78.26570727539062,0.2002151138305664,0.1031003089904785,9.802011234283446
1732511529939641600,78.2756416015625,0.2002151138305664,0.10848726272583,9.808445651245115
1732511529949576400,78.28557641601563,0.197222361755371,0.118064069366455,9.811288765716553
1732511529959510300,78.29551025390624,0.1880944679260253,0.1243488487243652,9.817872820281982
1732511529969445400,78.3054453125,0.1813607757568359,0.1131260284423828,9.822212310791016
1732511529979379500,78.31537939453125,0.168491941833496,0.1182137069702148,9.835081144714357
1732511529989314300,78.32531420898438,0.1821089637756347,0.1176151565551757,9.820865572357176
1732511529999248400,78.33524829101563,0.1702875930786132,0.0899321998596191,9.801562321472169
1732511530009182500,78.34518237304688,0.1536778190612792,0.0716764122009277,9.750835173797606
1732511530019117300,78.35511743164062,0.1551741950988769,0.0686836601257324,9.713126497650146
1732511530029051400,78.36505151367187,0.149338328552246,0.0670376464843749,9.74320365600586
1732511530038986500,78.37498657226563,0.1643020889282226,0.0788590171813964,9.809193839263916
1732511530048920300,78.38492041015625,0.1710357810974121,0.0583586654663085,9.831040929412842
1732511530058855200,78.39485522460937,0.1867477294921875,0.0595557662963867,9.856030409240722
1732511530068789500,78.40478955078125,0.2232593048095703,0.0704793113708496,9.866804316711423
1732511530078723300,78.41472338867187,0.2507926239013672,0.0902314750671386,9.84540613937378
1732511530088658400,78.42465844726563,0.2249053184509277,0.1156698677062988,9.792733702850342
1732511530098592300,78.43459228515626,0.1776198356628417,0.1291372520446777,9.79961703262329
1732511530108527400,78.44452734375,0.1476923149108886,0.1565209335327148,9.72240402908325
1732511530118461400,78.45446142578125,0.096366616821289,0.160860424041748,9.450512503051756
1732511530128396300,78.46439624023438,0.0697311233520507,0.1548749198913574,9.611372927093504
1732511530138330400,78.47433032226563,0.1360205818176269,0.1074397994995117,9.91438907470703
1732511530148264400,78.48426440429688,0.2237082176208496,0.0637456192016601,9.99115316543579
1732511530158199300,78.49419921875,0.2262520568847656,0.0628477935791015,9.760262342834473
1732511530168133400,78.50413330078125,0.2199672775268554,0.0942716903686523,9.514407759857177
1732511530178068500,78.514068359375,0.1810615005493163,0.1219546470642089,9.612570027923583
1732511530188002300,78.52400219726563,0.146195938873291,0.1231517478942871,9.880570976257324
1732511530197937200,78.53393725585937,0.1209071838378906,0.1159691429138183,10.013449168395995
1732511530207871500,78.54387158203124,0.1393126091003418,0.1111807395935058,9.955240140533446
1732511530217805300,78.55380541992187,0.1364694946289062,0.1039981346130371,9.85827497329712
1732511530227740200,78.563740234375,0.155772745513916,0.096366616821289,9.809942027282714
1732511530237674500,78.57367456054688,0.1750759963989257,0.0977133552551269,9.829394915771484
1732511530247609300,78.583609375,0.1833060646057129,0.0935235023498535,9.80575217437744
1732511530257543400,78.59354345703125,0.1925835960388183,0.0924760391235351,9.789441675567629
1732511530267478500,78.603478515625,0.1976712745666503,0.1119289276123046,9.811737678527832
1732511530277412400,78.61341235351563,0.1945288848876953,0.1185129821777343,9.834781869506836
1732511530287346400,78.62334643554688,0.2030582283020019,0.1414075355529785,9.83882208480835
1732511530297281300,78.63328125,0.1848024406433105,0.1364694946289062,9.814281517791748
1732511530307215400,78.64321533203125,0.1457470260620117,0.1334767425537109,9.788094937133788
1732511530317150500,78.653150390625,0.1331774673461914,0.101454295349121,9.789591313171384
1732511530327084300,78.66308422851563,0.127042325592041,0.0643441696166992,9.814730430603026
1732511530337019400,78.67301928710937,0.1361702194213867,0.03187280960083,9.824456874847412
1732511530346953500,78.68295336914062,0.1387140586853027,0.0175075996398925,9.823708686828612
1732511530356887300,78.69288720703125,0.163404263305664,0.0418985290527343,9.796923555755615
1732511530366822400,78.70282250976562,0.1925835960388183,0.0432452674865722,9.800814133453368
1732511530376756500,78.71275659179688,0.1976712745666503,0.0445920059204101,9.834183319091796
1732511530386691300,78.72269140625,0.1978209121704101,0.0734720634460449,9.843909763336182
1732511530396625400,78.73262548828124,0.2047042419433593,0.0809539436340332,9.853486569976804
1732511530406560500,78.742560546875,0.2056020675659179,0.0728735130310058,9.828646727752686
1732511530416494300,78.75249438476563,0.2070984436035156,0.1011550201416015,9.790938051605224
1732511530426428400,78.76242846679688,0.2048538795471191,0.1149216796875,9.724349317932129
1732511530436363500,78.77236352539063,0.196623811340332,0.1210568214416503,9.764003282928469
1732511530446297300,78.78229736328124,0.1481412277221679,0.1337760177612304,9.88281554031372
1732511530456232200,78.79223217773438,0.0966658920288085,0.1077390747070312,9.750685536193847
1732511530466166300,78.80216625976563,0.0649427200317382,0.0668880088806152,9.567229833984374
1732511530476101400,78.81210131835938,0.0956184288024902,0.0517746109008789,9.714473236083984
1732511530486035500,78.82203540039062,0.1478419525146484,0.0306757087707519,9.886257205200195
1732511530495969300,78.83196923828125,0.2003647514343261,0.000598550415039,9.887753581237792
1732511530505904400,78.841904296875,0.1620575248718261,-0.0131681091308593,9.802460147094726
1732511530515838500,78.85183837890625,0.1274912384033203,0.012120645904541,9.732130473327636
1732511530525773300,78.86177319335937,0.1098340011596679,0.0296282455444335,9.80066449584961
1732511530535707400,78.87170727539062,0.0996586441040039,0.0508767852783203,9.85767642288208
1732511530545642500,78.881642578125,0.1255459495544433,0.0620996055603027,9.884910466766357
1732511530555576300,78.89157641601562,0.1635539009094238,0.0724246002197265,9.871443082427978
1732511530565510400,78.90151049804687,0.1854009910583496,0.0852934341430664,9.829694190979003
1732511530575445500,78.91144555664063,0.1994669258117675,0.1041477722167968,9.813982242584228
1732511530585379300,78.92137939453124,0.1960252609252929,0.0978629928588867,9.819668471527098
1732511530595314200,78.93131420898438,0.2091933700561523,0.0864905349731445,9.787646024322507
1732511530605248500,78.94124853515625,0.1963245361328124,0.0603039543151855,9.758466691589357
1732511530615183400,78.95118334960938,0.1849520782470703,0.0233434661865234,9.792733702850342
1732511530625117200,78.9611171875,0.1710357810974121,0.010175357055664,9.796025730133056
1732511530635052500,78.97105249023437,0.1759738220214843,-0.0092775314331054,9.810989490509032
1732511530644986400,78.980986328125,0.1903390319824218,-0.0131681091308593,9.829245278167724
1732511530654920400,78.99092041015625,0.2073977188110351,-0.0348655616760253,9.833734406280517
1732511530664855600,79.00085546875,0.1759738220214843,-0.0254383926391601,9.791686239624022
1732511530674789400,79.01078930664063,0.1575683967590332,-0.0064344169616699,9.74844097213745
1732511530684724200,79.02072412109375,0.1089361755371093,0.0010474632263183,9.727342070007325
1732511530694658300,79.030658203125,0.1176151565551757,0.0092775314331054,9.728389533233642
1732511530704593400,79.04059350585938,0.0915782135009765,0.0215478149414062,9.766846397399902
1732511530714527700,79.05052783203125,0.0954687911987304,0.0181061500549316,9.797671743774414
1732511530724461800,79.0604619140625,0.1253963119506836,0.0359130249023437,9.799317757415771
1732511530734397000,79.07039697265625,0.1369184074401855,0.0522235237121582,9.813982242584228
1732511530744331000,79.0803310546875,0.1444002876281738,0.0598550415039062,9.821314485168456
1732511530754265900,79.09026586914062,0.1553238327026367,0.0508767852783203,9.801562321472169
1732511530764200000,79.10019995117187,0.14679448928833,0.0498293220520019,9.798270294189452
1732511530774134800,79.110134765625,0.177470198059082,0.0546177253723144,9.810540577697754
1732511530784068900,79.12006884765626,0.1674444786071777,0.0309749839782714,9.795726454925536
1732511530794002700,79.13000268554687,0.1613093368530273,0.0368108505249023,9.80724855041504
1732511530803937800,79.13993774414062,0.1457470260620117,0.0077811553955078,9.814880068206786
1732511530813871900,79.14987182617188,0.1361702194213867,0.0233434661865234,9.797971018981931
1732511530823806700,79.159806640625,0.1261444999694824,-0.005686228942871,9.807996738433838
1732511530833741000,79.16974096679688,0.1141734916687011,-0.0037409400939941,9.814131880187988
1732511530843676000,79.17967602539062,0.1089361755371093,0.0100257194519042,9.809493114471437
1732511530853609700,79.18960961914063,0.0981622680664062,0.0059855041503906,9.807996738433838
1732511530863543800,79.19954370117188,0.1279401512145996,0.0246902046203613,9.81188731613159
1732511530873479000,79.20947900390625,0.1385644210815429,0.010175357055664,9.78719711151123
1732511530883412700,79.21941284179688,0.1545756446838379,0.0047884033203125,9.772233351135254
1732511530893348000,79.22934814453124,0.1722328819274902,0.0029927520751953,9.731083010101315
1732511530903282000,79.23928198242187,0.1898901191711425,-0.000598550415039,9.707589906311034
1732511530913216800,79.249216796875,0.1758241844177246,-0.010175357055664,9.712527947235106
1732511530923150800,79.25915087890625,0.1815104133605957,-0.009576806640625,9.770437699890136
1732511530933085000,79.2690849609375,0.1806125877380371,-0.0029927520751953,9.823259774017334
1732511530943019800,79.27901977539062,0.1473930397033691,-0.0070329673767089,9.83253730545044
1732511530952953900,79.28895385742187,0.1099836387634277,-0.0017956512451171,9.87009634399414
1732511530962889000,79.29888891601563,0.1065419738769531,0.0010474632263183,9.907056832122802
1732511530972822800,79.30882275390626,0.1074397994995117,0.0276829566955566,9.918279652404784
1732511530982758000,79.3187578125,0.0956184288024902,0.0353144744873046,9.86366192703247
1732511530992691700,79.32869165039062,0.0501285972595214,0.0487818588256835,9.770736975097655
1732511531002626000,79.3386259765625,0.0246902046203613,0.0591068534851074,9.732579386138916
1732511531012561000,79.34856079101563,0.043993455505371,0.0483329460144042,9.51291138381958
1732511531022494700,79.35849462890624,0.0107739074707031,0.0655412704467773,9.40352629547119
1732511531032429800,79.36842993164062,0.036361937713623,0.0182557876586914,9.811139128112792
1732511531042364000,79.37836401367187,0.1833060646057129,-0.0421978042602539,10.021080686187744
1732511531052298800,79.388298828125,0.2159270622253417,-0.0881365486145019,9.992499903869628
1732511531062233000,79.39823315429688,0.2096422828674316,-0.1092354507446289,9.67766238555908
1732511531072168000,79.40816796875,0.1593640480041503,-0.0840963333129882,9.53086789627075
1732511531082101800,79.41810180664062,0.0969651672363281,-0.0430956298828125,9.726144969177245
1732511531092035800,79.42803588867187,0.0680851097106933,-0.036361937713623,9.90900212097168
1732511531101971000,79.43797094726563,0.0502782348632812,-0.0014963760375976,9.900921690368651
1732511531111904800,79.44790478515625,0.0149637603759765,0.0550666381835937,9.798270294189452
1732511531121839900,79.45783984375,0.043993455505371,0.0661398208618164,9.759813430023192
1732511531131774000,79.46777392578124,0.0751180770874023,0.0685340225219726,9.79946739501953
1732511531141708800,79.47770874023438,0.0878372734069824,0.0694318481445312,9.836427883148191
1732511531151643000,79.48764282226563,0.1131260284423828,0.0523731613159179,9.83208839263916
1732511531161577000,79.49757690429688,0.1271919631958007,0.031274259185791,9.82565397567749
1732511531171511800,79.50751171875,0.1310825408935546,0.0122702835083007,9.855731134033205
1732511531181446000,79.51744580078125,0.098910456085205,-0.0029927520751953,9.852139831542967
1732511531191381000,79.52738110351562,0.0794575675964355,-0.0157119483947753,9.869348155975342
1732511531201314800,79.53731469726563,0.0632967063903808,-0.0219967277526855,9.87578257293701
1732511531211250000,79.54725,0.0213981773376464,-0.0194528884887695,9.822661223602294
1732511531221183700,79.55718383789062,-0.012120645904541,-0.0284311447143554,9.785700735473633
1732511531231118000,79.5671181640625,-0.0035913024902343,-0.0594061286926269,9.764751470947266
1732511531241053000,79.57705297851562,0.0014963760375976,-0.0643441696166992,9.791686239624022
1732511531250986800,79.58698681640625,0.0290296951293945,-0.0595557662963867,9.783755446624756
1732511531260921900,79.596921875,0.0680851097106933,-0.0565630142211914,9.811139128112792
1732511531270856000,79.60685595703124,0.060004679107666,-0.0495300468444824,9.81188731613159
1732511531280790800,79.61679077148438,0.0808043060302734,-0.0377086761474609,9.80575217437744
1732511531290724900,79.62672485351563,0.0638952568054199,-0.0260369430541992,9.81263550415039
1732511531300659000,79.63665893554688,0.07018003616333,-0.0007481880187988,9.817872820281982
1732511531310593800,79.64659375,0.0634463439941406,0.0049380409240722,9.832836580657958
1732511531320528000,79.65652783203124,0.0652419952392578,0.0249894798278808,9.823708686828612
1732511531330463000,79.666462890625,0.0661398208618164,0.0498293220520019,9.749787710571288
1732511531340396800,79.67639672851563,0.0820014068603515,0.0336684608459472,9.898078575897216
1732511531350332000,79.68633178710938,0.111031101989746,0.01271919631958,9.961375282287596
1732511531360266000,79.69626586914063,0.0957680664062499,-0.0067336921691894,9.711330846405028
1732511531370200800,79.70620092773437,0.0951695159912109,-0.0426467170715332,9.633220017242431
1732511531380135000,79.71613500976562,0.1161187805175781,-0.0444423683166503,9.724199680328368
1732511531390068700,79.72606884765625,0.120607908630371,-0.0475847579956054,9.770138424682616
1732511531400003800,79.73600390625,0.0812532188415527,-0.0646434448242187,9.828946002960205
1732511531409938000,79.74593798828126,0.0541688125610351,-0.0327706352233886,9.840168823242188
1732511531419872800,79.75587280273437,0.0326209976196289,-0.0351648368835449,9.821613760375977
1732511531429806800,79.76580688476562,-0.0023942016601562,-0.0348655616760253,9.810690215301513
1732511531439742000,79.77574194335938,0.0053869537353515,-0.0163104988098144,9.813982242584228
1732511531449675800,79.78567578125,0.0269347686767578,-0.0133177467346191,9.83089129180908
1732511531459610000,79.79561010742188,0.0308253463745117,0.0055365913391113,9.846752877807615
1732511531469545000,79.805544921875,0.0430956298828125,0.0206499893188476,9.837026433563231
1732511531479478800,79.81547875976563,0.0393546897888183,0.0207996269226074,9.820117384338378
1732511531489414000,79.82541381835938,0.0722749626159667,-0.0022445640563964,9.804704711151125
1732511531499348000,79.83534790039063,0.0858919845581054,-0.0052373161315917,9.78704747390747
1732511531509282800,79.84528271484375,0.07018003616333,-0.0285807823181152,9.785102185058593
1732511531519217000,79.855216796875,0.1007061073303222,-0.0383072265625,9.783905084228516
1732511531529152000,79.86515209960938,0.1086369003295898,-0.0384568641662597,9.783306533813477
1732511531539085800,79.8750859375,0.1128267532348632,-0.0424970794677734,9.798120656585692
1732511531549020000,79.88502001953125,0.086789810180664,-0.0356137496948242,9.777620304870604
1732511531558955000,79.894955078125,0.0778115539550781,-0.0330699104309082,9.772382988739013
1732511531568888800,79.90488891601562,0.0374094009399414,-0.0266354934692382,9.745298582458496
1732511531578823700,79.91482373046875,0.0251391174316406,-0.0426467170715332,9.734674312591553
1732511531588757800,79.9247578125,0.0227449157714843,-0.0457891067504882,9.74215619277954
1732511531598692900,79.93469287109374,0.0333691856384277,-0.0475847579956054,9.75562357711792
1732511531608627000,79.944626953125,0.0350151992797851,-0.0532709869384765,9.785551097869872
1732511531618560800,79.95456079101562,0.0462380195617675,-0.0522235237121582,9.816376444244383
1732511531628496000,79.96449584960938,0.0620996055603027,-0.0474351203918457,9.840019185638427
1732511531638430000,79.97442993164063,0.0800561180114746,-0.0290296951293945,9.814880068206786
1732511531648364800,79.98436474609375,0.0796072052001953,-0.0139162971496582,9.80709891281128
1732511531658299000,79.994298828125,0.0700303985595703,-0.0064344169616699,9.801113408660887
1732511531668234000,80.00423388671875,0.072125325012207,-0.0124199211120605,9.789142400360106
1732511531678167800,80.01416772460938,0.0706289489746093,0.002543839263916,9.795876092529296
1732511531688102000,80.02410180664063,0.0830488700866699,-0.01271919631958,9.781361244964598
1732511531698037000,80.034037109375,0.063147068786621,-0.0246902046203613,9.77507646560669
1732511531707970800,80.043970703125,0.0444423683166503,-0.024241291809082,9.758765966796874
1732511531717904600,80.05390454101563,0.0348655616760253,-0.0184054252624511,9.791087689208984
1732511531727838500,80.06383837890625,0.0282815071105957,-0.0348655616760253,9.815777893829344
1732511531737773600,80.07377368164063,0.0490811340332031,-0.0496796844482421,9.85767642288208
1732511531747707600,80.08370776367188,0.0694318481445312,-0.0386065017700195,9.88311481552124
1732511531757642500,80.093642578125,0.0641945320129394,-0.0258873054504394,9.86336265182495
1732511531767576600,80.10357666015625,0.0522235237121582,-0.0139162971496582,9.783905084228516
1732511531777510700,80.1135107421875,0.0260369430541992,-0.0098760818481445,9.727790982818602
1732511531787445500,80.12344555664062,0.0294786079406738,-0.0047884033203125,9.642048635864258
1732511531797379800,80.1333798828125,0.0224456405639648,-0.0026934768676757,9.376292251586914
1732511531807314700,80.14331469726562,-0.0679354721069335,0.0182557876586914,9.494954871368408
1732511531817248500,80.15324853515625,0.0028431144714355,-0.0421978042602539,9.909750308990478
1732511531827183600,80.16318359375,0.1358709442138671,-0.1022024833679199,10.08018753967285
1732511531837117700,80.17311767578126,0.1698386802673339,-0.1550245574951171,9.868450330352784
1732511531847051500,80.18305151367187,0.1628057128906249,-0.12764087600708,9.5637881690979
1732511531856986600,80.19298657226562,0.0547673629760742,-0.0843956085205078,9.61526350479126
1732511531866920700,80.20292065429688,-0.033818098449707,-0.0463876571655273,9.814730430603026
1732511531876855600,80.21285546875,-0.0843956085205078,-0.0026934768676757,9.926360083007811
1732511531886789600,80.22278955078124,-0.091278938293457,0.0290296951293945,9.871592720031735
1732511531896724700,80.23272485351562,-0.0372597633361816,0.0522235237121582,9.822511585998535
1732511531906658600,80.24265844726563,0.0124199211120605,0.074669164276123,9.83897172241211
1732511531916593700,80.25259375,0.065092357635498,0.0722749626159667,9.822661223602294
1732511531926527500,80.26252758789063,0.1105821891784668,0.0604535919189453,9.803956523132324
1732511531936461600,80.27246166992188,0.1241992111206054,0.0415992538452148,9.79976667022705
1732511531946396700,80.28239672851562,0.107888712310791,0.0013467384338378,9.805003986358642
1732511531956330500,80.29233056640625,0.0917278511047363,-0.0131681091308593,9.822361948394777
1732511531966265600,80.302265625,0.0598550415039062,-0.0225952781677246,9.83089129180908
1732511531976199700,80.31219970703125,0.0249894798278808,-0.024241291809082,9.80605144958496
1732511531986134500,80.32213452148437,0.0014963760375976,-0.0243909294128417,9.822361948394777
1732511531996068600,80.33206860351562,0.0053869537353515,-0.0369604881286621,9.783306533813477
1732511532006002700,80.34200268554687,0.0065840545654296,-0.0526724365234375,9.76894132385254
1732511532015937500,80.3519375,0.0296282455444335,-0.0513256980895996,9.783755446624756
1732511532025871600,80.36187158203126,0.0365115753173828,-0.0435445426940917,9.786149648284912
1732511532035806700,80.371806640625,0.0438438179016113,-0.0275333190917968,9.797073193359374
1732511532045740500,80.38174047851562,0.034416648864746,-0.005087678527832,9.810091664886476
1732511532055675400,80.39167529296876,0.043394905090332,0.0218470901489257,9.814281517791748
1732511532065609700,80.40160961914063,0.0573112022399902,0.0308253463745117,9.80006594543457
1732511532075544600,80.41154467773437,0.0418985290527343,0.03187280960083,9.79303297805786
1732511532085478700,80.42147875976562,0.0302267959594726,0.0534206245422363,9.80545289916992
1732511532095412700,80.43141284179687,0.0594061286926269,0.0522235237121582,9.786000010681152
1732511532105347600,80.44134765625,0.0671872840881347,0.0577601150512695,9.685892453765868
1732511532115281700,80.45128173828125,0.067636196899414,0.0679354721069335,9.788244574737549
1732511532125216800,80.461216796875,0.0872387229919433,0.062548518371582,9.919027840423585
1732511532135150600,80.47115063476562,0.0677858345031738,0.0375590385437011,9.737667064666748
1732511532145085700,80.48108569335938,0.0450409187316894,0.0278325942993164,9.630077627563477
1732511532155019500,80.49101953125,0.0618003303527832,0.0145148475646972,9.715670336914062
1732511532164953600,80.50095361328125,0.0911293006896972,-0.0041898529052734,9.747692784118652
1732511532174888700,80.510888671875,0.060603229522705,0.0028431144714355,9.798569569396973
1732511532184822500,80.52082250976562,0.0537198997497558,-0.0082300682067871,9.87712931137085
1732511532194757600,80.53075756835938,0.043394905090332,-0.0013467384338378,9.885359379577636
1732511532204691700,80.54069165039063,0.0348655616760253,0.0053869537353515,9.861118087768554
1732511532214626600,80.55062646484375,0.076614453125,0.0291793327331542,9.83208839263916
1732511532224560400,80.56056030273437,0.0972644424438476,0.0499789596557617,9.85109236831665
1732511532234495700,80.57049584960937,0.1460463012695312,0.072125325012207,9.843311212921142
1732511532244429600,80.5804296875,0.146195938873291,0.0704793113708496,9.80650036239624
1732511532254363600,80.59036376953125,0.1253963119506836,0.0712274993896484,9.769240599060058
1732511532264298800,80.600298828125,0.0962169792175293,0.0638952568054199,9.77402900238037
1732511532274232600,80.61023266601562,0.0954687911987304,0.0390554145812988,9.778967043304442
1732511532284167400,80.62016748046875,0.0852934341430664,0.0140659347534179,9.794978266906735
1732511532294101800,80.63010180664062,0.0998082817077636,0.0002992752075195,9.7928833404541
1732511532304036600,80.64003662109376,0.1355716690063476,0.0007481880187988,9.78704747390747
1732511532313970700,80.649970703125,0.1444002876281738,0.0212485397338867,9.7821094329834
1732511532323905800,80.65990576171875,0.1750759963989257,0.0359130249023437,9.7936315284729
1732511532333839600,80.66983959960938,0.1571194839477539,0.0537198997497558,9.75652140274048
1732511532343773700,80.67977368164063,0.1364694946289062,0.0671872840881347,9.702951140594482
1732511532353708500,80.68970849609374,0.0866401725769042,0.0457891067504882,9.67197615661621
1732511532363642600,80.699642578125,0.0288800575256347,0.0326209976196289,9.70968483276367
1732511532373577500,80.70957739257813,0.0562637390136718,0.0085293434143066,9.830292741394045
1732511532383511600,80.71951147460938,0.0879869110107421,0.0002992752075195,9.935487976837155
1732511532393446700,80.72944677734375,0.1095347259521484,0.021697452545166,9.915286900329589
1732511532403380700,80.73938061523438,0.1176151565551757,0.0442927307128906,9.83223803024292
1732511532413315600,80.74931567382812,0.0775122787475585,0.0591068534851074,9.778069217681884
1732511532423249700,80.75924975585937,0.0531213493347167,0.0692822105407714,9.69112976989746
1732511532433183700,80.76918383789062,0.0073322425842285,0.0799064804077148,9.440636421203612
1732511532443118600,80.77911865234375,-0.0128688339233398,0.0837970581054687,9.687688105010986
1732511532453052400,80.78905249023437,0.0978629928588867,0.0347159240722656,10.03514662094116
1732511532462987800,80.79898779296875,0.2153285118103027,-0.0064344169616699,10.020332498168944
1732511532472921600,80.80892163085937,0.2389712532043457,-0.0264858558654785,9.778667768096923
1732511532482856400,80.8188564453125,0.2464531333923339,-0.0324713600158691,9.510068269348144
1732511532492790800,80.82879077148438,0.1898901191711425,-0.0116717330932617,9.613168578338623
1732511532502724600,80.838724609375,0.1375169578552246,-0.009576806640625,9.827150351715089
1732511532512659500,80.84865942382812,0.117465518951416,-0.0218470901489257,9.912144510650634
1732511532522593800,80.85859375,0.0875379981994628,-0.0044891281127929,9.848249253845214
1732511532532528600,80.86852856445313,0.1047463226318359,0.015263035583496,9.789591313171384
1732511532542462500,80.87846240234374,0.1234510231018066,0.067636196899414,9.801861596679688
1732511532552397800,80.88839770507812,0.1500865165710449,0.1010053825378417,9.832836580657958
1732511532562331600,80.89833154296875,0.1607107864379882,0.1041477722167968,9.834781869506836
1732511532572266500,80.9082666015625,0.1421557235717773,0.1101332763671874,9.811139128112792
1732511532582200600,80.91820068359375,0.1635539009094238,0.0906803878784179,9.809642752075195
1732511532592134700,80.928134765625,0.1527799934387207,0.0785597419738769,9.826551801300049
1732511532602069500,80.93806958007812,0.1351227561950683,0.060004679107666,9.842862300109864
1732511532612003600,80.94800366210937,0.0936731399536132,0.0336684608459472,9.837624983978271
1732511532621938700,80.95793872070313,0.0911293006896972,0.0148141227722167,9.808744926452636
1732511532631872800,80.96787280273438,0.0908300254821777,0.0077811553955078,9.803357972717285
1732511532641807600,80.9778076171875,0.0834977828979492,-0.0149637603759765,9.79916811981201
1732511532651741400,80.98774145507812,0.0872387229919433,-0.024241291809082,9.79916811981201
1732511532661676500,80.99767651367188,0.1197100830078125,-0.0303764335632324,9.790788414001463
1732511532671610600,81.00761059570313,0.1387140586853027,-0.0326209976196289,9.80021558303833
1732511532681544400,81.01754443359376,0.1553238327026367,-0.022296002960205,9.796773918151857
1732511532691479800,81.02747973632812,0.1605611488342285,0.0038905776977539,9.807847100830076
1732511532701413600,81.03741357421875,0.1556231079101562,0.0257376678466796,9.801861596679688
1732511532711349000,81.04734887695312,0.1631049880981445,0.0641945320129394,9.813533329772948
1732511532721283000,81.05728295898437,0.1619078872680664,0.0878372734069824,9.835081144714357
1732511532731218200,81.06721826171875,0.1526303558349609,0.1056441482543945,9.836876795959473
1732511532741152000,81.07715209960938,0.1731307075500488,0.1010053825378417,9.826551801300049
1732511532751086000,81.08708618164063,0.1827075141906738,0.079756842803955,9.720458740234374
1732511532761021200,81.09702124023437,0.1560720207214355,0.098311905670166,9.776423204040526
1732511532770955000,81.106955078125,0.1294365272521972,0.0739209762573242,9.939827467346191
1732511532780890000,81.11689013671875,0.1249473991394043,0.0540191749572753,9.718663088989258
1732511532790824200,81.12682421875,0.1068412490844726,0.0263362182617187,9.533860648345946
1732511532800759000,81.13675903320312,0.1291372520446777,0.0158615859985351,9.700407301330566
1732511532810693000,81.14669311523437,0.1695394050598144,-0.0046387657165527,9.91483798751831
1732511532820628200,81.15662817382812,0.2102408332824707,-0.0104746322631835,9.91468834991455
1732511532830562000,81.16656201171875,0.1638531761169433,0.0164601364135742,9.776722479248049
1732511532840496000,81.17649609375,0.1292868896484375,0.0296282455444335,9.741108729553222
1732511532850431000,81.18643090820312,0.08933364944458,0.0487818588256835,9.814281517791748
1732511532860365000,81.19636499023437,0.1025017585754394,0.0549170005798339,9.879373875427245
1732511532870300200,81.20630004882813,0.1131260284423828,0.0713771369934082,9.873089096069336
1732511532880234000,81.21623388671875,0.1502361541748046,0.0796072052001953,9.836577520751952
1732511532890169000,81.22616918945313,0.1509843421936035,0.0998082817077636,9.818321733093262
1732511532900103200,81.23610327148438,0.1482908653259277,0.0987608184814453,9.802310509490969
1732511532910038000,81.2460380859375,0.1592144104003906,0.0923264015197753,9.79333225326538
1732511532919972000,81.25597216796875,0.1843535278320312,0.0661398208618164,9.810091664886476
1732511532929906200,81.26590625,0.1990180130004882,0.0716764122009277,9.834332956695556
1732511532939841000,81.27584106445312,0.1919850456237793,0.0556651885986328,9.801113408660887
1732511532949775000,81.28577514648437,0.1761234596252441,0.0552162757873535,9.770288062286376
1732511532959710200,81.29571020507812,0.1975216369628906,0.0460883819580078,9.77492682800293
1732511532969644000,81.30564404296875,0.1785176612854004,0.0526724365234375,9.773280814361572
1732511532979579000,81.31557885742187,0.1545756446838379,0.0432452674865722,9.762506906890868
1732511532989513200,81.32551318359376,0.1396118843078613,0.0612017799377441,9.76116016845703
1732511532999448000,81.33544799804687,0.1457470260620117,0.0471358451843261,9.77926631851196
1732511533009382000,81.3453818359375,0.1429039115905761,0.0481833084106445,9.7928833404541
1732511533019316000,81.35531591796875,0.1420060859680175,0.0731727882385253,9.804405435943602
1732511533029251000,81.3652509765625,0.1455973884582519,0.0718260498046875,9.797222830963134
1732511533039185200,81.37518505859374,0.1590647727966308,0.0800561180114746,9.79946739501953
1732511533049120300,81.38512036132812,0.1657984649658203,0.0760159027099609,9.798569569396973
1732511533059054000,81.39505419921875,0.1640028137207031,0.0793079299926757,9.797971018981931
1732511533068989000,81.40498901367188,0.1620575248718261,0.0894832870483398,9.809193839263916
1732511533078923000,81.41492309570313,0.1518821678161621,0.0948702407836914,9.81951883392334
1732511533088858000,81.42485815429687,0.1553238327026367,0.0881365486145019,9.80021558303833
1732511533098792200,81.43479223632812,0.1647510017395019,0.091877488708496,9.795427179718017
1732511533108726000,81.44472607421875,0.1848024406433105,0.0975637176513671,9.801113408660887
1732511533118661000,81.4546611328125,0.1889922935485839,0.0870890853881835,9.803657247924804
1732511533128595200,81.46459521484375,0.2066495307922363,0.0808043060302734,9.820267021942138
1732511533138530000,81.47453002929687,0.1889922935485839,0.0825999572753906,9.801263046264648
1732511533148463900,81.4844638671875,0.1859995414733886,0.0764648155212402,9.80650036239624
1732511533158399200,81.49439916992188,0.1562216583251953,0.0845452461242675,9.78629928588867
1732511533168333000,81.5043330078125,0.1530792686462402,0.0607528671264648,9.782707983398437
1732511533178268200,81.51426806640625,0.1535281814575195,0.0640448944091796,9.783755446624756
1732511533188202200,81.5242021484375,0.1542763694763183,0.0652419952392578,9.797372468566897
1732511533198136000,81.53413598632812,0.1776198356628417,0.0438438179016113,9.77417863998413
1732511533208071000,81.54407080078126,0.1824082389831542,0.0601543167114257,9.785102185058593
1732511533218005200,81.55400512695313,0.2163759750366211,0.0740706138610839,9.783007258605956
1732511533227940000,81.56394018554687,0.20425532913208,0.0935235023498535,9.78106196975708
1732511533237874000,81.5738740234375,0.2045546043395996,0.1060930610656738,9.79303297805786
1732511533247809300,81.58380932617187,0.2038064163208007,0.1074397994995117,9.798868844604492
1732511533257743000,81.5937431640625,0.1680430290222168,0.1209071838378906,9.785401460266112
1732511533267678000,81.60367797851562,0.1605611488342285,0.1072901618957519,9.802909059906003
1732511533277612000,81.61361206054687,0.1701379554748535,0.0998082817077636,9.83089129180908
1732511533287546000,81.62354614257812,0.1325789169311523,0.0820014068603515,9.841814836883543
1732511533297481000,81.63348095703125,0.1119289276123046,0.0667383712768554,9.802011234283446
1732511533307415000,81.6434150390625,0.1271919631958007,0.0849941589355468,9.744550394439695
1732511533317350100,81.65335009765624,0.1423053611755371,0.0716764122009277,9.70489642944336
1732511533327284200,81.6632841796875,0.153827456665039,0.0626981559753418,9.714922148895264
1732511533337219000,81.67321899414063,0.1637035385131836,0.0782604667663574,9.765050746154785
1732511533347153200,81.68315307617188,0.1625064376831054,0.0878372734069824,9.824456874847412
1732511533357088000,81.693087890625,0.1773205604553222,0.0944213279724121,9.899874227142334
1732511533367022000,81.70302197265624,0.1915361328124999,0.1168669685363769,9.957484704589843
1732511533376956000,81.71295581054687,0.20425532913208,0.1387140586853027,9.93952819213867
1732511533386891000,81.72289111328125,0.2093430076599121,0.148739778137207,9.855880771636963
1732511533396825000,81.7328251953125,0.1681926666259765,0.1577180343627929,9.786000010681152
1732511533406760000,81.74276000976562,0.1218050094604492,0.1690904922485351,9.786448923492433
1732511533416694300,81.7526943359375,0.0796072052001953,0.1586158599853515,9.69217723312378
1732511533426629000,81.76262915039062,0.0468365699768066,0.1515828926086425,9.467271914672851
1732511533436563000,81.77256298828125,0.0438438179016113,0.1403600723266601,9.67826093597412
1732511533446498000,81.782498046875,0.1408089851379394,0.07018003616333,9.982474184417724
1732511533456432000,81.79243212890626,0.2376245147705078,0.040851065826416,10.046818354034423
1732511533466366000,81.80236596679687,0.2717418884277343,0.0386065017700195,9.803208335113524
1732511533476301300,81.81230126953125,0.2627636322021484,0.0562637390136718,9.514108484649658
1732511533486235100,81.82223510742188,0.2175730758666992,0.0743698890686035,9.586533084869384
1732511533496170000,81.832169921875,0.1741781707763671,0.1101332763671874,9.781810157775878
1732511533506104000,81.84210400390624,0.1460463012695312,0.1081879875183105,9.907206469726562
1732511533516039200,81.8520390625,0.1441010124206543,0.1001075569152832,9.893888722991942
1732511533525973000,81.86197290039063,0.1446995628356933,0.1198597206115722,9.833435131072996
1732511533535908000,81.871908203125,0.2002151138305664,0.1280897888183593,9.828646727752686
1732511533545842200,81.88184228515625,0.1978209121704101,0.1484405029296875,9.84480758895874
1732511533555777000,81.89177709960937,0.206200617980957,0.151283617401123,9.83882208480835
1732511533565711000,81.90171118164062,0.2166752502441406,0.1430535491943359,9.83897172241211
1732511533575645000,81.91164501953125,0.2002151138305664,0.1339256553649902,9.853187294769286
1732511533585580000,81.921580078125,0.2056020675659179,0.1349731185913086,9.832836580657958
1732511533595514000,81.93151416015625,0.1883937431335449,0.1334767425537109,9.822511585998535
1732511533605449000,81.94144897460937,0.1789665740966796,0.1481412277221679,9.798270294189452
1732511533615383000,81.95138305664062,0.1542763694763183,0.1111807395935058,9.76699603500366
1732511533625318100,81.96131811523438,0.1414075355529785,0.1032499465942382,9.772532626342771
1732511533635252000,81.971251953125,0.1348234809875488,0.0686836601257324,9.781959795379638
1732511533645187000,81.98118701171875,0.1289876144409179,0.0423474418640136,9.789441675567629
1732511533655121200,81.99112109375,0.1400607971191406,0.045938744354248,9.77447791519165
1732511533665055000,82.00105493164062,0.144250650024414,0.0532709869384765,9.771784438323976
1732511533674990000,82.01098999023438,0.1616086120605468,0.074669164276123,9.796025730133056
1732511533684924200,82.02092407226563,0.1611596992492675,0.1041477722167968,9.801562321472169
1732511533694859000,82.03085888671875,0.1632546257019043,0.1316810913085937,9.81757354507446
1732511533704793000,82.04079296875,0.1740285331726074,0.1527799934387207,9.829843828582764
1732511533714728000,82.05072802734375,0.1961748985290527,0.16594810256958,9.829993466186522
1732511533724661800,82.06066186523438,0.182557876586914,0.1768716476440429,9.811737678527832
1732511533734596900,82.07059692382812,0.1960252609252929,0.1967734489440918,9.769390236663815
1732511533744531000,82.08053100585937,0.2168248878479003,0.1918354080200195,9.746794958496093
1732511533754464800,82.09046484375,0.1840542526245117,0.181959326171875,9.896881475067138
1732511533764399900,82.10039990234375,0.136619132232666,0.1640028137207031,9.804255798339844
1732511533774334000,82.110333984375,0.10848726272583,0.1301847152709961,9.56274070587158
1732511533784268800,82.12026879882812,0.1382651458740234,0.1098340011596679,9.683198976898192
1732511533794203000,82.13020288085937,0.225952781677246,0.072723875427246,9.88371336593628
1732511533804138000,82.14013793945313,0.2841618095397949,0.0598550415039062,9.873986921691897
1732511533814071800,82.15007177734375,0.2680009483337402,0.0680851097106933,9.7415576423645
1732511533824007000,82.1600068359375,0.2038064163208007,0.0899321998596191,9.667487028503418
1732511533833941000,82.16994091796874,0.1601122360229492,0.111031101989746,9.731681560516355
1732511533843874800,82.17987475585937,0.1330278297424316,0.1298854400634765,9.81981810913086
1732511533853810000,82.18980981445313,0.1562216583251953,0.1387140586853027,9.887454306030271
1732511533863743700,82.19974365234376,0.172981069946289,0.1494879661560058,9.87069489440918
1732511533873678800,82.20967895507812,0.1913864952087402,0.1539770942687988,9.837176071166992
1732511533883613000,82.21961303710937,0.2117372093200683,0.1635539009094238,9.827000714111328
1732511533893547800,82.2295478515625,0.2006640266418456,0.1699883178710937,9.811737678527832
1732511533903481900,82.23948193359375,0.2050035171508789,0.1625064376831054,9.797971018981931
1732511533913417000,82.2494169921875,0.2045546043395996,0.1497872413635254,9.815478618621826
1732511533923350800,82.25935083007812,0.2005143890380859,0.1322796417236328,9.785700735473633
1732511533933286000,82.26928588867187,0.197222361755371,0.1195604454040527,9.79991630783081
1732511533943220000,82.27921997070312,0.1898901191711425,0.101454295349121,9.788244574737549
1732511533953153800,82.28915380859375,0.1964741737365722,0.0995090065002441,9.843311212921142
1732511533963088600,82.29908862304687,0.2231096672058105,0.0897825622558593,9.85079309310913
1732511533973023000,82.30902294921874,0.2184709014892578,0.0848445213317871,9.804255798339844
1732511533982957800,82.31895776367188,0.1686415794372558,0.0995090065002441,9.7545761138916
1732511533992892000,82.32889184570313,0.1569698463439941,0.0959177040100097,9.733028298950195
1732511534002827000,82.33882690429688,0.1216553718566894,0.0848445213317871,9.738714527893066
1732511534012760800,82.3487607421875,0.1279401512145996,0.0728735130310058,9.766397484588625
1732511534022695700,82.35869580078125,0.1375169578552246,0.0781108291625976,9.796923555755615
1732511534032630000,82.36863012695312,0.1533785438537597,0.079158292388916,9.798419931793212
1732511534042563800,82.37856372070313,0.1681926666259765,0.098910456085205,9.797671743774414
1732511534052499000,82.3884990234375,0.1900397567749023,0.1137245788574218,9.80620108718872
1732511534062432800,82.39843286132813,0.1988683753967285,0.0972644424438476,9.8442090385437
1732511534072367900,82.40836791992187,0.1907879447937011,0.0870890853881835,9.845256501770018
1732511534082302000,82.41830200195312,0.1782183860778808,0.0936731399536132,9.840168823242188
1732511534092236800,82.42823681640625,0.1699883178710937,0.0914285758972167,9.797522106170652
1732511534102171000,82.4381708984375,0.1747767211914062,0.1256955871582031,9.806949275207518
1732511534112105700,82.44810571289062,0.16594810256958,0.1054945106506347,9.797372468566897
1732511534122039800,82.45803979492187,0.1880944679260253,0.1023521209716796,9.796025730133056
1732511534131974000,82.46797387695312,0.174926358795166,0.1041477722167968,9.794529354095458
1732511534141909000,82.47790893554688,0.1904886695861816,0.1167173309326171,9.805003986358642
1732511534151842800,82.4878427734375,0.1916857704162597,0.0951695159912109,9.79991630783081
1732511534161778000,82.49777783203125,0.1943792472839355,0.0974140800476074,9.803657247924804
1732511534171712000,82.5077119140625,0.165349552154541,0.0820014068603515,9.799317757415771
1732511534181646800,82.51764672851563,0.172981069946289,0.0728735130310058,9.789292037963866
1732511534191580700,82.52758056640624,0.1651999145507812,0.0736217010498046,9.803058697509766
1732511534201516000,82.53751611328126,0.1762730972290039,0.0508767852783203,9.796325005340575
1732511534211449900,82.54744995117187,0.16594810256958,0.0257376678466796,9.758765966796874
1732511534221384700,82.557384765625,0.1399111595153808,0.0294786079406738,9.735572138214112
1732511534231319000,82.56731909179688,0.1565209335327148,0.0407014282226562,9.753229375457764
1732511534241252900,82.5772529296875,0.1530792686462402,0.036361937713623,9.790638776397705
1732511534251187700,82.58718774414062,0.1349731185913086,0.0474351203918457,9.810839852905271
1732511534261121800,82.59712182617187,0.1364694946289062,0.0558148262023925,9.847052153015136
1732511534271057000,82.60705688476563,0.1662473777770996,0.0689829353332519,9.913790524291992
1732511534280990700,82.61699072265625,0.1854009910583496,0.1060930610656738,9.900023864746093
1732511534290926000,82.62692602539063,0.1909375823974609,0.1150713172912597,9.843161575317382
1732511534300860000,82.63685986328124,0.1569698463439941,0.1186626197814941,9.798719207000731
1732511534310794800,82.64679467773438,0.1141734916687011,0.1252466743469238,9.777769942474364
1732511534320728800,82.65672875976563,0.0668880088806152,0.1164180557250976,9.570970774078368
1732511534330663000,82.66666284179688,0.0426467170715332,0.101454295349121,9.432555990600584
1732511534340597800,82.67659765625,0.0547673629760742,0.0610521423339843,9.83223803024292
1732511534350531800,82.68653173828125,0.1996165634155273,0.0041898529052734,10.014346994018554
1732511534360467000,82.69646704101562,0.247650234222412,-0.0297778831481933,9.979481432342528
1732511534370401000,82.70640112304687,0.2454056701660156,-0.0407014282226562,9.69202759552002
1732511534380335900,82.7163359375,0.1985691001892089,-0.0281318695068359,9.509918631744384
1732511534390269700,82.72626977539062,0.1402104347229003,0.0181061500549316,9.682600426483154
1732511534400204800,82.73620483398437,0.0953191535949707,0.0407014282226562,9.888352131652832
1732511534410139000,82.74613891601562,0.0833481452941894,0.053570262145996,9.906607919311522
1732511534420074000,82.75607397460938,0.1050455978393554,0.0825999572753906,9.822212310791016
1732511534430007800,82.7660078125,0.1125274780273437,0.1071405242919921,9.776123928833009
1732511534439942000,82.77594189453124,0.1230021102905273,0.1167173309326171,9.816226806640625
1732511534449876700,82.78587670898438,0.132130004119873,0.1080383499145507,9.841365924072266
1732511534459811000,82.79581103515625,0.1316810913085937,0.0951695159912109,9.828197814941406
1732511534469746000,82.80574584960938,0.1376665954589843,0.0920271263122558,9.806949275207518
1732511534479679700,82.8156796875,0.1325789169311523,0.0653916328430175,9.816376444244383
1732511534489614800,82.82561474609375,0.1449988380432128,0.0517746109008789,9.823708686828612
1732511534499549000,82.835548828125,0.1240495735168457,0.0404021530151367,9.804106160736085
1732511534509483800,82.84548388671875,0.1001075569152832,0.0199018013000488,9.814431155395509
1732511534519417900,82.85541796875,0.0794575675964355,-0.009576806640625,9.82550433807373
1732511534529353000,82.86535302734374,0.0730231506347656,-0.0097264442443847,9.815927531433104
1732511534539286800,82.87528686523437,0.0401028778076171,-0.0303764335632324,9.782857621002195
1732511534549220900,82.88522094726562,0.0447416435241699,-0.0429459922790527,9.772532626342771
1732511534559156000,82.89515600585938,0.0854430717468261,-0.0342670112609863,9.786598561096191
1732511534569089800,82.90508984375,0.1010053825378417,-0.0187047004699707,9.809493114471437
1732511534579025000,82.91502490234375,0.1068412490844726,-0.0059855041503906,9.802609784698486
1732511534588959000,82.924958984375,0.1062426986694335,0.0264858558654785,9.801412683868408
1732511534598893800,82.93489379882813,0.110432551574707,0.0507271476745605,9.8326869430542
1732511534608828000,82.94482788085938,0.1195604454040527,0.0664390960693359,9.827449626922608
1732511534618763000,82.95476293945312,0.1125274780273437,0.0715267745971679,9.839121360015868
1732511534628696800,82.96469677734375,0.0921767639160156,0.0800561180114746,9.843909763336182
1732511534638632000,82.9746318359375,0.1125274780273437,0.067636196899414,9.784204359436034
1732511534648565800,82.98456567382813,0.0852934341430664,0.0775122787475585,9.746196408081056
1732511534658499800,82.99449975585938,0.1017535705566406,0.084245970916748,9.936685077667237
1732511534668435000,83.00443505859376,0.0796072052001953,0.0429459922790527,9.854234757995606
1732511534678368800,83.01436865234375,0.0543184501647949,0.0022445640563964,9.618405894470214
1732511534688303900,83.02430395507812,0.093822777557373,-0.0131681091308593,9.580397943115234
1732511534698238000,83.03423803710938,0.1393126091003418,-0.0477343955993652,9.77971523132324
1732511534708172800,83.0441728515625,0.1449988380432128,-0.0612017799377441,9.917232189178469
1732511534718107100,83.05410717773438,0.1312321784973144,-0.0808043060302734,9.859621711730956
1732511534728042200,83.06404223632812,0.1126771156311035,-0.0559644638061523,9.783156896209716
1732511534737976300,83.07397631835937,0.0863408973693847,-0.0178068748474121,9.750535898590089
1732511534747910100,83.08391015625,0.0725742378234863,0.0098760818481445,9.776123928833009
1732511534757845500,83.09384545898438,0.0769137283325195,0.0221463653564453,9.827748902130129
1732511534767779300,83.103779296875,0.105344873046875,0.0332195480346679,9.84555577697754
1732511534777714200,83.11371411132812,0.1153705924987792,0.0173579620361328,9.850344180297853
1732511534787648500,83.1236484375,0.1135749412536621,0.026785131072998,9.834183319091796
1732511534797583400,83.13358325195313,0.1351227561950683,0.0270844062805175,9.826402163696288
1732511534807517200,83.14351708984375,0.1577180343627929,0.0245405670166015,9.80724855041504
1732511534817452500,83.15345263671875,0.1484405029296875,0.0199018013000488,9.79318261566162
1732511534827386400,83.16338647460938,0.1283890640258789,0.0059855041503906,9.791087689208984
1732511534837321200,83.1733212890625,0.1385644210815429,-0.0089782562255859,9.798270294189452
1732511534847255300,83.18325537109375,0.1218050094604492,-0.0243909294128417,9.80650036239624
1732511534857189400,83.193189453125,0.0948702407836914,-0.0348655616760253,9.797522106170652
1732511534867124200,83.20312426757812,0.1063923362731933,-0.0411503410339355,9.794529354095458
1732511534877058300,83.21305834960937,0.0857423469543457,-0.0474351203918457,9.775974291229248
1732511534886993400,83.22299340820312,0.0854430717468261,-0.0410007034301757,9.74888988494873
1732511534896927200,83.23292724609375,0.0640448944091796,-0.0499789596557617,9.727192432403564
1732511534906862300,83.2428623046875,0.0905307502746581,-0.041449616241455,9.745597857666016
1732511534916796200,83.25279614257812,0.1083376251220703,-0.0290296951293945,9.765050746154785
1732511534926731300,83.26273120117187,0.1213560966491699,-0.0466869323730468,9.779565593719482
1732511534936665300,83.27266528320312,0.1189618949890136,-0.0246902046203613,9.783605809020996
1732511534946600400,83.28260034179688,0.0972644424438476,-0.0113724578857421,9.79961703262329
1732511534956534300,83.2925341796875,0.0902314750671386,-0.0058358665466308,9.78719711151123
1732511534966468400,83.30246826171874,0.1011550201416015,-0.0059855041503906,9.816376444244383
1732511534976403200,83.3124033203125,0.0996586441040039,-0.0107739074707031,9.821314485168456
1732511534986337500,83.32233764648437,0.1002571945190429,-0.0112228202819824,9.82565397567749
1732511534996272400,83.3322724609375,0.0951695159912109,-0.0233434661865234,9.820566297149655
1732511535006206200,83.34220629882813,0.1131260284423828,-0.0199018013000488,9.807847100830076
1732511535016141300,83.35214135742187,0.1240495735168457,-0.0365115753173828,9.83208839263916
1732511535026075400,83.36207543945312,0.1243488487243652,-0.0390554145812988,9.824456874847412
1732511535036010200,83.37201025390625,0.1219546470642089,-0.0266354934692382,9.804704711151125
1732511535045944300,83.3819443359375,0.1210568214416503,-0.0345662864685058,9.770288062286376
1732511535055879400,83.39187939453124,0.1319803665161132,-0.0393546897888183,9.725396781158446
1732511535065813200,83.40181323242187,0.1218050094604492,-0.0384568641662597,9.72913772125244
1732511535075747300,83.41174731445312,0.1066916114807128,-0.0478840332031249,9.811288765716553
1732511535085682400,83.42168237304688,0.1045966850280761,-0.0653916328430175,9.82520506286621
1732511535095616300,83.4316162109375,0.0773626411437988,-0.0492307716369628,9.826851076507568
1732511535105551400,83.44155126953125,0.0733224258422851,-0.0513256980895996,9.848548529052731
1732511535115485400,83.4514853515625,0.0737713386535644,-0.0383072265625,9.877727861785887
1732511535125420300,83.46142016601563,0.0728735130310058,-0.0196025260925292,9.909750308990478
1732511535135354400,83.47135424804688,0.0773626411437988,-0.0137666595458984,9.862464826202393
1732511535145289500,83.48128955078126,0.0700303985595703,-0.0098760818481445,9.78091233215332
1732511535155223300,83.49122338867187,0.0531213493347167,-0.0074818801879882,9.71716671295166
1732511535165158100,83.501158203125,0.0615010551452636,-0.0187047004699707,9.457545470428466
1732511535175092200,83.51109228515625,-0.024839842224121,-0.0218470901489257,9.407865785980224
1732511535185026300,83.5210263671875,0.0210989021301269,-0.0757166275024414,9.880720613861085
1732511535194961400,83.53096142578126,0.1385644210815429,-0.120009358215332,10.081983190917969
1732511535204895200,83.54089526367187,0.1637035385131836,-0.1767220100402832,9.945064783477784
1732511535214830300,83.55083032226563,0.1824082389831542,-0.1539770942687988,9.574113163757325
1732511535224764400,83.56076440429688,0.1259948623657226,-0.1292868896484375,9.543138179779053
1732511535234699300,83.57069921875,0.0552162757873535,-0.0790086547851562,9.749638072967528
1732511535244633300,83.58063330078124,0.0230441909790039,-0.0381575889587402,9.879972425842285
1732511535254568400,83.590568359375,-0.0110731826782226,-0.017208324432373,9.872490545654296
1732511535264502300,83.60050219726563,0.0243909294128417,0.0161608612060546,9.778967043304442
1732511535274437400,83.61043725585938,0.0543184501647949,0.0351648368835449,9.782408708190918
1732511535284371500,83.62037133789063,0.0700303985595703,0.0501285972595214,9.821913035583496
1732511535294305300,83.63030517578125,0.0896329246520996,0.0272340438842773,9.815777893829344
1732511535304240000,83.640240234375,0.1114800148010253,0.0088286186218261,9.815029705810549
1732511535314174500,83.65017456054687,0.1194108078002929,-0.0139162971496582,9.830442378997802
1732511535324109300,83.660109375,0.1125274780273437,-0.0381575889587402,9.859322436523437
1732511535334043400,83.67004345703126,0.0731727882385253,-0.0522235237121582,9.859322436523437
1732511535343978500,83.679978515625,0.058059390258789,-0.0722749626159667,9.830592016601562
1732511535353912300,83.68991235351562,0.0309749839782714,-0.0830488700866699,9.785700735473633
1732511535363847200,83.69984716796876,0.0073322425842285,-0.0851437965393066,9.78151088256836
1732511535373781500,83.70978149414063,0.0011971008300781,-0.1020528457641601,9.783755446624756
1732511535383716400,83.71971630859375,0.0182557876586914,-0.1069908866882324,9.772233351135254
1732511535393650200,83.72965014648437,0.0528220741271972,-0.0942716903686523,9.778667768096923
1732511535403584300,83.73958422851562,0.0831985076904296,-0.0698807609558105,9.779116680908205
1732511535413519400,83.74951928710938,0.0879869110107421,-0.041449616241455,9.778967043304442
1732511535423453400,83.75945336914063,0.0911293006896972,-0.0131681091308593,9.802460147094726
1732511535433388300,83.76938818359375,0.0927753143310546,0.0037409400939941,9.81338369216919
1732511535443322400,83.779322265625,0.0758662651062011,0.0474351203918457,9.815927531433104
1732511535453257200,83.78925732421875,0.0686836601257324,0.0632967063903808,9.834781869506836
1732511535463191300,83.79919140625,0.0683843849182128,0.0612017799377441,9.8326869430542
1732511535473126400,83.80912646484374,0.0751180770874023,0.05102642288208,9.792284790039062
1732511535483060500,83.819060546875,0.0658405456542968,0.0481833084106445,9.725995331573486
1732511535492995300,83.82899536132813,0.0561141014099121,0.031274259185791,9.925611894989013
1732511535502929200,83.83892919921875,0.0697311233520507,-0.0026934768676757,9.87668039855957
1732511535512864300,83.8488642578125,0.0532709869384765,-0.0541688125610351,9.65282254333496
1732511535522798300,83.85879833984374,0.0626981559753418,-0.0632967063903808,9.65327145614624
1732511535532732200,83.86873217773437,0.0815524940490722,-0.0742202514648437,9.71581997451782
1732511535542667300,83.87866723632813,0.1060930610656738,-0.074669164276123,9.766696759796142
1732511535552601300,83.88860131835938,0.1077390747070312,-0.0688332977294921,9.841515561676024
1732511535562536200,83.8985361328125,0.0999579193115234,-0.0404021530151367,9.81936919631958
1732511535572470500,83.90847045898437,0.0734720634460449,-0.0315735343933105,9.79408044128418
1732511535582405400,83.9184052734375,0.0843956085205078,-0.0305260711669921,9.807398188018798
1732511535592339200,83.92833911132813,0.1243488487243652,0.0040402153015136,9.822062673187256
1732511535602274300,83.9382744140625,0.1432031867980956,0.0230441909790039,9.848847804260254
1732511535612208400,83.94820849609376,0.1508347045898437,0.0251391174316406,9.836128607940672
1732511535622143200,83.95814331054687,0.1352723937988281,0.0375590385437011,9.789890588378906
1732511535632077300,83.96807739257812,0.1473930397033691,0.0498293220520019,9.788693487548828
1732511535642011400,83.97801147460937,0.1267430503845214,0.0390554145812988,9.804854348754882
1732511535651946200,83.9879462890625,0.1446995628356933,0.0290296951293945,9.824905787658691
1732511535661880300,83.99788037109376,0.1598129608154296,0.0188543380737304,9.812186591339112
1732511535671815400,84.0078154296875,0.1824082389831542,-0.0026934768676757,9.788992762756347
1732511535681749200,84.01774926757813,0.1843535278320312,-0.0213981773376464,9.801263046264648
1732511535691684400,84.02768432617188,0.2115875717163085,-0.0210989021301269,9.805153623962402
1732511535701618400,84.03761840820313,0.2026093154907226,-0.0377086761474609,9.796025730133056
1732511535711553300,84.04755322265625,0.1707365058898925,-0.0407014282226562,9.726444244384766
1732511535721488000,84.05748779296874,0.1463455764770507,-0.0185550628662109,9.693523971557616
1732511535731423000,84.06742309570312,0.1158195053100586,-0.0384568641662597,9.702651865386962
1732511535741356800,84.07735668945313,0.1334767425537109,-0.0155623107910156,9.741108729553222
1732511535751291000,84.08729077148438,0.1327285545349121,-0.0080804306030273,9.784802909851074
1732511535761226000,84.09722607421875,0.1414075355529785,0.0008978256225585,9.792135152435302
1732511535771159800,84.10715991210938,0.1325789169311523,0.005686228942871,9.791087689208984
1732511535781095000,84.11709497070312,0.1414075355529785,0.019752163696289,9.78719711151123
1732511535791028700,84.12702880859375,0.1584662223815917,0.0173579620361328,9.775375740814209
1732511535800963800,84.1369638671875,0.1352723937988281,0.0125695587158203,9.80650036239624
1732511535810898000,84.14689794921875,0.1264437751770019,0.0233434661865234,9.820715934753418
1732511535820832800,84.15683276367187,0.1358709442138671,-0.0016460136413574,9.801113408660887
1732511535830766800,84.16676684570312,0.1342249305725097,-0.0270844062805175,9.810241302490232
1732511535840701700,84.17670166015625,0.1494879661560058,-0.0327706352233886,9.826551801300049
1732511535850635800,84.1866357421875,0.1786672988891601,-0.0475847579956054,9.829993466186522
1732511535860571000,84.19657080078125,0.1999158386230468,-0.0501285972595214,9.828646727752686
1732511535870505000,84.2065048828125,0.1927332336425781,-0.0330699104309082,9.796773918151857
1732511535880438800,84.21643872070312,0.20425532913208,-0.0272340438842773,9.747543146514891
1732511535890374000,84.22637377929688,0.1848024406433105,-0.0357633872985839,9.739761991119384
1732511535900308000,84.23630786132813,0.1930325088500976,-0.0317231719970703,9.776123928833009
1732511535910242800,84.24624291992187,0.1719336067199706,-0.043993455505371,9.82550433807373
1732511535920176600,84.2561767578125,0.1611596992492675,-0.0327706352233886,9.847052153015136
1732511535930112000,84.26611206054687,0.1590647727966308,-0.0169090492248535,9.903166254425049
1732511535940045800,84.2760458984375,0.1852513534545898,-0.0107739074707031,9.928006096649169
1732511535949980700,84.28598071289062,0.1955763481140136,0.0008978256225585,9.8694977935791
1732511535959915000,84.2959150390625,0.1581669471740722,0.0103249946594238,9.803806885528564
1732511535969849900,84.30584985351562,0.1277905136108398,0.0342670112609863,9.76175871887207
1732511535979783700,84.31578369140625,0.0899321998596191,0.01915361328125,9.701454764556884
1732511535989717800,84.3257177734375,0.0640448944091796,0.0019452888488769,9.423577734375
1732511535999652900,84.33565283203124,0.0442927307128906,-0.0206499893188476,9.58997474975586
1732511536009586700,84.34558666992187,0.110432551574707,-0.0799064804077148,10.014346994018554
1732511536019521800,84.35552172851563,0.2343324874877929,-0.1421557235717773,10.066121604919433
1732511536029456000,84.36545581054688,0.2501940734863281,-0.1399111595153808,9.899126039123535
1732511536039390700,84.375390625,0.2344821250915527,-0.1282394264221191,9.55780266494751
1732511536049324800,84.38532470703124,0.1891419311523437,-0.1050455978393554,9.580846855926511
1732511536059260000,84.39526000976562,0.1267430503845214,-0.0814028564453124,9.792733702850342
1732511536069193700,84.40519384765625,0.0906803878784179,-0.060603229522705,9.911246685028075
1732511536079128800,84.41512890625,0.074669164276123,-0.03187280960083,9.862614463806151
1732511536089063000,84.42506298828125,0.117465518951416,0.0243909294128417,9.78779566192627
1732511536098997800,84.43499780273437,0.1488894157409667,0.0375590385437011,9.803357972717285
1732511536108931800,84.44493188476562,0.1632546257019043,0.058059390258789,9.851541281127927
1732511536118865700,84.45486572265625,0.1930325088500976,0.0463876571655273,9.85692823486328
1732511536128800800,84.46480078125,0.2008136642456054,0.0246902046203613,9.814431155395509
1732511536138734800,84.47473486328126,0.1990180130004882,0.0008978256225585,9.81877064590454
1732511536148669700,84.48466967773437,0.2024596778869628,-0.0104746322631835,9.829694190979003
1732511536158604000,84.49460400390625,0.1985691001892089,-0.0163104988098144,9.827748902130129
1732511536168539000,84.50453881835938,0.1628057128906249,-0.0360626625061035,9.835380419921874
1732511536178472700,84.51447265625,0.1258452247619629,-0.0698807609558105,9.817723182678222
1732511536188407800,84.52440771484375,0.077213003540039,-0.0825999572753906,9.79423007888794
1732511536198342000,84.534341796875,0.0906803878784179,-0.0981622680664062,9.776872116851806
1732511536208276700,84.54427685546875,0.1207575462341308,-0.1149216796875,9.78091233215332
1732511536218210800,84.5542109375,0.1207575462341308,-0.1158195053100586,9.787945299530028
1732511536228146000,84.56414599609376,0.1185129821777343,-0.088735099029541,9.783306533813477
1732511536238079700,84.57407983398437,0.1400607971191406,-0.0769137283325195,9.797222830963134
1732511536248013800,84.58401391601562,0.1448492004394531,-0.0493804092407226,9.808146376037596
1732511536257949000,84.59394897460938,0.1399111595153808,0.0023942016601562,9.79303297805786
1732511536267882800,84.6038828125,0.1553238327026367,0.0167594116210937,9.807398188018798
1732511536277817600,84.61381762695312,0.1584662223815917,0.0282815071105957,9.81862100830078
1732511536287752000,84.623751953125,0.1731307075500488,0.0432452674865722,9.842413387298585
1732511536297686800,84.63368676757813,0.1839046150207519,0.0511760604858398,9.84450831375122
1732511536307620900,84.64362084960938,0.1714846939086914,0.0480336708068847,9.727790982818602
1732511536317556000,84.65355590820313,0.1637035385131836,0.0321720848083496,9.782558345794676
1732511536327489800,84.66348974609375,0.1441010124206543,0.0160112236022949,9.964816947174072
1732511536337424600,84.67342456054688,0.1298854400634765,-0.024241291809082,9.763704007720946
1732511536347359000,84.68335888671875,0.1101332763671874,-0.0453401939392089,9.554959550476074
1732511536357293800,84.6932939453125,0.1352723937988281,-0.0737713386535644,9.622895022583007
1732511536367228000,84.70322778320312,0.1871966423034667,-0.0903811126708984,9.851840556335448
1732511536377161700,84.71316162109375,0.2082955444335937,-0.0858919845581054,9.921870954895018
1732511536387096800,84.72309692382812,0.1984194625854492,-0.0634463439941406,9.813084416961669
1732511536397031000,84.73303100585937,0.1444002876281738,-0.043993455505371,9.739612353515623
1732511536406965800,84.7429658203125,0.1375169578552246,-0.0209492645263671,9.788244574737549
1732511536416899800,84.75289990234376,0.1192611701965331,0.0193032508850097,9.85737714767456
1732511536426835000,84.7628349609375,0.1265934127807617,0.012120645904541,9.87638112335205
1732511536436768800,84.77276879882812,0.1412578979492187,0.0175075996398925,9.846752877807615
1732511536446703900,84.78270385742188,0.1584662223815917,0.0291793327331542,9.83134020462036
1732511536456638000,84.79263793945313,0.1762730972290039,0.0495300468444824,9.80006594543457
1732511536466572800,84.80257275390625,0.1776198356628417,0.0375590385437011,9.79393080368042
1732511536476506600,84.81250659179688,0.1936310592651367,0.014664485168457,9.811588040924072
1732511536486441700,84.82244165039063,0.2051531547546386,-0.0038905776977539,9.80021558303833
1732511536496375800,84.83237573242188,0.2015618522644043,-0.0213981773376464,9.79946739501953
1732511536506309600,84.8423095703125,0.197222361755371,-0.024241291809082,9.791237326812745
1732511536516245000,84.85224487304687,0.2003647514343261,-0.0264858558654785,9.804555073547364
1732511536526178800,84.8621787109375,0.2051531547546386,-0.0378583137512207,9.791386964416503
1732511536536113700,84.87211376953125,0.189590843963623,-0.0284311447143554,9.749638072967528
1732511536546048000,84.88204809570313,0.1662473777770996,-0.0140659347534179,9.712677584838866
1732511536555982800,84.89198291015624,0.155772745513916,-0.0014963760375976,9.717465988159178
1732511536565916700,84.90191674804687,0.1562216583251953,0.0028431144714355,9.773879364776612
1732511536575852000,84.91185205078125,0.1695394050598144,0.0196025260925292,9.809642752075195
1732511536585785900,84.92178588867188,0.1680430290222168,0.0130184715270996,9.808445651245115
1732511536595720700,84.931720703125,0.1628057128906249,0.0119710083007812,9.810241302490232
1732511536605654800,84.94165478515625,0.1964741737365722,0.0231938285827636,9.798719207000731
1732511536615590000,84.95158984375,0.201112939453125,0.0392050521850585,9.79961703262329
1732511536625523700,84.96152368164063,0.2270002449035644,0.0255880302429199,9.777021754455566
1732511536635457800,84.97145776367188,0.2268506072998046,0.0404021530151367,9.78166052017212
1732511536645393000,84.98139282226562,0.2204161903381347,0.0441430931091308,9.782259070587155
1732511536655326700,84.99132666015625,0.1927332336425781,0.0463876571655273,9.776423204040526
1732511536665261800,85.00126171875,0.1954267105102539,0.0448912811279296,9.791087689208984
1732511536675196000,85.01119580078125,0.1812111381530761,0.0547673629760742,9.790638776397705
1732511536685130800,85.021130859375,0.1523310806274413,0.060603229522705,9.792434427642824
1732511536695064800,85.03106494140626,0.153827456665039,0.0739209762573242,9.797522106170652
1732511536705000000,85.041,0.1788169364929199,0.0680851097106933,9.786598561096191
1732511536714933800,85.05093383789062,0.1834557022094726,0.0700303985595703,9.791536602020264
1732511536724868600,85.06086865234376,0.1773205604553222,0.0706289489746093,9.788843125152589
1732511536734802400,85.07080249023437,0.1614589744567871,0.0668880088806152,9.804405435943602
1732511536744737500,85.08073754882813,0.1822586013793945,0.0618003303527832,9.802460147094726
1732511536754671600,85.09067163085938,0.1888426559448242,0.0632967063903808,9.810540577697754
1732511536764606500,85.1006064453125,0.1981201873779296,0.0668880088806152,9.810241302490232
1732511536774540500,85.11054052734374,0.1879448303222656,0.0640448944091796,9.767145672607422
1732511536784474600,85.120474609375,0.194678522491455,0.0641945320129394,9.71731635055542
1732511536794409500,85.13040942382813,0.1909375823974609,0.0568622894287109,9.721655841064452
1732511536804343600,85.14034350585938,0.187047004699707,0.0553659133911132,9.757119953155517
1732511536814278700,85.15027856445313,0.1692401298522949,0.060603229522705,9.828048177337646
1732511536824212500,85.16021240234375,0.1662473777770996,0.0604535919189453,9.84435867614746
1732511536834147600,85.17014770507812,0.1861491790771484,0.0849941589355468,9.869048880767822
1732511536844081700,85.18008154296875,0.2190694519042968,0.1031003089904785,9.91483798751831
1732511536854016500,85.1900166015625,0.2437596565246582,0.0968155296325683,9.860070624542235
1732511536863950600,85.19995068359376,0.2362777763366699,0.1307832656860351,9.777470667266844
1732511536873885700,85.2098857421875,0.1828571517944335,0.1343745681762695,9.76789386062622
1732511536883819500,85.21981958007812,0.1387140586853027,0.1448492004394531,9.744400756835937
1732511536893754400,85.22975439453126,0.1203086334228515,0.1387140586853027,9.53790086364746
1732511536903688700,85.23968872070313,0.0891840118408203,0.1382651458740234,9.54523310623169
1732511536913623600,85.24962353515625,0.12764087600708,0.0864905349731445,9.945064783477784
1732511536923557600,85.2595576171875,0.247051683807373,0.0336684608459472,10.039037198638916
1732511536933491500,85.26949145507812,0.273238264465332,0.0332195480346679,9.937582903289794
1732511536943426600,85.27942651367188,0.2609679809570312,0.0199018013000488,9.599701194000245
1732511536953360600,85.28936059570313,0.2041056915283203,0.0347159240722656,9.478195459747312
1732511536963295500,85.29929541015625,0.1545756446838379,0.0577601150512695,9.68559317855835
1732511536973229600,85.3092294921875,0.1238999359130859,0.0576104774475097,9.877428586578368
1732511536983164700,85.31916455078125,0.1149216796875,0.0788590171813964,9.887603943634032
1732511536993098500,85.32909838867188,0.1402104347229003,0.1116296524047851,9.860669174957277
1732511537003033600,85.33903369140624,0.167893391418457,0.120009358215332,9.82565397567749
1732511537012967700,85.3489677734375,0.1981201873779296,0.1596633232116699,9.849296717071532
1732511537022902500,85.35890258789063,0.227898070526123,0.1574187591552734,9.868899243164062
1732511537032836600,85.36883666992188,0.2283469833374023,0.1646013641357421,9.83208839263916
1732511537042771500,85.378771484375,0.2335842994689941,0.153827456665039,9.82535470046997
1732511537052705500,85.38870556640624,0.2401683540344238,0.1363198570251464,9.840468098449708
1732511537062639400,85.39863940429687,0.2397194412231445,0.1249473991394043,9.830592016601562
1732511537072574700,85.40857470703125,0.2386719779968261,0.1210568214416503,9.824007962036132
1732511537082508500,85.41850854492188,0.2015618522644043,0.0825999572753906,9.797522106170652
1732511537092443400,85.428443359375,0.1779191108703613,0.081702131652832,9.782857621002195
1732511537102377700,85.43837768554687,0.1628057128906249,0.0620996055603027,9.775375740814209
1732511537112312600,85.4483125,0.1631049880981445,0.0603039543151855,9.7943797164917
1732511537122246400,85.45824633789063,0.1478419525146484,0.0480336708068847,9.792434427642824
1732511537132181800,85.468181640625,0.1698386802673339,0.0447416435241699,9.7928833404541
1732511537142115600,85.47811547851562,0.1632546257019043,0.053570262145996,9.796325005340575
1732511537152050400,85.48805053710937,0.1710357810974121,0.067636196899414,9.813982242584228
1732511537161984800,85.49798486328125,0.1907879447937011,0.0831985076904296,9.79961703262329
1732511537171919600,85.50791967773438,0.1907879447937011,0.1072901618957519,9.813533329772948
1732511537181853400,85.517853515625,0.1949777976989746,0.1328781921386718,9.828946002960205
1732511537191788800,85.52778881835937,0.194678522491455,0.1458966636657714,9.827150351715089
1732511537201722600,85.53772265625,0.2072480812072754,0.1629553504943847,9.81862100830078
1732511537211656400,85.54765649414063,0.2094926452636718,0.1654991897583007,9.76819313583374
1732511537221591600,85.55759155273438,0.222810391998291,0.1451484756469726,9.751134449005129
1732511537231525600,85.56752563476563,0.1933317840576171,0.1508347045898437,9.93444051361084
1732511537241460500,85.57746044921875,0.172981069946289,0.1384147834777832,9.84555577697754
1732511537251394600,85.58739453125,0.137217682647705,0.1048959602355956,9.583839608001709
1732511537261329700,85.59732958984375,0.1731307075500488,0.0812532188415527,9.611073651885986
1732511537271263500,85.60726342773438,0.2401683540344238,0.0395043273925781,9.862764101409912
1732511537281198600,85.61719848632812,0.2862567359924316,0.0225952781677246,9.92261914291382
1732511537291132700,85.62713256835937,0.2621650817871093,0.01271919631958,9.815179343414306
1732511537301067500,85.63706762695313,0.2217629287719726,0.0562637390136718,9.719710552215576
1732511537311001600,85.64700170898438,0.1671452033996582,0.0805050308227539,9.739462715911865
1732511537320936700,85.65693676757813,0.1511339797973632,0.120009358215332,9.822361948394777
1732511537330870500,85.66687060546874,0.1325789169311523,0.1400607971191406,9.873388371276857
1732511537340805600,85.6768056640625,0.1783680236816406,0.1478419525146484,9.86919851837158
1732511537350739500,85.68673950195313,0.1874959175109863,0.1574187591552734,9.848548529052731
1732511537360673800,85.696673828125,0.2145803237915039,0.1666962905883789,9.835679695129397
1732511537370608600,85.70660864257812,0.1994669258117675,0.1452981132507324,9.846902515411376
1732511537380542500,85.71654248046875,0.225952781677246,0.1252466743469238,9.849147079467771
1732511537390477600,85.7264775390625,0.2317886482238769,0.117465518951416,9.827898539733884
1732511537400411600,85.73641162109375,0.2328361114501953,0.079158292388916,9.7928833404541
1732511537410346500,85.74634643554687,0.2243067680358886,0.0448912811279296,9.788693487548828
1732511537420280600,85.75628051757812,0.1951274353027343,0.0278325942993164,9.80724855041504
1732511537430215700,85.76621557617187,0.1981201873779296,0.0128688339233398,9.828497090148923
1732511537440149500,85.7761494140625,0.2038064163208007,0.0396539649963378,9.8204166595459
1732511537450084600,85.78608471679688,0.1892915687561035,0.0472854827880859,9.760262342834473
1732511537460018700,85.79601879882813,0.1644517265319824,0.0296282455444335,9.724050042724608
1732511537469953500,85.80595361328125,0.1363198570251464,0.0231938285827636,9.740061266326904
1732511537479887400,85.81588745117188,0.1396118843078613,0.0237923789978027,9.765050746154785
1732511537489822700,85.82582275390625,0.1382651458740234,0.0302267959594726,9.760860893249513
1732511537499756500,85.83575659179688,0.1523310806274413,0.033818098449707,9.786149648284912
1732511537509690600,85.84569067382813,0.1521814430236816,0.0454898315429687,9.7943797164917
1732511537519625700,85.85562573242187,0.1771709228515625,0.0635959815979003,9.778667768096923
1732511537529559600,85.8655595703125,0.1758241844177246,0.0784101043701171,9.779415956115722
1732511537539494400,85.87549438476563,0.1756745468139648,0.0899321998596191,9.824307237243652
1732511537549428500,85.88542846679688,0.1804629501342773,0.0959177040100097,9.859771349334716
1732511537559363600,85.89536352539062,0.1997662010192871,0.0894832870483398,9.852439106750488
1732511537569297700,85.90529760742187,0.2142810485839843,0.0598550415039062,9.85812533569336
1732511537579232800,85.91523266601563,0.2057517051696777,0.0288800575256347,9.84555577697754
1732511537589166600,85.92516650390625,0.2141314109802246,-0.000598550415039,9.803956523132324
1732511537599101400,85.93510131835937,0.2373252395629882,-0.0468365699768066,9.775375740814209
1732511537609035500,85.94503540039062,0.2368763267517089,-0.0483329460144042,9.751134449005129
1732511537618970600,85.954970703125,0.2325368362426757,-0.0576104774475097,9.756371765136718
1732511537628904700,85.96490478515625,0.2231096672058105,-0.0465372947692871,9.757568865966796
1732511537638839600,85.97483959960938,0.192134683227539,-0.0231938285827636,9.76894132385254
1732511537648773600,85.98477368164062,0.1710357810974121,0.0041898529052734,9.788394212341307
1732511537658708500,85.99470849609375,0.1553238327026367,0.026785131072998,9.807996738433838
1732511537668642600,86.004642578125,0.1336263801574707,0.031274259185791,9.824456874847412
1732511537678576400,86.01457641601563,0.1376665954589843,0.0345662864685058,9.841964474487304
1732511537688511500,86.02451147460937,0.155772745513916,0.0207996269226074,9.822511585998535
1732511537698445600,86.03444555664062,0.1469441268920898,0.0116717330932617,9.784653272247311
1732511537708380400,86.04438037109375,0.1279401512145996,0.0133177467346191,9.745747495269775
1732511537718314800,86.05431469726562,0.1448492004394531,-0.0115220954895019,9.773430451965332
1732511537728249900,86.06424975585938,0.1520318054199218,-0.0209492645263671,9.833135855865478
1732511537738183700,86.07418359375,0.1650502769470214,-0.028730419921875,9.846902515411376
1732511537748118500,86.08411840820312,0.1654991897583007,-0.0227449157714843,9.85782606048584
1732511537758052600,86.09405249023438,0.1803133125305175,-0.0002992752075195,9.904512992858884
1732511537767987700,86.10398779296875,0.1906383071899414,0.0181061500549316,9.888202494049072
1732511537777921800,86.113921875,0.1637035385131836,0.0324713600158691,9.7928833404541
1732511537787857000,86.12385693359376,0.1330278297424316,0.0487818588256835,9.78121160736084
1732511537797790700,86.13379077148437,0.1019032081604003,0.0374094009399414,9.740659816741942
1732511537807725600,86.1437255859375,0.0863408973693847,0.0314238967895507,9.464129524993895
1732511537817659600,86.15365966796875,0.0793079299926757,0.014664485168457,9.498097261047365
1732511537827593700,86.16359375,0.1613093368530273,-0.0314238967895507,9.892841259765625
1732511537837528800,86.17352880859374,0.2677016731262207,-0.1083376251220703,10.009408953094482
1732511537847462700,86.18346264648437,0.2561795776367187,-0.1565209335327148,9.92202059249878
1732511537857397800,86.19339770507813,0.2528875503540039,-0.1666962905883789,9.629479077148437
1732511537867331800,86.20333178710938,0.227898070526123,-0.1370680450439453,9.577854103851315
1732511537877266700,86.2132666015625,0.1665466529846191,-0.1035492218017578,9.79408044128418
1732511537887200500,86.22320043945312,0.1277905136108398,-0.067636196899414,9.92725790863037
1732511537897135600,86.23313549804688,0.0805050308227539,-0.0315735343933105,9.88266590270996
1732511537907069700,86.24306958007813,0.0603039543151855,0.0200514389038085,9.771784438323976
1732511537917004500,86.25300463867187,0.0564133766174316,0.0483329460144042,9.755773214721678
1732511537926939000,86.26293896484376,0.0825999572753906,0.0659901832580566,9.792733702850342
1732511537936873700,86.27287377929687,0.0638952568054199,0.0761655403137206,9.807996738433838
1732511537946807600,86.2828076171875,0.084245970916748,0.0709282241821289,9.8319387550354
1732511537956742700,86.29274267578126,0.1086369003295898,0.0399532402038574,9.854234757995606
1732511537966676700,86.3026767578125,0.098910456085205,0.0158615859985351,9.865607215881347
1732511537976611600,86.31261157226562,0.122553197479248,-0.0158615859985351,9.861567000579834
1732511537986546000,86.3225458984375,0.1080383499145507,-0.0644938072204589,9.854234757995606
1732511537996479700,86.33247973632812,0.105943423461914,-0.1022024833679199,9.83208839263916
1732511538006414600,86.34241455078126,0.10848726272583,-0.1119289276123046,9.795127904510498
1732511538016348700,86.3523486328125,0.1044470474243164,-0.1361702194213867,9.780014506530762
1732511538026283800,86.36228369140625,0.1198597206115722,-0.1330278297424316,9.781959795379638
1732511538036217600,86.37221752929688,0.1327285545349121,-0.1240495735168457,9.752331549835205
1732511538046152700,86.38215258789063,0.1334767425537109,-0.1218050094604492,9.769090961456298
1732511538056086800,86.39208666992188,0.1210568214416503,-0.0897825622558593,9.78629928588867
1732511538066021600,86.40202172851562,0.1158195053100586,-0.0743698890686035,9.789890588378906
1732511538075955700,86.41195581054687,0.1227028350830078,-0.0429459922790527,9.798569569396973
1732511538085890800,86.42189086914063,0.0941220527648925,-0.0285807823181152,9.84555577697754
1732511538095824600,86.43182470703125,0.1083376251220703,-0.0043394905090332,9.846603240203857
1732511538105759700,86.441759765625,0.1005564697265625,-0.002543839263916,9.829843828582764
1732511538115693800,86.45169384765624,0.1204582710266113,0.0041898529052734,9.817124632263184
1732511538125628700,86.46162866210938,0.1411082603454589,0.0100257194519042,9.7162688873291
1732511538135562800,86.47156274414063,0.1521814430236816,0.0052373161315917,9.816974994659423
1732511538145497900,86.48149780273438,0.1385644210815429,-0.0124199211120605,9.966313323211669
1732511538155431700,86.491431640625,0.1171662437438964,-0.0348655616760253,9.76116016845703
1732511538165366500,86.50136645507813,0.1119289276123046,-0.0671872840881347,9.61466495437622
1732511538175300600,86.51130053710938,0.1105821891784668,-0.0739209762573242,9.667935941314695
1732511538185234700,86.52123461914063,0.1231517478942871,-0.0986111808776855,9.811139128112792
1732511538195169800,86.53116967773437,0.1228524726867675,-0.1019032081604003,9.890895970916748
1732511538205103600,86.541103515625,0.082300682067871,-0.0882861862182617,9.852289469146728
1732511538215038700,86.55103881835937,0.0615010551452636,-0.0779611915588378,9.808146376037596
1732511538224972800,86.56097290039062,0.0662894584655761,-0.0683843849182128,9.776423204040526
1732511538234907600,86.57090771484376,0.0739209762573242,-0.0438438179016113,9.80635072479248
1732511538244841700,86.580841796875,0.1096843635559082,-0.0393546897888183,9.829843828582764
1732511538254776800,86.59077685546875,0.1381155082702636,-0.0489314964294433,9.83253730545044
1732511538264710700,86.60071069335937,0.1423053611755371,-0.031274259185791,9.830442378997802
1732511538274645800,86.61064575195313,0.1657984649658203,-0.0321720848083496,9.834183319091796
1732511538284579800,86.62057983398438,0.1533785438537597,-0.0326209976196289,9.820267021942138
1732511538294514700,86.6305146484375,0.1394622467041015,-0.0553659133911132,9.813682967376709
1732511538304448500,86.64044848632813,0.1481412277221679,-0.052971711730957,9.789292037963866
1732511538314384000,86.6503837890625,0.1617582496643066,-0.0698807609558105,9.811438403320311
1732511538324317700,86.66031762695313,0.1604115112304687,-0.0748188018798828,9.811438403320311
1732511538334252500,86.67025244140625,0.1649006393432617,-0.0869394477844238,9.822960498809811
1732511538344187000,86.68018676757812,0.1640028137207031,-0.0866401725769042,9.797821381378172
1732511538354121700,86.69012182617188,0.1352723937988281,-0.0830488700866699,9.762656544494629
1732511538364055600,86.7000556640625,0.131531453704834,-0.0689829353332519,9.721506203460692
1732511538373989600,86.70998974609375,0.1156698677062988,-0.0788590171813964,9.725546418762208
1732511538383924700,86.7199248046875,0.1080383499145507,-0.0908300254821777,9.734973587799072
1732511538393858600,86.72985864257812,0.1168669685363769,-0.081702131652832,9.746346045684811
1732511538403794000,86.7397939453125,0.1204582710266113,-0.0809539436340332,9.77926631851196
1732511538413727700,86.74972778320313,0.1086369003295898,-0.0754173522949218,9.803956523132324
1732511538423662600,86.75966259765624,0.1032499465942382,-0.0776619163513183,9.853037657165526
1732511538433596700,86.7695966796875,0.0992097312927246,-0.0860416221618652,9.846154327392576
1732511538443531800,86.77953173828125,0.0924760391235351,-0.0959177040100097,9.840617736053469
1732511538453465600,86.78946557617188,0.1004068321228027,-0.0812532188415527,9.828347452545165
1732511538463400700,86.79940063476562,0.0607528671264648,-0.0802057556152343,9.81338369216919
1732511538473334800,86.80933471679687,0.0662894584655761,-0.0758662651062011,9.81188731613159
1732511538483269600,86.81926953125,0.0743698890686035,-0.0879869110107421,9.804555073547364
1732511538493203700,86.82920361328125,0.0694318481445312,-0.069581485748291,9.76864204864502
1732511538503138800,86.83913891601563,0.0881365486145019,-0.0776619163513183,9.763404732513427
1732511538513072600,86.84907275390626,0.1285387016296386,-0.0794575675964355,9.76819313583374
1732511538523007700,86.8590078125,0.143652099609375,-0.0785597419738769,9.796175367736817
1732511538532941800,86.86894189453125,0.1922843208312988,-0.0825999572753906,9.813533329772948
1732511538542875600,86.87887573242188,0.1954267105102539,-0.0831985076904296,9.79393080368042
1732511538552810800,86.88881079101563,0.1831564270019531,-0.0757166275024414,9.749638072967528
1732511538562744600,86.89874462890624,0.1671452033996582,-0.0728735130310058,9.702801502990722
1732511538572679700,86.9086796875,0.1635539009094238,-0.0954687911987304,9.702801502990722
1732511538582613800,86.91861376953125,0.1319803665161132,-0.098311905670166,9.748740247344973
1732511538592548600,86.92854858398438,0.1233013854980468,-0.1010053825378417,9.811737678527832
1732511538602482700,86.93848266601563,0.0899321998596191,-0.1108814643859863,9.80051485824585
1732511538612417800,86.94841772460937,0.0725742378234863,-0.1042974098205566,9.809642752075195
1732511538622351600,86.9583515625,0.0718260498046875,-0.112976390838623,9.87084453201294
1732511538632286700,86.96828662109375,0.067636196899414,-0.0947206031799316,9.915885450744629
1732511538642220800,86.978220703125,0.0386065017700195,-0.1092354507446289,9.846154327392576
1732511538652155600,86.98815576171874,-0.0046387657165527,-0.112976390838623,9.771185887908937
1732511538662089500,86.99808935546875,-0.0178068748474121,-0.1143231292724609,9.78151088256836
1732511538672024800,87.00802490234375,-0.0115220954895019,-0.1081879875183105,9.539247602081298
1732511538681958700,87.01795874023438,-0.0570119270324707,-0.1023521209716796,9.441085334014891
1732511538691893800,87.02789379882813,-0.0077811553955078,-0.1222539222717285,9.8587238861084
1732511538701827800,87.03782788085938,0.1656488273620605,-0.1674444786071777,10.045770890808106
1732511538711762700,87.0477626953125,0.2403179916381835,-0.1897404815673828,9.94581297149658
1732511538721696500,87.05769653320313,0.307056362915039,-0.1768716476440429,9.597157354736328
1732511538731630600,87.06763061523438,0.2748842781066894,-0.1313818161010742,9.517699787139891
1732511538741565400,87.0775654296875,0.1857002662658691,-0.0808043060302734,9.724498955535887
1732511538751499800,87.08749975585937,0.0956184288024902,-0.0558148262023925,9.88311481552124
1732511538761434600,87.0974345703125,0.0360626625061035,-0.0243909294128417,9.896731837463378
1732511538771368400,87.10736840820313,0.0184054252624511,-0.014664485168457,9.83777462158203
1732511538781303600,87.11730346679687,0.0285807823181152,0.0113724578857421,9.81996774673462
1732511538791237600,87.12723754882812,0.0468365699768066,0.0,9.840019185638427
1732511538801172500,87.13717236328125,0.0834977828979492,-0.0136170219421386,9.8442090385437
1732511538811106600,87.1471064453125,0.10848726272583,-0.0377086761474609,9.836278245544433
1732511538821041700,87.15704174804688,0.1280897888183593,-0.0534206245422363,9.837325708770752
1732511538830975500,87.1669755859375,0.1247977615356445,-0.0800561180114746,9.859771349334716
1732511538840910600,87.17691064453125,0.0890343742370605,-0.0881365486145019,9.847351428222655
1732511538850844700,87.1868447265625,0.0462380195617675,-0.1131260284423828,9.834781869506836
1732511538860779500,87.19677954101563,0.0435445426940917,-0.1204582710266113,9.81233622894287
1732511538870713600,87.20671362304688,0.0335188232421874,-0.1334767425537109,9.790339501190186
1732511538880648700,87.21664868164062,0.0380079513549804,-0.1458966636657714,9.757269590759275
1732511538890582500,87.22658251953125,0.0668880088806152,-0.1358709442138671,9.734225399780271
1732511538900517400,87.23651733398438,0.0950198783874511,-0.120607908630371,9.71596961212158
1732511538910451700,87.24645166015625,0.1268926879882812,-0.1209071838378906,9.740510179138184
1732511538920386600,87.25638647460937,0.1394622467041015,-0.088735099029541,9.7545761138916
1732511538930320400,87.2663203125,0.1369184074401855,-0.0462380195617675,9.787646024322507
1732511538940255700,87.276255859375,0.1339256553649902,-0.0284311447143554,9.789292037963866
1732511538950189600,87.286189453125,0.1222539222717285,0.0041898529052734,9.805602536773682
1732511538960123600,87.29612353515626,0.1083376251220703,0.0175075996398925,9.839420635223387
1732511538970058800,87.30605883789063,0.088735099029541,0.0297778831481933,9.848099616241454
1732511538979992600,87.31599267578125,0.0905307502746581,0.0110731826782226,9.765499658966064
1732511538989927400,87.32592749023438,0.0799064804077148,0.010175357055664,9.707290631103517
1732511538999861500,87.33586157226563,0.0836474205017089,-0.0227449157714843,9.935637614440918
1732511539009796600,87.34579663085937,0.0966658920288085,-0.0588075782775878,9.8955347366333
1732511539019730700,87.35573071289062,0.0933738647460937,-0.0896329246520996,9.6794580368042
1732511539029665500,87.36566552734375,0.118064069366455,-0.0894832870483398,9.697115274047851
1732511539039599600,87.375599609375,0.17238251953125,-0.1007061073303222,9.764302558135986
1732511539049534500,87.38553442382812,0.1801636749267578,-0.1099836387634277,9.74200655517578
1732511539059468500,87.39546850585937,0.1649006393432617,-0.1170166061401367,9.753528650665285
1732511539069403600,87.40540356445312,0.1693897674560547,-0.1089361755371093,9.8059018119812
1732511539079337500,87.41533740234375,0.1466448516845703,-0.0805050308227539,9.827299989318847
1732511539089272600,87.4252724609375,0.1430535491943359,-0.0685340225219726,9.853037657165526
1732511539099206700,87.43520654296876,0.1285387016296386,-0.0381575889587402,9.890297420501708
1732511539109141500,87.4451416015625,0.1298854400634765,-0.0305260711669921,9.87054525680542
1732511539119075600,87.45507568359375,0.1455973884582519,-0.0320224472045898,9.835829332733152
1732511539129010700,87.4650107421875,0.1288379768371582,-0.0160112236022949,9.79991630783081
1732511539138944500,87.47494458007813,0.1303343528747558,-0.0079307929992675,9.803507610321043
1732511539148879600,87.48487963867187,0.1286883392333984,-0.0097264442443847,9.789890588378906
1732511539158813400,87.4948134765625,0.1514332550048828,-0.0275333190917968,9.810839852905271
1732511539168747800,87.50474780273437,0.1494879661560058,-0.0342670112609863,9.826551801300049
1732511539178682600,87.5146826171875,0.1599625984191894,-0.0616506927490234,9.796624280548096
1732511539188616400,87.52461645507813,0.189590843963623,-0.0757166275024414,9.78674819869995
1732511539198551600,87.53455151367187,0.1859995414733886,-0.060603229522705,9.7806130569458
1732511539208485600,87.54448559570312,0.194079972076416,-0.060004679107666,9.734973587799072
1732511539218420500,87.55442041015625,0.1744774459838867,-0.0519242485046386,9.695618898010252
1732511539228354800,87.56435473632813,0.1548749198913574,-0.0317231719970703,9.64100117263794
1732511539238289700,87.57428955078124,0.1255459495544433,-0.0187047004699707,9.658209497070311
1732511539248223500,87.58422338867187,0.1252466743469238,-0.0058358665466308,9.747692784118652
1732511539258158600,87.59415869140625,0.1439513748168945,-0.0148141227722167,9.829095640563963
1732511539268092700,87.6040927734375,0.1508347045898437,-0.0294786079406738,9.874585472106933
1732511539278027500,87.61402758789062,0.1855506286621093,-0.0184054252624511,9.85632968444824
1732511539287961600,87.62396166992187,0.190189394378662,-0.0246902046203613,9.829843828582764
1732511539297896700,87.63389672851562,0.2115875717163085,-0.0323217224121093,9.82505542526245
1732511539307830500,87.64383056640625,0.2003647514343261,-0.0588075782775878,9.83238766784668
1732511539317765400,87.65376538085937,0.1889922935485839,-0.045938744354248,9.839869548034669
1732511539327699700,87.66369970703126,0.1737292579650878,-0.0573112022399902,9.835829332733152
1732511539337634600,87.67363452148437,0.1651999145507812,-0.0626981559753418,9.8319387550354
1732511539347568400,87.683568359375,0.1530792686462402,-0.0737713386535644,9.810390940093994
1732511539357503700,87.69350366210938,0.143652099609375,-0.098910456085205,9.80635072479248
1732511539367437600,87.7034375,0.1544260070800781,-0.1044470474243164,9.79991630783081
1732511539377372400,87.71337231445312,0.1623568000793457,-0.093822777557373,9.792284790039062
1732511539387306800,87.723306640625,0.1445499252319335,-0.0644938072204589,9.78674819869995
1732511539397240600,87.73324047851563,0.1693897674560547,-0.0442927307128906,9.80021558303833
1732511539407175400,87.74317553710938,0.1686415794372558,-0.019752163696289,9.797222830963134
1732511539417109500,87.75310961914063,0.1692401298522949,0.0202010765075683,9.79258406524658
1732511539427044600,87.76304467773437,0.167893391418457,0.0279822319030761,9.759065242004391
1732511539436978700,87.77297875976562,0.1581669471740722,0.0190039756774902,9.727790982818602
1732511539446913500,87.78291357421875,0.1418564483642578,0.0143652099609375,9.748141696929933
1732511539456847600,87.79284765625,0.1720832443237304,0.0079307929992675,9.797821381378172
1732511539466782500,87.80278247070312,0.1830067893981933,-0.0167594116210937,9.826252526092528
1732511539476716500,87.81271655273437,0.1813607757568359,-0.0094271690368652,9.875483297729492
1732511539486651600,87.82265161132813,0.2127846725463867,-0.0026934768676757,9.925611894989013
1732511539496585700,87.83258569335938,0.2337339370727539,0.005087678527832,9.922319867706298
1732511539506520600,87.8425205078125,0.2364274139404296,0.0113724578857421,9.871143807220458
1732511539516454400,87.85245434570312,0.2123357597351074,0.0040402153015136,9.814880068206786
1732511539526389500,87.86238940429688,0.1379658706665039,0.0261865806579589,9.809493114471437
1732511539536323600,87.87232348632813,0.0851437965393066,0.0387561393737792,9.661052611541749
1732511539546258700,87.8822587890625,0.0308253463745117,0.0353144744873046,9.424924472808838
1732511539556192500,87.89219262695312,0.0178068748474121,0.009576806640625,9.731681560516355
1732511539566127600,87.90212768554687,0.1065419738769531,-0.0474351203918457,9.993697004699706
1732511539576061400,87.9120615234375,0.1846528030395507,-0.086789810180664,10.001029247283936
1732511539585996500,87.92199658203126,0.2169745254516601,-0.0942716903686523,9.76235726928711
1732511539595930600,87.9319306640625,0.2162263374328613,-0.0652419952392578,9.488670092010498
1732511539605865500,87.94186547851562,0.1556231079101562,-0.0103249946594238,9.613318215942382
1732511539615799600,87.95179956054687,0.1176151565551757,0.0175075996398925,9.87009634399414
1732511539625733600,87.96173364257812,0.1221042846679687,0.0380079513549804,9.937582903289794
1732511539635668500,87.97166845703126,0.1282394264221191,0.0516249732971191,9.893290172576904
1732511539645602600,87.9816025390625,0.1463455764770507,0.0694318481445312,9.85064345550537
1732511539655537700,87.99153759765625,0.1846528030395507,0.0725742378234863,9.837624983978271
1732511539665471500,88.00147143554688,0.2094926452636718,0.0923264015197753,9.848997441864013
1732511539675406600,88.01140649414063,0.2326864738464355,0.0860416221618652,9.786149648284912
1732511539685340700,88.02134057617188,0.2261024192810058,0.0679354721069335,9.785102185058593
1732511539695275500,88.03127563476562,0.2118868469238281,0.0597054039001464,9.809942027282714
1732511539705209600,88.04120971679687,0.2121861221313476,0.0499789596557617,9.835380419921874
1732511539715144700,88.05114477539063,0.1620575248718261,0.0324713600158691,9.859771349334716
1732511539725078000,88.061078125,0.1511339797973632,0.0231938285827636,9.847052153015136
1732511539735013000,88.07101318359375,0.1313818161010742,0.0460883819580078,9.832986218261718
1732511539744947200,88.080947265625,0.1288379768371582,0.0281318695068359,9.803956523132324
1732511539754882000,88.09088208007813,0.1253963119506836,0.0097264442443847,9.813682967376709
1732511539764816100,88.10081616210938,0.1216553718566894,0.0071826049804687,9.823559049224851
1732511539774751200,88.11075122070312,0.1336263801574707,0.0139162971496582,9.833285493469235
1732511539784685000,88.12068505859375,0.1559223831176757,0.0240916542053222,9.791237326812745
1732511539794620200,88.1306201171875,0.163404263305664,0.0333691856384277,9.771634800720214
1732511539804554000,88.14055395507812,0.1479915901184082,0.0540191749572753,9.7943797164917
1732511539814489000,88.15048901367187,0.149338328552246,0.0722749626159667,9.809193839263916
1732511539824423200,88.16042309570312,0.149338328552246,0.0896329246520996,9.798569569396973
1732511539834358000,88.17035791015626,0.1390133338928222,0.0843956085205078,9.795127904510498
1732511539844292000,88.1802919921875,0.1523310806274413,0.0894832870483398,9.795427179718017
1732511539854227000,88.19022705078125,0.1439513748168945,0.0971148048400878,9.772382988739013
1732511539864161000,88.2001611328125,0.1720832443237304,0.0956184288024902,9.6779616607666
1732511539874096000,88.21009619140625,0.1541267318725586,0.1259948623657226,9.815328981018066
1732511539884030200,88.2200302734375,0.1505354293823242,0.1057937858581542,9.948207173156735
1732511539893965000,88.22996508789062,0.1441010124206543,0.0905307502746581,9.734375037384032
1732511539903899100,88.23989916992187,0.1464952140808105,0.0734720634460449,9.5515178855896
1732511539913833200,88.24983325195312,0.1668459281921386,0.0528220741271972,9.670779055786133
1732511539923768000,88.25976806640625,0.2479495094299316,0.03187280960083,9.88386300354004
1732511539933702000,88.26970190429688,0.2934393409729003,0.0182557876586914,9.89538509902954
1732511539943637200,88.27963720703124,0.2784755805969238,0.034416648864746,9.782408708190918
1732511539953571000,88.28957104492187,0.2009633018493652,0.0438438179016113,9.724349317932129
1732511539963506000,88.299505859375,0.153827456665039,0.0689829353332519,9.782558345794676
1732511539973440300,88.30944018554688,0.1164180557250976,0.0992097312927246,9.834033681488036
1732511539983375000,88.319375,0.1072901618957519,0.0944213279724121,9.859621711730956
1732511539993309000,88.32930883789062,0.1265934127807617,0.1119289276123046,9.848847804260254
1732511540003244300,88.33924438476562,0.1331774673461914,0.1120785652160644,9.820566297149655
1732511540013178000,88.34917822265625,0.1343745681762695,0.1307832656860351,9.803058697509766
1732511540023113000,88.35911303710938,0.1387140586853027,0.1343745681762695,9.799317757415771
1732511540033047000,88.36904711914063,0.1524807182312011,0.10848726272583,9.785251822662351
1732511540042982100,88.37898217773437,0.1692401298522949,0.0866401725769042,9.77926631851196
1732511540052916000,88.388916015625,0.1759738220214843,0.0640448944091796,9.779116680908205
1732511540062851000,88.39885107421875,0.1725321571350097,0.062548518371582,9.799317757415771
1732511540072785200,88.40878515625,0.2064998931884765,0.0662894584655761,9.817124632263184
1732511540082720000,88.41871997070312,0.203656778717041,0.072723875427246,9.81263550415039
1732511540092654000,88.42865405273437,0.2222118415832519,0.0977133552551269,9.78166052017212
1732511540102589200,88.43858911132813,0.2094926452636718,0.0885854614257812,9.75472575149536
1732511540112523000,88.44852294921876,0.1822586013793945,0.1020528457641601,9.73661960144043
1732511540122457900,88.45845776367187,0.1804629501342773,0.088735099029541,9.752032274627686
1732511540132392200,88.46839208984375,0.1584662223815917,0.0881365486145019,9.77462755279541
1732511540142327000,88.4783271484375,0.1810615005493163,0.0972644424438476,9.810390940093994
1732511540152261000,88.48826123046875,0.1695394050598144,0.1131260284423828,9.822361948394777
1732511540162196200,88.4981962890625,0.1759738220214843,0.1135749412536621,9.811737678527832
1732511540172130000,88.50813012695312,0.1752256340026855,0.1236006607055664,9.815478618621826
1732511540182064000,88.51806420898437,0.1643020889282226,0.1249473991394043,9.821015209960937
1732511540191999000,88.5279990234375,0.1786672988891601,0.1313818161010742,9.813832604980467
1732511540201933000,88.53793310546875,0.1999158386230468,0.1234510231018066,9.79333225326538
1732511540211868200,88.5478681640625,0.1867477294921875,0.1020528457641601,9.796474642944336
1732511540221802000,88.55780200195312,0.1904886695861816,0.0962169792175293,9.795127904510498
1732511540231737000,88.56773706054688,0.1714846939086914,0.0854430717468261,9.804854348754882
1732511540241671200,88.57767114257813,0.1828571517944335,0.0767640907287597,9.796923555755615
1732511540251606000,88.58760595703124,0.1643020889282226,0.1004068321228027,9.802909059906003
1732511540261540000,88.5975400390625,0.1771709228515625,0.0932242271423339,9.796923555755615
1732511540271475200,88.60747509765625,0.1987187377929687,0.1072901618957519,9.80650036239624
1732511540281409000,88.61740893554688,0.2032078659057617,0.10848726272583,9.79378116607666
1732511540291344100,88.62734423828125,0.1933317840576171,0.1156698677062988,9.762506906890868
1732511540301278200,88.6372783203125,0.1861491790771484,0.1134253036499023,9.798868844604492
1732511540311213000,88.64721313476562,0.18510171585083,0.120009358215332,9.814131880187988
1732511540321147000,88.65714697265625,0.181959326171875,0.1192611701965331,9.81263550415039
1732511540331082000,88.66708203125,0.1690904922485351,0.1072901618957519,9.82520506286621
1732511540341016000,88.67701611328125,0.1511339797973632,0.1039981346130371,9.811438403320311
1732511540350951200,88.686951171875,0.1660977401733398,0.1117792900085449,9.822361948394777
1732511540360885200,88.69688525390625,0.1625064376831054,0.0846948837280273,9.801861596679688
1732511540370820000,88.70682006835938,0.1592144104003906,0.0876876358032226,9.76160908126831
1732511540380754000,88.71675390625,0.1656488273620605,0.0935235023498535,9.721356565856931
1732511540390689000,88.72668896484375,0.1533785438537597,0.08933364944458,9.718363813781735
1732511540400623000,88.736623046875,0.1669955657958984,0.1081879875183105,9.760711255645752
1732511540410558000,88.74655786132813,0.1830067893981933,0.1062426986694335,9.827449626922608
1732511540420492300,88.7564921875,0.1813607757568359,0.1102829139709472,9.84361048812866
1732511540430427100,88.76642724609376,0.1898901191711425,0.1209071838378906,9.897480025482178
1732511540440361000,88.77636083984375,0.2346317626953125,0.1378162330627441,9.90166987838745
1732511540450296000,88.78629614257812,0.2271498825073242,0.1409586227416992,9.813832604980467
1732511540460230100,88.79623022460937,0.1924339584350586,0.1541267318725586,9.763704007720946
1732511540470165000,88.8061650390625,0.1435024620056152,0.1610100616455078,9.765200383758543
1732511540480099000,88.81609912109376,0.1039981346130371,0.1798643997192382,9.680804775238036
1732511540490034200,88.8260341796875,0.1048959602355956,0.1602618736267089,9.496600885009766
1732511540499968000,88.83596801757812,0.0917278511047363,0.1322796417236328,9.759065242004391
1732511540509902000,88.84590209960938,0.1828571517944335,0.0615010551452636,9.97933179473877
1732511540519837200,88.85583715820313,0.2588730545043945,0.0398036026000976,9.993846642303469
1732511540529771000,88.86577099609374,0.2774281173706054,0.0450409187316894,9.78704747390747
1732511540539706000,88.8757060546875,0.2501940734863281,0.0568622894287109,9.533561373138427
1732511540549640200,88.88564013671875,0.208744457244873,0.0763151779174804,9.602544308471678
1732511540559575000,88.89557495117188,0.1460463012695312,0.0803553932189941,9.810241302490232
1732511540569509000,88.90550903320313,0.1262941375732421,0.0992097312927246,9.912743061065672
1732511540579444200,88.9154443359375,0.1198597206115722,0.1010053825378417,9.862464826202393
1732511540589378000,88.9253779296875,0.1402104347229003,0.1324292793273925,9.797522106170652
1732511540599313000,88.93531298828125,0.1610100616455078,0.1550245574951171,9.802160871887208
1732511540609247000,88.9452470703125,0.1705868682861328,0.1523310806274413,9.834183319091796
1732511540619182000,88.95518212890624,0.1960252609252929,0.1690904922485351,9.83807389678955
1732511540629116200,88.9651162109375,0.1981201873779296,0.1693897674560547,9.821464122772216
1732511540639051000,88.97505102539063,0.2174234382629394,0.1680430290222168,9.835081144714357
1732511540648985000,88.98498510742188,0.2091933700561523,0.1502361541748046,9.84555577697754
1732511540658920000,88.994919921875,0.2057517051696777,0.1318307289123535,9.841964474487304
1732511540668854000,89.00485400390625,0.1767220100402832,0.1349731185913086,9.803507610321043
1732511540678789000,89.0147890625,0.1794154869079589,0.1134253036499023,9.78151088256836
1732511540688723200,89.02472314453125,0.146195938873291,0.0836474205017089,9.771335525512695
1732511540698658000,89.03465795898437,0.1324292793273925,0.0598550415039062,9.7806130569458
1732511540708592000,89.04459204101562,0.1385644210815429,0.0387561393737792,9.795427179718017
1732511540718527000,89.05452685546875,0.1387140586853027,0.0474351203918457,9.791686239624022
1732511540728461600,89.06446166992187,0.1508347045898437,0.0553659133911132,9.802909059906003
1732511540738396400,89.074396484375,0.1698386802673339,0.0840963333129882,9.7821094329834
1732511540748330200,89.08433032226563,0.1695394050598144,0.0981622680664062,9.788992762756347
1732511540758265600,89.094265625,0.1599625984191894,0.1231517478942871,9.80530326156616
1732511540768199400,89.10419946289062,0.1827075141906738,0.1593640480041503,9.828796365356444
1732511540778134300,89.11413427734375,0.1767220100402832,0.1713350563049316,9.828497090148923
1732511540788068600,89.12406860351562,0.1770212852478027,0.1671452033996582,9.826551801300049
1732511540798003500,89.13400341796876,0.1812111381530761,0.1785176612854004,9.809642752075195
1732511540807937300,89.14393725585937,0.1957259857177734,0.1792658493041992,9.744251119232176
1732511540817872600,89.15387255859375,0.1867477294921875,0.1785176612854004,9.822810861206056
1732511540827806500,89.16380639648438,0.1687912170410156,0.1647510017395019,9.936385802459716
1732511540837741300,89.1737412109375,0.1385644210815429,0.1438017372131347,9.73602105102539
1732511540847675600,89.18367553710938,0.1182137069702148,0.1240495735168457,9.55645592651367
1732511540857610500,89.19361059570312,0.1782183860778808,0.0905307502746581,9.72330185470581
1732511540867544300,89.20354443359375,0.234931037902832,0.05746083984375,9.885658654785155
1732511540877478400,89.213478515625,0.2500444358825683,0.0429459922790527,9.856628959655762
1732511540887413500,89.22341357421875,0.230441909790039,0.0526724365234375,9.752930100250245
1732511540897347300,89.23334741210938,0.1791162117004394,0.0670376464843749,9.714323598480224
1732511540907282400,89.24328247070312,0.1292868896484375,0.105344873046875,9.777171392059326
1732511540917216500,89.25321655273437,0.1144727668762207,0.1198597206115722,9.840767373657226
1732511540927151400,89.2631513671875,0.1463455764770507,0.1499368789672851,9.872490545654296
1732511540937085400,89.27308544921875,0.1572691215515136,0.1743278083801269,9.839570272827148
1732511540947020500,89.2830205078125,0.2126350349426269,0.1782183860778808,9.821464122772216
1732511540956954400,89.29295434570312,0.2341828498840331,0.1806125877380371,9.809792389678954
1732511540966889500,89.30288940429688,0.222810391998291,0.1732803451538085,9.797222830963134
1732511540976823600,89.31282348632813,0.2151788742065429,0.1574187591552734,9.792135152435302
1732511540986758400,89.32275830078125,0.2180219886779785,0.1508347045898437,9.791985514831543
1732511540996692500,89.3326923828125,0.2177227134704589,0.1324292793273925,9.811139128112792
1732511541006627600,89.34262768554687,0.1900397567749023,0.1170166061401367,9.790189863586424
1732511541016561400,89.3525615234375,0.1916857704162597,0.0917278511047363,9.802310509490969
1732511541026496500,89.36249658203126,0.2056020675659179,0.0933738647460937,9.830592016601562
1732511541036430300,89.37243041992187,0.1975216369628906,0.1069908866882324,9.803806885528564
1732511541046365400,89.38236547851562,0.1732803451538085,0.1020528457641601,9.772083713531494
1732511541056299500,89.39229956054687,0.1628057128906249,0.1283890640258789,9.725546418762208
1732511541066234400,89.402234375,0.1559223831176757,0.1212064590454101,9.721057290649414
1732511541076168400,89.41216845703126,0.1255459495544433,0.1125274780273437,9.752181912231444
1732511541086103600,89.422103515625,0.1508347045898437,0.1102829139709472,9.795277542114258
1732511541096037400,89.43203735351562,0.1641524513244628,0.1261444999694824,9.7928833404541
1732511541105972500,89.44197241210938,0.1572691215515136,0.1328781921386718,9.78674819869995
1732511541115906600,89.45190649414063,0.1907879447937011,0.134673843383789,9.80575217437744
1732511541125841400,89.46184130859375,0.1822586013793945,0.1330278297424316,9.824007962036132
1732511541135775500,89.471775390625,0.1906383071899414,0.1423053611755371,9.830292741394045
1732511541145710600,89.48171069335937,0.1807622253417968,0.1518821678161621,9.816825357055665
1732511541155644400,89.49164453125,0.1782183860778808,0.1330278297424316,9.823409411621093
1732511541165579500,89.50157958984374,0.181959326171875,0.120607908630371,9.788843125152589
1732511541175513600,89.511513671875,0.1891419311523437,0.1307832656860351,9.795427179718017
1732511541185448400,89.52144848632813,0.1889922935485839,0.0965162544250488,9.798419931793212
1732511541195382300,89.53138232421875,0.2090437324523925,0.0984615432739257,9.813832604980467
1732511541205317400,89.5413173828125,0.1985691001892089,0.1060930610656738,9.840168823242188
1732511541215251500,89.55125146484374,0.1894412063598632,0.0947206031799316,9.79946739501953
1732511541225186300,89.56118627929688,0.1693897674560547,0.1010053825378417,9.7806130569458
1732511541235120600,89.57112060546875,0.1885433807373046,0.1045966850280761,9.798270294189452
1732511541245055500,89.58105541992188,0.1731307075500488,0.105943423461914,9.794828629302978
1732511541254989300,89.5909892578125,0.1599625984191894,0.1041477722167968,9.7936315284729
1732511541264924400,89.60092431640625,0.167893391418457,0.0987608184814453,9.805003986358642
1732511541274858500,89.6108583984375,0.1666962905883789,0.1032499465942382,9.808894564056397
1732511541284792300,89.62079223632813,0.1732803451538085,0.1143231292724609,9.805602536773682
1732511541294727700,89.63072778320313,0.1868973670959472,0.0914285758972167,9.797821381378172
1732511541304662500,89.64066259765625,0.1837549774169921,0.0978629928588867,9.795277542114258
1732511541314596400,89.65059643554687,0.1792658493041992,0.0950198783874511,9.805153623962402
1732511541324530400,89.66053051757812,0.1605611488342285,0.0956184288024902,9.824007962036132
1732511541334465500,89.67046557617188,0.175524909210205,0.1013046577453613,9.829245278167724
1732511541344399400,89.6803994140625,0.1629553504943847,0.0974140800476074,9.796923555755615
1732511541354334500,89.69033447265625,0.1574187591552734,0.0999579193115234,9.753977563476562
1732511541364268500,89.7002685546875,0.1438017372131347,0.0956184288024902,9.743054018402098
1732511541374203400,89.71020336914063,0.1484405029296875,0.0933738647460937,9.779864868927
1732511541384137500,89.72013745117188,0.1526303558349609,0.0785597419738769,9.829394915771484
1732511541394072600,89.73007250976562,0.1421557235717773,0.0905307502746581,9.828796365356444
1732511541404006400,89.74000634765625,0.1650502769470214,0.0881365486145019,9.86964743118286
1732511541413941500,89.74994140625,0.1752256340026855,0.093822777557373,9.922768780517575
1732511541423875600,89.75987548828125,0.196623811340332,0.1230021102905273,9.89598364944458
1732511541433810400,89.769810546875,0.2009633018493652,0.1403600723266601,9.81996774673462
1732511541443744500,89.77974462890624,0.158316584777832,0.1457470260620117,9.782707983398437
1732511541453679600,89.7896796875,0.1134253036499023,0.1376665954589843,9.740959091949462
1732511541463613400,89.79961352539063,0.0968155296325683,0.1399111595153808,9.513809209442138
1732511541473548300,89.80954833984374,0.0604535919189453,0.1209071838378906,9.478494734954834
1732511541483482400,89.819482421875,0.074669164276123,0.0749684394836425,9.849595992279053
1732511541493417500,89.82941748046875,0.2226607543945312,0.0236427413940429,10.012401705169678
1732511541503351600,89.8393515625,0.2548328392028808,0.0008978256225585,9.938480728912351
1732511541513286400,89.84928637695313,0.2498947982788086,-0.0157119483947753,9.632621466827391
1732511541523220500,89.85922045898438,0.2211643783569336,0.0246902046203613,9.534159923553466
1732511541533155300,89.8691552734375,0.1611596992492675,0.0582090278625488,9.747393508911133
1732511541543089400,89.87908935546875,0.1291372520446777,0.0846948837280273,9.910049584197996
1732511541553024500,89.8890244140625,0.0954687911987304,0.1051952354431152,9.923068055725096
1732511541562958600,89.89895849609375,0.1019032081604003,0.1479915901184082,9.814580792999267
1732511541572893400,89.9088935546875,0.1025017585754394,0.1716343315124511,9.791087689208984
1732511541582827500,89.91882763671875,0.120607908630371,0.1726817947387695,9.820715934753418
1732511541592762400,89.92876245117188,0.127042325592041,0.177470198059082,9.846004689788815
1732511541602696400,89.93869653320313,0.1300350776672363,0.172981069946289,9.841216286468503
1732511541612631600,89.94863159179687,0.1376665954589843,0.146195938873291,9.8204166595459
1732511541622565600,89.95856567382812,0.1629553504943847,0.1162684181213378,9.815179343414306
1732511541632500500,89.96850048828125,0.1616086120605468,0.1002571945190429,9.81862100830078
1732511541642434300,89.97843432617188,0.1604115112304687,0.0787093795776367,9.81862100830078
1732511541652369400,89.98836938476562,0.1268926879882812,0.0468365699768066,9.81877064590454
1732511541662303500,89.99830346679687,0.1019032081604003,0.0356137496948242,9.841216286468503
1732511541672238300,90.00823828125,0.0761655403137206,0.0187047004699707,9.840468098449708
1732511541682172400,90.01817236328125,0.0679354721069335,0.0071826049804687,9.807996738433838
1732511541692107500,90.028107421875,0.0872387229919433,0.009576806640625,9.773280814361572
1732511541702041300,90.03804125976562,0.0969651672363281,0.0243909294128417,9.772233351135254
1732511541711976400,90.0479765625,0.1153705924987792,0.0330699104309082,9.771634800720214
1732511541721910000,90.05790991210938,0.1274912384033203,0.0552162757873535,9.789890588378906
1732511541731845000,90.06784521484374,0.1286883392333984,0.0903811126708984,9.789441675567629
1732511541741779200,90.077779296875,0.1150713172912597,0.1143231292724609,9.810540577697754
1732511541751714000,90.08771411132813,0.1179144317626953,0.1177647941589355,9.8319387550354
1732511541761648000,90.09764819335938,0.1201589958190917,0.1312321784973144,9.84450831375122
1732511541771583000,90.1075830078125,0.1095347259521484,0.1439513748168945,9.841066648864745
1732511541781517000,90.11751708984374,0.1041477722167968,0.1482908653259277,9.78719711151123
1732511541791452200,90.1274521484375,0.112976390838623,0.1421557235717773,9.804704711151125
1732511541801386200,90.13738623046876,0.1262941375732421,0.1280897888183593,9.969904625701904
1732511541811321000,90.14732104492188,0.0999579193115234,0.0944213279724121,9.7821094329834
1732511541821255000,90.1572548828125,0.0909796630859375,0.0905307502746581,9.58892728652954
1732511541831190000,90.16718994140624,0.1195604454040527,0.0709282241821289,9.623643210601806
1732511541841124000,90.1771240234375,0.1520318054199218,0.0333691856384277,9.754426476287842
1732511541851059000,90.18705883789065,0.1640028137207031,0.0047884033203125,9.877877499389648
1732511541860993000,90.19699291992188,0.1364694946289062,0.0133177467346191,9.851391643524169
1732511541870928100,90.20692822265624,0.1339256553649902,0.0122702835083007,9.814580792999267
1732511541880862000,90.21686206054687,0.1113303771972656,0.0421978042602539,9.7936315284729
1732511541890796300,90.22679638671876,0.0942716903686523,0.069581485748291,9.808595288848876
1732511541900731100,90.23673120117188,0.0948702407836914,0.0843956085205078,9.820566297149655
1732511541910665000,90.2466650390625,0.1114800148010253,0.1026513961791992,9.841216286468503
1732511541920600000,90.25660009765625,0.1342249305725097,0.1134253036499023,9.849147079467771
1732511541930534100,90.2665341796875,0.1291372520446777,0.1176151565551757,9.838672447204589
1732511541940469000,90.27646899414064,0.1541267318725586,0.1102829139709472,9.81996774673462
1732511541950403000,90.28640307617188,0.1470937644958496,0.1179144317626953,9.791536602020264
1732511541960338200,90.29633813476562,0.1482908653259277,0.1101332763671874,9.78121160736084
1732511541970272000,90.30627197265623,0.144250650024414,0.0911293006896972,9.78689783630371
1732511541980206800,90.31620678710938,0.1560720207214355,0.0734720634460449,9.80530326156616
1732511541990141200,90.32614111328124,0.1421557235717773,0.0618003303527832,9.822960498809811
1732511542000076000,90.33607592773436,0.1384147834777832,0.0514753356933593,9.813084416961669
1732511542010010000,90.34601000976562,0.1423053611755371,0.0576104774475097,9.810241302490232
1732511542019945200,90.3559453125,0.1185129821777343,0.05102642288208,9.772083713531494
1732511542029879000,90.36587915039064,0.1093850883483886,0.0516249732971191,9.721955116271973
1732511542039814000,90.37581396484374,0.0882861862182617,0.0655412704467773,9.726444244384766
1732511542049748200,90.38574829101564,0.1036988594055175,0.0728735130310058,9.737367789459228
1732511542059683000,90.39568310546876,0.1011550201416015,0.0661398208618164,9.738415252685549
1732511542069617200,90.4056171875,0.0960673416137695,0.052971711730957,9.777470667266844
1732511542079552300,90.41555224609375,0.1086369003295898,0.0549170005798339,9.81263550415039
1732511542089486000,90.42548608398438,0.1288379768371582,0.0689829353332519,9.795127904510498
1732511542099421000,90.4354208984375,0.1086369003295898,0.0884358238220214,9.78629928588867
1732511542109355000,90.44535498046876,0.1282394264221191,0.0888847366333007,9.784054721832277
1732511542119290000,90.4552900390625,0.125097036743164,0.0857423469543457,9.809792389678954
1732511542129224000,90.46522387695312,0.1268926879882812,0.0836474205017089,9.8181720954895
1732511542139159000,90.47515893554689,0.1294365272521972,0.0975637176513671,9.797073193359374
1732511542149093000,90.48509301757812,0.1316810913085937,0.1025017585754394,9.802160871887208
1732511542159028000,90.49502807617188,0.1289876144409179,0.0703296737670898,9.781959795379638
1732511542168962000,90.50496215820311,0.1424549987792968,0.0686836601257324,9.78779566192627
1732511542178897200,90.51489721679688,0.1354220314025878,0.0646434448242187,9.797222830963134
1732511542188831000,90.5248310546875,0.1355716690063476,0.0622492431640624,9.81278514175415
1732511542198766000,90.53476611328124,0.1421557235717773,0.0601543167114257,9.79408044128418
1732511542208700200,90.5447001953125,0.1262941375732421,0.0486322212219238,9.78674819869995
1732511542218635000,90.55463500976562,0.1167173309326171,0.0384568641662597,9.809044201660155
1732511542228569000,90.56456909179688,0.110432551574707,0.0546177253723144,9.822212310791016
1732511542238504200,90.57450415039062,0.1364694946289062,0.0646434448242187,9.807398188018798
1732511542248438000,90.58443798828124,0.1062426986694335,0.0567126518249511,9.772981539154053
1732511542258373000,90.594373046875,0.1273416007995605,0.0643441696166992,9.749189160156249
1732511542268307000,90.60430688476562,0.1083376251220703,0.0710778617858886,9.73048445968628
1732511542278242000,90.61424194335936,0.1074397994995117,0.0477343955993652,9.773729727172851
1732511542288176000,90.62417602539062,0.0914285758972167,0.0418985290527343,9.81951883392334
1732511542298111000,90.63411108398438,0.0709282241821289,0.0432452674865722,9.815628256225583
1732511542308045000,90.64404516601564,0.0588075782775878,0.0493804092407226,9.823708686828612
1732511542317980200,90.65398022460936,0.0760159027099609,0.0436941802978515,9.873687646484374
1732511542327914000,90.6639140625,0.0978629928588867,0.0622492431640624,9.929352835083009
1732511542337849000,90.67384912109377,0.112976390838623,0.0821510444641113,9.871293444824218
1732511542347783200,90.683783203125,0.0824503196716308,0.0834977828979492,9.77447791519165
1732511542357718000,90.69371801757812,0.0607528671264648,0.0980126304626464,9.752780462646484
1732511542367652000,90.70365209960936,0.060603229522705,0.0748188018798828,9.565284545135498
1732511542377587200,90.71358715820313,0.0252887550354003,0.0942716903686523,9.41699367980957
1732511542387521000,90.72352099609375,-0.0022445640563964,0.053570262145996,9.763704007720946
1732511542397456100,90.7334560546875,0.1022024833679199,-0.0227449157714843,10.029310754394531
1732511542407390200,90.74339013671874,0.1692401298522949,-0.0538695373535156,10.001927072906494
1732511542417325000,90.75332495117188,0.1955763481140136,-0.0740706138610839,9.699060562896728
1732511542427259000,90.7632587890625,0.1649006393432617,-0.043993455505371,9.539097964477538
1732511542437194000,90.77319409179688,0.0942716903686523,0.0173579620361328,9.735123225402832
1732511542447128000,90.78312817382812,0.0421978042602539,0.0471358451843261,9.903166254425049
1732511542457063000,90.79306298828124,0.0034416648864746,0.086789810180664,9.912443785858152
1732511542466997200,90.80299731445312,0.0125695587158203,0.1074397994995117,9.81921955871582
1732511542476932000,90.81293212890624,0.0097264442443847,0.1352723937988281,9.796923555755615
1732511542486866000,90.82286596679688,0.0623988807678222,0.146195938873291,9.810989490509032
1732511542496801000,90.83280102539062,0.1005564697265625,0.1243488487243652,9.826851076507568
1732511542506735000,90.84273510742187,0.1114800148010253,0.0953191535949707,9.808146376037596
1732511542516670000,90.852669921875,0.1098340011596679,0.0691325729370117,9.81921955871582
1732511542526604300,90.86260424804688,0.0908300254821777,0.05746083984375,9.83253730545044
1732511542536539100,90.8725390625,0.0668880088806152,0.0356137496948242,9.842263749694824
1732511542546473000,90.88247290039062,0.0324713600158691,0.0188543380737304,9.814431155395509
1732511542556408000,90.89240795898438,0.0320224472045898,0.022296002960205,9.803956523132324
1732511542566342100,90.90234204101564,-0.0034416648864746,0.0026934768676757,9.786598561096191
1732511542576277000,90.91227709960935,-0.0002992752075195,-0.0043394905090332,9.760860893249513
1732511542586211000,90.92221118164062,0.0269347686767578,-0.0215478149414062,9.740510179138184
1732511542596146200,90.93214624023436,0.0377086761474609,-0.0371101257324218,9.76774422302246
1732511542606080000,90.942080078125,0.0656909080505371,-0.0200514389038085,9.773280814361572
1732511542616014800,90.95201489257812,0.0703296737670898,0.0115220954895019,9.786149648284912
1732511542625949200,90.96194921875,0.0740706138610839,0.0412999786376953,9.797671743774414
1732511542635884000,90.97188403320312,0.0730231506347656,0.0592564910888671,9.790489138793944
1732511542645818000,90.98181811523438,0.0679354721069335,0.0921767639160156,9.776273566436767
1732511542655753200,90.99175317382812,0.0628477935791015,0.120009358215332,9.817872820281982
1732511542665687000,91.00168701171874,0.0508767852783203,0.1165676933288574,9.827898539733884
1732511542675622000,91.01162182617188,0.0315735343933105,0.1237502983093261,9.755773214721678
1732511542685556200,91.02155615234376,0.0227449157714843,0.1156698677062988,9.71731635055542
1732511542695491000,91.03149096679688,0.0609025047302246,0.1002571945190429,9.945064783477784
1732511542705425200,91.04142504882812,0.084245970916748,0.0755669898986816,9.874136559295652
1732511542715360300,91.0513603515625,0.0514753356933593,0.0537198997497558,9.649530516052245
1732511542725294300,91.06129443359374,0.0730231506347656,0.0365115753173828,9.6649431892395
1732511542735229200,91.07122924804688,0.1116296524047851,0.0381575889587402,9.784353997039794
1732511542745163500,91.08116357421876,0.1004068321228027,0.0392050521850585,9.75652140274048
1732511542755098400,91.09109838867188,0.0649427200317382,0.0498293220520019,9.74185691757202
1732511542765032200,91.1010322265625,0.0508767852783203,0.0567126518249511,9.816974994659423
1732511542774967600,91.11096752929689,0.0562637390136718,0.034416648864746,9.861118087768554
1732511542784901400,91.1209013671875,0.0706289489746093,0.0390554145812988,9.872789820861817
1732511542794836200,91.13083618164065,0.1080383499145507,0.0516249732971191,9.853336932373049
1732511542804770600,91.1407705078125,0.1150713172912597,0.0885854614257812,9.848847804260254
1732511542814705400,91.15070532226562,0.1234510231018066,0.1026513961791992,9.834183319091796
1732511542824639200,91.16063916015624,0.1267430503845214,0.1228524726867675,9.810989490509032
1732511542834574300,91.17057421875,0.1069908866882324,0.139761521911621,9.790788414001463
1732511542844508400,91.18050830078126,0.0993593688964843,0.1379658706665039,9.776572841644288
1732511542854443300,91.190443359375,0.12764087600708,0.1125274780273437,9.78629928588867
1732511542864377300,91.20037744140625,0.1312321784973144,0.0920271263122558,9.796325005340575
1732511542874312400,91.2103125,0.1354220314025878,0.0836474205017089,9.808146376037596
1732511542884246300,91.22024633789064,0.137217682647705,0.0671872840881347,9.804704711151125
1732511542894181400,91.23018139648435,0.1231517478942871,0.0513256980895996,9.796923555755615
1732511542904115500,91.24011547851562,0.1303343528747558,0.048482583618164,9.784204359436034
1732511542914050300,91.25005029296877,0.1147720420837402,0.05746083984375,9.759364517211914
1732511542923984400,91.259984375,0.0869394477844238,0.0815524940490722,9.726444244384766
1732511542933919500,91.26991943359376,0.0688332977294921,0.0911293006896972,9.705943892669676
1732511542943853300,91.27985327148436,0.0673369216918945,0.0969651672363281,9.752032274627686
1732511542953788200,91.2897880859375,0.0604535919189453,0.0852934341430664,9.791835877227784
1732511542963722500,91.29972241210938,0.079756842803955,0.0872387229919433,9.805602536773682
1732511542973657300,91.3096572265625,0.1036988594055175,0.0968155296325683,9.816675719451904
1732511542983591400,91.31959130859374,0.0974140800476074,0.1158195053100586,9.801861596679688
1732511542993526500,91.32952661132812,0.1068412490844726,0.1137245788574218,9.795127904510498
1732511543003460400,91.33946044921876,0.1273416007995605,0.1095347259521484,9.800814133453368
1732511543013395200,91.34939526367188,0.1119289276123046,0.1207575462341308,9.789142400360106
1732511543023329300,91.35932934570312,0.1294365272521972,0.1195604454040527,9.789890588378906
1732511543033264400,91.36926440429689,0.1146224044799804,0.1183633445739746,9.80620108718872
1732511543043198500,91.37919848632812,0.1385644210815429,0.1168669685363769,9.798120656585692
1732511543053133300,91.38913330078124,0.1280897888183593,0.1013046577453613,9.792434427642824
1732511543063067400,91.3990673828125,0.1330278297424316,0.1111807395935058,9.809493114471437
1732511543073002200,91.40900219726562,0.1529296310424804,0.1066916114807128,9.775974291229248
1732511543082936300,91.41893627929689,0.1445499252319335,0.1019032081604003,9.791835877227784
1732511543092871400,91.42887133789064,0.1318307289123535,0.1074397994995117,9.8181720954895
1732511543102805500,91.43880541992188,0.1499368789672851,0.1147720420837402,9.81877064590454
1732511543112740400,91.448740234375,0.1280897888183593,0.1022024833679199,9.800814133453368
1732511543122674400,91.45867431640625,0.1182137069702148,0.1047463226318359,9.75472575149536
1732511543132609300,91.468609375,0.1191115325927734,0.0899321998596191,9.737966339874268
1732511543142543400,91.47854345703124,0.112976390838623,0.0805050308227539,9.77492682800293
1732511543152478500,91.488478515625,0.1188122573852539,0.0704793113708496,9.820865572357176
1732511543162412300,91.49841235351562,0.1056441482543945,0.0757166275024414,9.835530057525634
1732511543172347400,91.50834741210936,0.1134253036499023,0.0924760391235351,9.85124200592041
1732511543182281200,91.51828125,0.1194108078002929,0.0980126304626464,9.896282924652098
1732511543192216300,91.52821630859376,0.1387140586853027,0.1228524726867675,9.8947865486145
1732511543202150400,91.538150390625,0.1479915901184082,0.1388636962890625,9.82610288848877
1732511543212085500,91.54808544921876,0.0956184288024902,0.1526303558349609,9.77402900238037
1732511543222019300,91.55801928710936,0.0685340225219726,0.1604115112304687,9.727940620422364
1732511543231954400,91.56795434570311,0.0585083030700683,0.1607107864379882,9.481487487030028
1732511543241888300,91.57788818359376,0.0276829566955566,0.1496376037597656,9.471910680389405
1732511543251823400,91.5878232421875,0.0544680877685546,0.1050455978393554,9.888202494049072
1732511543261757400,91.59775732421876,0.1849520782470703,0.0275333190917968,10.041880313110353
1732511543271692300,91.6076923828125,0.2286462585449218,0.0002992752075195,9.96032781906128
1732511543281626400,91.61762646484377,0.2275987953186035,-0.0128688339233398,9.620051908111572
1732511543291561500,91.6275615234375,0.1852513534545898,0.0149637603759765,9.566930558776855
1732511543301495300,91.63749536132812,0.1038484970092773,0.0739209762573242,9.789441675567629
1732511543311430400,91.64743041992188,0.0836474205017089,0.0778115539550781,9.935188701629638
1732511543321364500,91.65736450195313,0.0800561180114746,0.1087865379333496,9.892691622161864
1732511543331299300,91.66729931640624,0.0784101043701171,0.1367687698364257,9.782707983398437
1732511543341233200,91.67723315429689,0.1113303771972656,0.1714846939086914,9.784653272247311
1732511543351168500,91.68716845703123,0.1427542739868164,0.1789665740966796,9.83134020462036
1732511543361102300,91.69710229492188,0.1858499038696289,0.1565209335327148,9.839121360015868
1732511543371037400,91.70703735351564,0.1867477294921875,0.146195938873291,9.808595288848876
1732511543380971500,91.71697143554688,0.2044049667358398,0.1236006607055664,9.80724855041504
1732511543390906400,91.72690625,0.172981069946289,0.1183633445739746,9.835978970336914
1732511543400840200,91.73684008789064,0.1494879661560058,0.1031003089904785,9.841665199279785
1732511543410775300,91.746775390625,0.134673843383789,0.0697311233520507,9.834632231903075
1732511543420709400,91.75670947265624,0.0903811126708984,0.0776619163513183,9.782558345794676
1732511543430644200,91.76664428710936,0.0523731613159179,0.0547673629760742,9.7675945854187
1732511543440578600,91.77657861328125,0.0465372947692871,0.0368108505249023,9.7560724899292
1732511543450513400,91.78651342773438,0.0430956298828125,0.0062847793579101,9.759364517211914
1732511543460447200,91.796447265625,0.0495300468444824,-0.0122702835083007,9.773430451965332
1732511543470382300,91.80638232421876,0.0583586654663085,0.0074818801879882,9.788693487548828
1732511543480316400,91.81631640625,0.088735099029541,0.0037409400939941,9.818321733093262
1732511543490251300,91.82625122070311,0.0986111808776855,0.031274259185791,9.816376444244383
1732511543500185300,91.83618530273438,0.1553238327026367,0.0649427200317382,9.80665
1732511543510120400,91.84612036132812,0.1291372520446777,0.105344873046875,9.799018482208252
1732511543520054300,91.85605419921876,0.1430535491943359,0.1122282028198242,9.834183319091796
1732511543529989400,91.8659892578125,0.1527799934387207,0.1352723937988281,9.84361048812866
1732511543539923500,91.87592333984377,0.1478419525146484,0.1394622467041015,9.852588744354248
1732511543549858300,91.8858583984375,0.156371295928955,0.1452981132507324,9.763255094909669
1732511543559792400,91.89579248046876,0.1547252822875976,0.1439513748168945,9.745148944854735
1732511543569727500,91.9057275390625,0.149338328552246,0.1297358024597167,9.976787955474853
1732511543579661300,91.91566137695312,0.1349731185913086,0.0972644424438476,9.852139831542967
1732511543589596200,91.92559619140626,0.1212064590454101,0.0603039543151855,9.644742112731931
1732511543599530500,91.93553051757812,0.1328781921386718,0.0407014282226562,9.60179612045288
1732511543609465300,91.94546533203123,0.1607107864379882,0.0097264442443847,9.686341366577148
1732511543619399400,91.9553994140625,0.1770212852478027,-0.0007481880187988,9.824007962036132
1732511543629334500,91.96533447265624,0.1734299827575683,0.005087678527832,9.837026433563231
1732511543639268400,91.97526831054688,0.1649006393432617,0.0148141227722167,9.760561618041992
1732511543649203200,91.985203125,0.1500865165710449,0.043394905090332,9.783456171417235
1732511543659137300,91.99513720703123,0.1345242057800293,0.0671872840881347,9.84540613937378
1732511543669072400,92.005072265625,0.1197100830078125,0.098910456085205,9.884311916351315
1732511543679006500,92.01500634765624,0.1363198570251464,0.1159691429138183,9.866205766296384
1732511543688941600,92.02494165039064,0.1623568000793457,0.144250650024414,9.846453602600096
1732511543698875400,92.03487548828124,0.1839046150207519,0.1343745681762695,9.814880068206786
1732511543708810200,92.04481030273438,0.1804629501342773,0.1349731185913086,9.803507610321043
1732511543718744300,92.05474438476564,0.1791162117004394,0.1310825408935546,9.815179343414306
1732511543728679700,92.0646796875,0.1961748985290527,0.1114800148010253,9.809792389678954
1732511543738613500,92.07461352539065,0.1981201873779296,0.088735099029541,9.80724855041504
1732511543748548600,92.08454858398436,0.1990180130004882,0.0724246002197265,9.787496386718749
1732511543758482700,92.09448266601562,0.1812111381530761,0.0576104774475097,9.799317757415771
1732511543768417500,92.10441748046875,0.1874959175109863,0.0365115753173828,9.797372468566897
1732511543778351600,92.1143515625,0.1928828712463378,0.0591068534851074,9.773879364776612
1732511543788286700,92.12428662109374,0.1728314323425293,0.0480336708068847,9.73587141342163
1732511543798220500,92.13422045898436,0.1309329032897949,0.0646434448242187,9.720907653045654
1732511543808155600,92.14415576171876,0.1102829139709472,0.0546177253723144,9.732878661346437
1732511543818089700,92.15408984375,0.0830488700866699,0.0619499679565429,9.795127904510498
1732511543828024600,92.16402465820312,0.0908300254821777,0.0686836601257324,9.794529354095458
1732511543837958700,92.17395874023435,0.1201589958190917,0.0794575675964355,9.809044201660155
1732511543847893800,92.18389379882812,0.1481412277221679,0.0849941589355468,9.836278245544433
1732511543857827600,92.19382763671877,0.1698386802673339,0.0999579193115234,9.820117384338378
1732511543867762700,92.2037626953125,0.2139817733764648,0.107888712310791,9.80575217437744
1732511543877696500,92.21369653320312,0.2102408332824707,0.122553197479248,9.789292037963866
1732511543887631600,92.22363159179687,0.2347814002990722,0.1352723937988281,9.797222830963134
1732511543897565700,92.23356567382812,0.2338835746765136,0.1123778404235839,9.817423907470705
1732511543907500500,92.24350048828126,0.2211643783569336,0.1045966850280761,9.813682967376709
1732511543917434600,92.2534345703125,0.2178723510742187,0.1077390747070312,9.81996774673462
1732511543927369500,92.26336938476562,0.2133832229614257,0.1050455978393554,9.810390940093994
1732511543937303600,92.27330346679688,0.2041056915283203,0.0981622680664062,9.826252526092528
1732511543947238700,92.28323876953124,0.2210147407531738,0.0896329246520996,9.822212310791016
1732511543957172700,92.2931728515625,0.2057517051696777,0.0911293006896972,9.80665
1732511543967107600,92.30310766601562,0.1948281600952148,0.0715267745971679,9.808744926452636
1732511543977041700,92.31304174804689,0.1843535278320312,0.0992097312927246,9.789441675567629
1732511543986976500,92.3229765625,0.1345242057800293,0.0811035812377929,9.7806130569458
1732511543996910600,92.33291064453124,0.1379658706665039,0.0794575675964355,9.782558345794676
1732511544006845700,92.342845703125,0.1551741950988769,0.0728735130310058,9.787945299530028
1732511544016779800,92.35277978515624,0.1430535491943359,0.0849941589355468,9.805153623962402
1732511544026714600,92.36271459960938,0.1762730972290039,0.0971148048400878,9.814730430603026
1732511544036648400,92.3726484375,0.1681926666259765,0.0968155296325683,9.835230782318115
1732511544046583600,92.38258349609374,0.1732803451538085,0.1183633445739746,9.837026433563231
1732511544056517600,92.392517578125,0.1973719993591308,0.1412578979492187,9.813982242584228
1732511544066452500,92.40245239257813,0.1858499038696289,0.1363198570251464,9.7806130569458
1732511544076386800,92.41238671875,0.1868973670959472,0.1156698677062988,9.719710552215576
1732511544086321700,92.42232177734375,0.1756745468139648,0.093822777557373,9.726144969177245
1732511544096255500,92.43225537109376,0.1798643997192382,0.0921767639160156,9.764452195739745
1732511544106190600,92.44219067382812,0.16594810256958,0.0848445213317871,9.795427179718017
1732511544116124700,92.45212475585936,0.144250650024414,0.0706289489746093,9.804255798339844
1732511544126059500,92.4620595703125,0.1574187591552734,0.0724246002197265,9.847800341033937
1732511544135993600,92.47199365234376,0.1873462799072265,0.0923264015197753,9.884162278747558
1732511544145928700,92.4819287109375,0.1927332336425781,0.1051952354431152,9.835679695129397
1732511544155862500,92.49186254882812,0.1623568000793457,0.1161187805175781,9.790638776397705
1732511544165797600,92.50179760742188,0.1207575462341308,0.1322796417236328,9.791087689208984
1732511544175731700,92.51173168945311,0.0879869110107421,0.1669955657958984,9.698910925292967
1732511544185666600,92.52166650390625,0.0947206031799316,0.1590647727966308,9.46128641052246
1732511544195600400,92.53160034179687,0.0748188018798828,0.1545756446838379,9.712827222442629
1732511544205535700,92.54153564453124,0.1693897674560547,0.1093850883483886,9.999083958435058
1732511544215469600,92.55146948242188,0.2751835533142089,0.072125325012207,10.019584310150146
1732511544225404400,92.561404296875,0.2964320930480957,0.0573112022399902,9.808744926452636
1732511544235338800,92.5713388671875,0.299424845123291,0.0418985290527343,9.53086789627075
1732511544245273600,92.58127368164062,0.220865103149414,0.0700303985595703,9.575310264587404
1732511544255207400,92.59120751953124,0.1427542739868164,0.0808043060302734,9.790189863586424
1732511544265142800,92.60114282226564,0.0932242271423339,0.0908300254821777,9.893888722991942
1732511544275076600,92.61107666015624,0.0899321998596191,0.1134253036499023,9.88954923248291
1732511544285011500,92.62101147460938,0.10848726272583,0.1255459495544433,9.79303297805786
1732511544294945800,92.63094580078123,0.1343745681762695,0.1490390533447265,9.7943797164917
1732511544304880600,92.64088061523438,0.1616086120605468,0.1502361541748046,9.843909763336182
1732511544314814500,92.650814453125,0.1933317840576171,0.1638531761169433,9.860220262145996
1732511544324749800,92.66074975585936,0.2002151138305664,0.1761234596252441,9.845256501770018
1732511544334683600,92.67068359375,0.2367266891479492,0.1587654975891113,9.835230782318115
1732511544344618500,92.68061840820312,0.2364274139404296,0.1258452247619629,9.858424610900878
1732511544354552600,92.69055249023438,0.2262520568847656,0.1194108078002929,9.862015913391112
1732511544364487700,92.70048779296874,0.2401683540344238,0.1081879875183105,9.83747534637451
1732511544374421500,92.71042138671876,0.2172738006591796,0.1011550201416015,9.807547825622558
1732511544384356600,92.72035668945313,0.1993172882080078,0.0884358238220214,9.765200383758543
1732511544394290700,92.73029077148438,0.1874959175109863,0.0667383712768554,9.769988787078857
1732511544404225500,92.7402255859375,0.1702875930786132,0.0677858345031738,9.791835877227784
1732511544414159600,92.75015966796876,0.178068748474121,0.0668880088806152,9.791536602020264
1732511544424094700,92.7600947265625,0.1669955657958984,0.0610521423339843,9.771485163116454
1732511544434028500,92.77002856445311,0.1192611701965331,0.0854430717468261,9.783456171417235
1732511544443963600,92.77996362304688,0.1227028350830078,0.1105821891784668,9.777620304870604
1732511544453898800,92.78989868164062,0.1334767425537109,0.1212064590454101,9.796773918151857
1732511544463832600,92.79983251953124,0.1237502983093261,0.1342249305725097,9.81338369216919
1732511544473767400,92.80976733398435,0.1277905136108398,0.1369184074401855,9.843311212921142
1732511544483701800,92.81970166015626,0.146195938873291,0.1331774673461914,9.855282221221923
1732511544493636600,92.82963671875,0.1693897674560547,0.1426046363830566,9.835530057525634
1732511544503570400,92.8395703125,0.1690904922485351,0.1499368789672851,9.750984811401366
1732511544513505800,92.849505859375,0.1839046150207519,0.1696890426635742,9.783905084228516
1732511544523439600,92.85943969726564,0.1840542526245117,0.1595136856079101,9.94701007232666
1732511544533374500,92.86937451171876,0.1711854187011718,0.1475426773071289,9.790040225982665
1732511544543308800,92.87930883789062,0.1427542739868164,0.1333271049499511,9.549722234344484
1732511544553243600,92.88924365234377,0.1804629501342773,0.1207575462341308,9.625289224243163
1732511544563177500,92.89917749023438,0.2530371879577636,0.086789810180664,9.840617736053469
1732511544573112800,92.90911279296876,0.292391877746582,0.0688332977294921,9.884162278747558
1732511544583046700,92.91904663085936,0.2696469619750976,0.0718260498046875,9.778967043304442
1732511544592981500,92.9289814453125,0.2051531547546386,0.0698807609558105,9.717914900970458
1732511544602915600,92.93891552734377,0.170437230682373,0.098311905670166,9.749937348175049
1732511544612850700,92.9488505859375,0.1274912384033203,0.0995090065002441,9.820715934753418
1732511544622784500,92.95878442382812,0.1177647941589355,0.1054945106506347,9.874585472106933
1732511544632719600,92.9687197265625,0.1340752929687499,0.1222539222717285,9.864260477447507
1732511544642653700,92.97865380859376,0.1586158599853515,0.1218050094604492,9.834781869506836
1732511544652588500,92.98858862304688,0.1891419311523437,0.1448492004394531,9.810241302490232
1732511544662522600,92.99852270507812,0.2130839477539062,0.1411082603454589,9.804255798339844
1732511544672457700,93.00845776367188,0.2133832229614257,0.1258452247619629,9.803507610321043
1732511544682391600,93.0183916015625,0.2388216156005859,0.1408089851379394,9.777470667266844
1732511544692326700,93.02832666015624,0.2171241630554199,0.1069908866882324,9.795277542114258
1732511544702260700,93.0382607421875,0.1886930183410644,0.1152209548950195,9.794828629302978
1732511544712195600,93.04819555664062,0.1705868682861328,0.107888712310791,9.810839852905271
1732511544722129700,93.05812963867189,0.1622071624755859,0.0962169792175293,9.828796365356444
1732511544732064500,93.068064453125,0.1702875930786132,0.112976390838623,9.821763397979735
1732511544741998600,93.07799853515624,0.1484405029296875,0.111031101989746,9.80605144958496
1732511544751933700,93.08793359375,0.1267430503845214,0.1007061073303222,9.762955819702148
1732511544761867500,93.09786743164062,0.1382651458740234,0.0984615432739257,9.721955116271973
1732511544771802600,93.107802734375,0.1384147834777832,0.0845452461242675,9.751134449005129
1732511544781736700,93.11773681640624,0.1683423042297363,0.0748188018798828,9.778368492889404
1732511544791671600,93.12767163085938,0.1788169364929199,0.0834977828979492,9.785102185058593
1732511544801605400,93.13760546875,0.2066495307922363,0.1072901618957519,9.809343476867674
1732511544811540500,93.14754052734376,0.2255038688659668,0.1072901618957519,9.814580792999267
1732511544821474600,93.157474609375,0.2162263374328613,0.1137245788574218,9.81847137069702
1732511544831409700,93.16740966796876,0.2039560539245605,0.1273416007995605,9.821164847564695
1732511544841343700,93.17734375,0.2039560539245605,0.1406593475341797,9.803208335113524
1732511544851278600,93.18727856445312,0.1854009910583496,0.1358709442138671,9.802609784698486
1732511544861212400,93.19721240234377,0.2005143890380859,0.1307832656860351,9.80679963760376
1732511544871147500,93.2071474609375,0.1792658493041992,0.1192611701965331,9.788992762756347
1732511544881081600,93.21708154296876,0.1818096885681152,0.0944213279724121,9.809343476867674
1732511544891016400,93.22701635742187,0.1865980918884277,0.088735099029541,9.814431155395509
1732511544900950800,93.23695068359376,0.1714846939086914,0.063147068786621,9.80620108718872
1732511544910885600,93.2468857421875,0.1731307075500488,0.0626981559753418,9.809792389678954
1732511544920819500,93.2568193359375,0.1791162117004394,0.069581485748291,9.790189863586424
1732511544930754600,93.26675463867188,0.1663970153808593,0.0538695373535156,9.753528650665285
1732511544940688600,93.27668872070312,0.1717839691162109,0.0739209762573242,9.737966339874268
1732511544950623500,93.28662353515624,0.1640028137207031,0.0626981559753418,9.782707983398437
1732511544960558600,93.29655859375,0.1508347045898437,0.0622492431640624,9.81921955871582
1732511544970492700,93.30649267578124,0.1535281814575195,0.0603039543151855,9.820117384338378
1732511544980427500,93.31642749023436,0.1457470260620117,0.0508767852783203,9.816825357055665
1732511544990361600,93.32636157226564,0.1722328819274902,0.0640448944091796,9.842712662506102
1732511545000296700,93.33629663085938,0.2190694519042968,0.0748188018798828,9.867253229522705
1732511545010230500,93.34623046875,0.2337339370727539,0.1173158813476562,9.8311905670166
1732511545020165600,93.35616552734376,0.1997662010192871,0.1388636962890625,9.784952547454834
1732511545030099700,93.366099609375,0.1500865165710449,0.1331774673461914,9.766846397399902
1732511545040034600,93.37603466796875,0.1054945106506347,0.144250650024414,9.669581954956056
1732511545049968400,93.38596850585938,0.0697311233520507,0.1484405029296875,9.450362865447998
1732511545059903700,93.39590380859374,0.0424970794677734,0.1322796417236328,9.699359838104249
1732511545069837600,93.40583764648436,0.1445499252319335,0.07018003616333,10.008511127471923
1732511545079772400,93.4157724609375,0.2632125450134277,0.0237923789978027,10.03589480895996
1732511545089706800,93.42570678710938,0.2633621826171874,0.0023942016601562,9.840019185638427
1732511545099641600,93.4356416015625,0.2593219673156738,-0.0086789810180664,9.561094692230224
1732511545109575400,93.44557543945312,0.2069488059997558,0.0155623107910156,9.60104793243408
1732511545119510500,93.45551049804688,0.1352723937988281,0.0269347686767578,9.829095640563963
1732511545129444600,93.46544458007811,0.0944213279724121,0.0284311447143554,9.915885450744629
1732511545139379500,93.47537939453125,0.1066916114807128,0.0647930824279785,9.862764101409912
1732511545149313800,93.48531372070312,0.1318307289123535,0.0941220527648925,9.772233351135254
1732511545159248600,93.49524853515624,0.1803133125305175,0.1138742164611816,9.772532626342771
1732511545169182500,93.50518237304688,0.1789665740966796,0.136619132232666,9.843161575317382
1732511545179117600,93.51511767578126,0.1871966423034667,0.1592144104003906,9.842862300109864
1732511545189051600,93.5250517578125,0.1951274353027343,0.1530792686462402,9.81906992111206
1732511545198986500,93.53498657226562,0.2003647514343261,0.1479915901184082,9.809044201660155
1732511545208920600,93.54492065429687,0.165349552154541,0.1336263801574707,9.808445651245115
1732511545218855700,93.55485571289064,0.1429039115905761,0.0936731399536132,9.816376444244383
1732511545228789500,93.56478955078126,0.1342249305725097,0.0840963333129882,9.815927531433104
1732511545238724400,93.57472436523436,0.1361702194213867,0.0623988807678222,9.809642752075195
1732511545248658700,93.58465869140625,0.1264437751770019,0.0441430931091308,9.814131880187988
1732511545258593500,93.59459350585938,0.1063923362731933,0.0176572372436523,9.829095640563963
1732511545268527600,93.60452758789064,0.0959177040100097,-0.000598550415039,9.81233622894287
1732511545278462700,93.61446264648436,0.0986111808776855,0.0097264442443847,9.78106196975708
1732511545288396500,93.624396484375,0.111031101989746,0.0113724578857421,9.784353997039794
1732511545298331400,93.63433129882812,0.1234510231018066,0.0308253463745117,9.789890588378906
1732511545308265700,93.644265625,0.1310825408935546,0.0333691856384277,9.788543849945068
1732511545318200600,93.65420068359376,0.1307832656860351,0.0546177253723144,9.796325005340575
1732511545328134700,93.664134765625,0.1361702194213867,0.0749684394836425,9.807398188018798
1732511545338069800,93.67406982421876,0.1476923149108886,0.0788590171813964,9.842712662506102
1732511545348004600,93.68400463867188,0.1439513748168945,0.0896329246520996,9.83882208480835
1732511545357938400,93.6939384765625,0.141706810760498,0.1111807395935058,9.81951883392334
1732511545367873800,93.70387377929688,0.1429039115905761,0.107888712310791,9.7560724899292
1732511545377807600,93.7138076171875,0.1556231079101562,0.1255459495544433,9.832836580657958
1732511545387742500,93.72374243164064,0.1438017372131347,0.1144727668762207,9.975740492248535
1732511545397676500,93.73367651367188,0.1268926879882812,0.0707785865783691,9.810390940093994
1732511545407611600,93.74361157226562,0.1108814643859863,0.0598550415039062,9.574262801361083
1732511545417545500,93.75354541015624,0.1382651458740234,0.0444423683166503,9.6143656791687
1732511545427480600,93.76348046875,0.1725321571350097,0.0110731826782226,9.823110136413574
1732511545437414700,93.77341455078124,0.1970727241516113,-0.0028431144714355,9.892541984558106
1732511545447349500,93.783349609375,0.1701379554748535,-0.0140659347534179,9.840019185638427
1732511545457283600,93.79328369140624,0.1452981132507324,0.0094271690368652,9.790938051605224
1732511545467218700,93.80321875,0.1092354507446289,0.0297778831481933,9.778069217681884
1732511545477152500,93.81315258789064,0.1215057342529296,0.0531213493347167,9.77926631851196
1732511545487087600,93.82308764648438,0.1144727668762207,0.0674865592956543,9.811737678527832
1732511545497021700,93.83302172851562,0.1285387016296386,0.0704793113708496,9.83089129180908
1732511545506956500,93.84295654296876,0.1231517478942871,0.0894832870483398,9.847351428222655
1732511545516890600,93.852890625,0.1432031867980956,0.0839466957092285,9.843161575317382
1732511545526825700,93.86282568359375,0.131531453704834,0.0728735130310058,9.83208839263916
1732511545536759600,93.87275952148435,0.1547252822875976,0.0803553932189941,9.804255798339844
1732511545546694400,93.8826943359375,0.1529296310424804,0.0615010551452636,9.776872116851806
1732511545556628500,93.89262841796877,0.153827456665039,0.0245405670166015,9.778518130493165
1732511545566563600,93.9025634765625,0.1607107864379882,0.0203507141113281,9.80021558303833
1732511545576497700,93.91249755859376,0.1526303558349609,0.0106242698669433,9.80006594543457
1732511545586432800,93.92243286132812,0.1530792686462402,0.0275333190917968,9.7943797164917
1732511545596366600,93.93236669921876,0.1490390533447265,0.0321720848083496,9.788394212341307
1732511545606301400,93.94230151367188,0.1572691215515136,0.038905776977539,9.792434427642824
1732511545616235500,93.95223559570312,0.1457470260620117,0.036361937713623,9.745897132873534
1732511545626170600,93.96217065429688,0.1292868896484375,0.0430956298828125,9.747692784118652
1732511545636104700,93.97210473632812,0.1288379768371582,0.0399532402038574,9.759963067626952
1732511545646039600,93.98203955078124,0.1141734916687011,0.0493804092407226,9.78106196975708
1732511545655973600,93.9919736328125,0.1265934127807617,0.0366612129211425,9.795127904510498
1732511545665908500,94.00190844726562,0.1545756446838379,0.0387561393737792,9.8204166595459
1732511545675843600,94.01184350585936,0.1521814430236816,0.0531213493347167,9.820715934753418
1732511545685777700,94.02177758789064,0.1424549987792968,0.0417488914489746,9.773879364776612
1732511545695712500,94.03171240234374,0.1427542739868164,0.0547673629760742,9.74799205932617
1732511545705646600,94.041646484375,0.1569698463439941,0.0480336708068847,9.762806182098387
1732511545715581700,94.05158178710936,0.1246481239318847,0.0371101257324218,9.785401460266112
1732511545725515000,94.06151489257812,0.1336263801574707,0.0411503410339355,9.821913035583496
1732511545735449900,94.07144995117189,0.1298854400634765,0.0412999786376953,9.833135855865478
1732511545745384000,94.08138403320312,0.1056441482543945,0.0441430931091308,9.835679695129397
1732511545755318800,94.09131884765624,0.1219546470642089,0.05102642288208,9.85707787246704
1732511545765252900,94.1012529296875,0.1433528244018554,0.0632967063903808,9.898976401519777
1732511545775188000,94.11118798828124,0.1376665954589843,0.0665887336730957,9.876979673767089
1732511545785121800,94.12112182617189,0.120009358215332,0.0849941589355468,9.810241302490232
1732511545795057000,94.13105688476564,0.1005564697265625,0.0643441696166992,9.771784438323976
1732511545804990700,94.14099072265626,0.1209071838378906,0.0565630142211914,9.55780266494751
1732511545814925800,94.15092578125,0.0653916328430175,0.0598550415039062,9.396792603302002
1732511545824860000,94.16085986328125,0.0577601150512695,0.022296002960205,9.762806182098387
1732511545834794800,94.17079467773438,0.1936310592651367,-0.0329202728271484,10.005967288208009
1732511545844728800,94.18072875976564,0.2674023979187011,-0.0656909080505371,9.966911873626708
1732511545854664000,94.19066381835935,0.2769792045593262,-0.0840963333129882,9.68409680252075
1732511545864597800,94.20059765625,0.2193687271118164,-0.0546177253723144,9.5507696975708
1732511545874532900,94.21053295898436,0.0728735130310058,-0.0148141227722167,9.72315221710205
1732511545884467000,94.22046704101562,0.0366612129211425,0.0166097740173339,9.87683003616333
1732511545894401800,94.23040185546876,0.0179565124511718,0.045938744354248,9.90900212097168
1732511545904336000,94.2403359375,0.0082300682067871,0.0748188018798828,9.833734406280517
1732511545914271000,94.25027099609376,0.0447416435241699,0.105344873046875,9.777321029663083
1732511545924204800,94.26020483398436,0.0872387229919433,0.1083376251220703,9.81862100830078
1732511545934140000,94.27013989257811,0.1222539222717285,0.1210568214416503,9.83897172241211
1732511545944074000,94.28007397460938,0.1587654975891113,0.0897825622558593,9.810241302490232
1732511545954008800,94.2900087890625,0.1520318054199218,0.0703296737670898,9.808744926452636
1732511545963942700,94.29994262695313,0.1587654975891113,0.0332195480346679,9.816376444244383
1732511545973878000,94.3098779296875,0.1243488487243652,0.0213981773376464,9.829993466186522
1732511545983812900,94.31981274414062,0.0864905349731445,0.0157119483947753,9.837176071166992
1732511545993746700,94.32974658203123,0.0673369216918945,-0.0110731826782226,9.827898539733884
1732511546003681800,94.33968188476562,0.0360626625061035,-0.0154126731872558,9.824756150054933
1732511546013615900,94.34961596679688,0.043993455505371,-0.0299275207519531,9.80051485824585
1732511546023550700,94.35955078125,0.0417488914489746,-0.0490811340332031,9.773729727172851
1732511546033485000,94.36948510742188,0.0686836601257324,-0.0547673629760742,9.778069217681884
1732511546043420000,94.379419921875,0.0873883605957031,-0.0556651885986328,9.79393080368042
1732511546053353700,94.38935375976564,0.0935235023498535,-0.0333691856384277,9.804704711151125
1732511546063288800,94.39928881835938,0.0915782135009765,0.0023942016601562,9.8311905670166
1732511546073223000,94.40922290039065,0.093822777557373,0.0354641120910644,9.813533329772948
1732511546083157800,94.41915771484376,0.0686836601257324,0.0401028778076171,9.805003986358642
1732511546093091800,94.429091796875,0.048482583618164,0.0700303985595703,9.83208839263916
1732511546103027000,94.43902685546875,0.0592564910888671,0.0834977828979492,9.82460651245117
1732511546112960800,94.44896069335938,0.060603229522705,0.0748188018798828,9.814431155395509
1732511546122896000,94.45889575195312,0.0540191749572753,0.0869394477844238,9.720758015441891
1732511546132830000,94.46882983398436,0.0760159027099609,0.079756842803955,9.82520506286621
1732511546142764800,94.47876489257813,0.098311905670166,0.0543184501647949,9.949703549194336
1732511546152699000,94.48869897460938,0.0707785865783691,0.0224456405639648,9.731382285308838
1732511546162634000,94.49863403320312,0.0788590171813964,-0.0113724578857421,9.66000514831543
1732511546172567800,94.50856787109376,0.1219546470642089,-0.0086789810180664,9.754426476287842
1732511546182503000,94.5185029296875,0.1185129821777343,-0.0166097740173339,9.76744494781494
1732511546192437000,94.52843701171876,0.0730231506347656,-0.021697452545166,9.77447791519165
1732511546202371800,94.53837182617188,0.0794575675964355,-0.0055365913391113,9.826551801300049
1732511546212305700,94.5483056640625,0.0652419952392578,0.0065840545654296,9.808296013641357
1732511546222241000,94.55824096679687,0.0637456192016601,0.0038905776977539,9.808296013641357
1732511546232175900,94.56817578125,0.0828992324829101,0.0028431144714355,9.784353997039794
1732511546242109700,94.57810961914062,0.0873883605957031,0.0019452888488769,9.821015209960937
1732511546252044800,94.588044921875,0.1117792900085449,0.0436941802978515,9.835230782318115
1732511546261979000,94.59797875976562,0.1273416007995605,0.0561141014099121,9.81951883392334
1732511546271913700,94.60791381835938,0.100855744934082,0.0583586654663085,9.805602536773682
1732511546281848000,94.61784814453124,0.0999579193115234,0.0643441696166992,9.792284790039062
1732511546291783000,94.62778295898435,0.1197100830078125,0.0640448944091796,9.757868141174315
1732511546301716700,94.637716796875,0.1274912384033203,0.0552162757873535,9.766846397399902
1732511546311651800,94.64765185546877,0.1393126091003418,0.0415992538452148,9.77507646560669
1732511546321586000,94.6575859375,0.1277905136108398,0.0182557876586914,9.76849241104126
1732511546331520800,94.66752075195312,0.1328781921386718,0.01271919631958,9.766547122192382
1732511546341455000,94.677455078125,0.1303343528747558,0.0157119483947753,9.763554370117188
1732511546351390000,94.68738989257812,0.1080383499145507,0.0279822319030761,9.745298582458496
1732511546361323800,94.69732373046875,0.0834977828979492,0.0320224472045898,9.734225399780271
1732511546371259000,94.7072587890625,0.0724246002197265,0.0237923789978027,9.728239895629882
1732511546381193000,94.71719287109374,0.0737713386535644,0.0296282455444335,9.726593881988524
1732511546391127800,94.7271279296875,0.0757166275024414,0.0347159240722656,9.762656544494629
1732511546401062000,94.73706176757813,0.1122282028198242,0.0392050521850585,9.801711959075927
1732511546410997000,94.7469970703125,0.1282394264221191,0.0543184501647949,9.83882208480835
1732511546420930800,94.75693090820312,0.1319803665161132,0.0501285972595214,9.817423907470705
1732511546430865700,94.76686572265623,0.134673843383789,0.0673369216918945,9.76864204864502
1732511546440800000,94.77680004882812,0.115520230102539,0.07018003616333,9.746346045684811
1732511546450734800,94.78673486328124,0.1069908866882324,0.0607528671264648,9.73617068862915
1732511546460669000,94.7966689453125,0.1189618949890136,0.0643441696166992,9.78031378173828
1732511546470604000,94.80660400390624,0.0902314750671386,0.0532709869384765,9.826701438903807
1732511546480537900,94.81653784179689,0.0930745895385742,0.0483329460144042,9.84540613937378
1732511546490472700,94.82647265625,0.1123778404235839,0.040851065826416,9.853785845184326
1732511546500407800,94.83640771484374,0.1438017372131347,0.0576104774475097,9.869048880767822
1732511546510342000,94.846341796875,0.153827456665039,0.0845452461242675,9.880271701049804
1732511546520276700,94.85627685546876,0.1517325302124023,0.1029506713867187,9.85079309310913
1732511546530211000,94.86621118164062,0.1304839904785156,0.0845452461242675,9.811288765716553
1732511546540146000,94.87614599609375,0.115520230102539,0.0787093795776367,9.78719711151123
1732511546550079700,94.88607983398435,0.1156698677062988,0.0972644424438476,9.532214634704587
1732511546560014800,94.89601489257812,0.0745195266723632,0.105344873046875,9.407865785980224
1732511546569949000,94.90594897460936,0.0499789596557617,0.0576104774475097,9.783905084228516
1732511546579883800,94.9158837890625,0.2081459068298339,0.0020949264526367,10.01778865890503
1732511546589817900,94.92581787109376,0.2768295669555664,-0.0374094009399414,9.957634342193604
1732511546599753000,94.9357529296875,0.2934393409729003,-0.0538695373535156,9.657910221862792
1732511546609686800,94.94568676757812,0.2073977188110351,-0.0182557876586914,9.569474398040771
1732511546619621600,94.95562158203126,0.0837970581054687,0.0398036026000976,9.784802909851074
1732511546629556000,94.96555590820311,0.0234931037902832,0.0595557662963867,9.943568407440186
1732511546639490800,94.97549072265625,-0.0028431144714355,0.0897825622558593,9.910049584197996
1732511546649425000,94.9854248046875,0.0142155723571777,0.1209071838378906,9.79976667022705
1732511546659360000,94.99536010742187,0.0610521423339843,0.1364694946289062,9.79423007888794
1732511546669293800,95.0052939453125,0.1132756660461425,0.1650502769470214,9.85094273071289
1732511546679228700,95.01522875976562,0.1569698463439941,0.1396118843078613,9.866953954315186
1732511546689163000,95.0251630859375,0.1783680236816406,0.1387140586853027,9.812186591339112
1732511546699097900,95.03509790039062,0.1842038902282714,0.1042974098205566,9.815179343414306
1732511546709032000,95.04503198242188,0.1833060646057129,0.0966658920288085,9.811288765716553
1732511546718967000,95.05496704101564,0.1592144104003906,0.0706289489746093,9.819668471527098
1732511546728901600,95.06490161132812,0.1249473991394043,0.0544680877685546,9.81906992111206
1732511546738836700,95.07483666992188,0.0751180770874023,0.0465372947692871,9.796025730133056
1732511546748770800,95.08477075195312,0.0764648155212402,0.0387561393737792,9.79423007888794
1732511546758706000,95.09470581054688,0.0758662651062011,0.0230441909790039,9.786448923492433
1732511546768640800,95.10464086914062,0.0915782135009765,0.0094271690368652,9.795127904510498
1732511546778574600,95.11457470703124,0.1092354507446289,0.0004489128112792,9.791386964416503
1732511546788510000,95.12451000976564,0.1265934127807617,0.0077811553955078,9.80679963760376
1732511546798443800,95.13444384765624,0.1444002876281738,0.0263362182617187,9.833884043884275
1732511546808378600,95.14437866210938,0.1306336280822753,0.0537198997497558,9.82460651245117
1732511546818312700,95.15431274414064,0.1111807395935058,0.0716764122009277,9.803058697509766
1732511546828247800,95.16424780273438,0.1213560966491699,0.0968155296325683,9.796474642944336
1732511546838181600,95.174181640625,0.1087865379333496,0.1379658706665039,9.805003986358642
1732511546848116700,95.18411669921876,0.1036988594055175,0.1385644210815429,9.835081144714357
1732511546858050800,95.19405078125,0.0975637176513671,0.1740285331726074,9.8326869430542
1732511546867985700,95.20398559570312,0.1165676933288574,0.1660977401733398,9.76879168624878
1732511546877919700,95.21391967773438,0.0945709655761718,0.1701379554748535,9.763255094909669
1732511546887854800,95.22385473632812,0.1188122573852539,0.1613093368530273,9.948356810760496
1732511546897788700,95.23378857421876,0.1162684181213378,0.1446995628356933,9.796474642944336
1732511546907723800,95.24372387695313,0.1062426986694335,0.120009358215332,9.622146834564209
1732511546917657900,95.25365795898438,0.1126771156311035,0.0921767639160156,9.62753378829956
1732511546927592700,95.2635927734375,0.1361702194213867,0.0828992324829101,9.715221424102785
1732511546937526800,95.27352685546876,0.1551741950988769,0.0655412704467773,9.823858324432372
1732511546947462000,95.2834619140625,0.1663970153808593,0.0594061286926269,9.867851779937745
1732511546957395700,95.29339575195311,0.1253963119506836,0.0619499679565429,9.784503634643556
1732511546967330800,95.30333081054688,0.1125274780273437,0.0872387229919433,9.752181912231444
1732511546977266000,95.31326586914062,0.0993593688964843,0.1010053825378417,9.816376444244383
1732511546987199700,95.32319970703124,0.0981622680664062,0.1191115325927734,9.85737714767456
1732511546997134600,95.33313452148435,0.1182137069702148,0.1319803665161132,9.856030409240722
1732511547007068700,95.34306860351562,0.144250650024414,0.1400607971191406,9.83089129180908
1732511547017003800,95.35300366210936,0.1571194839477539,0.1752256340026855,9.796474642944336
1732511547026937600,95.3629375,0.132130004119873,0.1840542526245117,9.786598561096191
1732511547036872700,95.37287280273438,0.1228524726867675,0.1596633232116699,9.797522106170652
1732511547046806800,95.38280688476564,0.1409586227416992,0.1508347045898437,9.803507610321043
1732511547056741600,95.39274169921876,0.1429039115905761,0.1406593475341797,9.80530326156616
1732511547066675700,95.40267578125,0.1622071624755859,0.1333271049499511,9.777769942474364
1732511547076610800,95.41261083984377,0.1572691215515136,0.120607908630371,9.776423204040526
1732511547086544600,95.42254467773438,0.1734299827575683,0.1089361755371093,9.80620108718872
1732511547096479700,95.43247973632812,0.1596633232116699,0.1210568214416503,9.798419931793212
1732511547106413800,95.44241381835936,0.1657984649658203,0.1339256553649902,9.7560724899292
1732511547116348700,95.4523486328125,0.1358709442138671,0.1298854400634765,9.72240402908325
1732511547126282800,95.46228271484377,0.1117792900085449,0.1294365272521972,9.7423058303833
1732511547136217900,95.4722177734375,0.1093850883483886,0.1274912384033203,9.763255094909669
1732511547146151700,95.48215161132812,0.1191115325927734,0.12764087600708,9.800963771057129
1732511547156086800,95.49208666992187,0.115520230102539,0.1179144317626953,9.804854348754882
1732511547166020600,95.5020205078125,0.1304839904785156,0.1358709442138671,9.794978266906735
1732511547175955700,95.51195581054688,0.1197100830078125,0.1382651458740234,9.803357972717285
1732511547185890600,95.521890625,0.1291372520446777,0.1457470260620117,9.809792389678954
1732511547195825000,95.53182495117188,0.1420060859680175,0.1336263801574707,9.789591313171384
1732511547205759700,95.541759765625,0.1303343528747558,0.1445499252319335,9.80051485824585
1732511547215693800,95.55169384765624,0.139761521911621,0.1358709442138671,9.80709891281128
1732511547225629000,95.56162890625,0.1445499252319335,0.1458966636657714,9.795427179718017
1732511547235562800,95.57156274414062,0.1544260070800781,0.1400607971191406,9.78166052017212
1732511547245497600,95.58149755859375,0.1762730972290039,0.1138742164611816,9.796175367736817
1732511547255431700,95.591431640625,0.1640028137207031,0.1316810913085937,9.804854348754882
1732511547265366800,95.60136669921874,0.1693897674560547,0.1267430503845214,9.797821381378172
1732511547275300900,95.61130078125,0.1595136856079101,0.1282394264221191,9.778518130493165
1732511547285235700,95.62123559570313,0.1620575248718261,0.1213560966491699,9.770587337493897
1732511547295169800,95.63116967773438,0.1640028137207031,0.1231517478942871,9.790938051605224
1732511547305104600,95.64110473632812,0.1593640480041503,0.1215057342529296,9.798569569396973
1732511547315038700,95.65103881835938,0.1632546257019043,0.1369184074401855,9.80545289916992
1732511547324973800,95.66097387695312,0.1551741950988769,0.1313818161010742,9.795427179718017
1732511547334907600,95.67090771484376,0.1439513748168945,0.1170166061401367,9.782707983398437
1732511547344842800,95.6808427734375,0.1500865165710449,0.120009358215332,9.80650036239624
1732511547354776800,95.69077685546876,0.1384147834777832,0.1207575462341308,9.803657247924804
1732511547364711700,95.70071166992189,0.1342249305725097,0.120607908630371,9.81951883392334
1732511547374645800,95.71064575195312,0.1444002876281738,0.1297358024597167,9.816077169036864
1732511547384580900,95.72058081054688,0.1505354293823242,0.1240495735168457,9.791237326812745
1732511547394514700,95.7305146484375,0.1435024620056152,0.1146224044799804,9.783605809020996
1732511547404449800,95.74044970703125,0.1430535491943359,0.125097036743164,9.763853645324708
1732511547414385000,95.75038500976562,0.1577180343627929,0.1191115325927734,9.75412720108032
1732511547424318700,95.76031860351564,0.1345242057800293,0.120009358215332,9.769839149475096
1732511547434253600,95.77025366210935,0.1499368789672851,0.1041477722167968,9.807996738433838
1732511547444187600,95.78018774414062,0.1644517265319824,0.1039981346130371,9.830442378997802
1732511547454122800,95.79012280273436,0.1803133125305175,0.1137245788574218,9.871742357635496
1732511547464056800,95.80005688476562,0.1961748985290527,0.1283890640258789,9.892392346954344
1732511547473991700,95.80999169921876,0.2258031440734863,0.158316584777832,9.861567000579834
1732511547483925800,95.81992578125,0.1828571517944335,0.1485901405334472,9.791985514831543
1732511547493860600,95.82986059570312,0.1500865165710449,0.1559223831176757,9.792135152435302
1732511547503794700,95.83979467773436,0.0984615432739257,0.1602618736267089,9.737816702270509
1732511547513729800,95.84972973632811,0.0831985076904296,0.1605611488342285,9.47475379486084
1732511547523664000,95.85966381835938,0.0641945320129394,0.1432031867980956,9.624391398620604
1732511547533598700,95.8695986328125,0.1092354507446289,0.0876876358032226,9.930849211120606
1732511547543532800,95.87953271484376,0.2180219886779785,0.0430956298828125,10.031854593658446
1732511547553467600,95.88946752929688,0.2759317413330078,0.0288800575256347,9.862614463806151
1732511547563401700,95.89940161132812,0.2717418884277343,0.0187047004699707,9.554361000061034
1732511547573336800,95.9093369140625,0.2053027923583984,0.0592564910888671,9.566780921173097
1732511547583271000,95.91927099609374,0.1420060859680175,0.0897825622558593,9.809493114471437
1732511547593205800,95.92920581054688,0.1060930610656738,0.1057937858581542,9.930250660705566
1732511547603140900,95.93914086914064,0.1069908866882324,0.1146224044799804,9.87578257293701
1732511547613074700,95.94907470703124,0.1099836387634277,0.1388636962890625,9.80709891281128
1732511547623009800,95.959009765625,0.1427542739868164,0.156371295928955,9.802310509490969
1732511547632943600,95.96894360351564,0.1702875930786132,0.165349552154541,9.85064345550537
1732511547642878700,95.97887866210938,0.1764227348327636,0.1816600509643554,9.879373875427245
1732511547652812800,95.98881274414065,0.1957259857177734,0.1690904922485351,9.85782606048584
1732511547662748000,95.99874780273436,0.2117372093200683,0.1584662223815917,9.843011937713625
1732511547672681700,96.008681640625,0.2097919204711913,0.1277905136108398,9.865008665466307
1732511547682616800,96.01861694335938,0.1888426559448242,0.1274912384033203,9.832836580657958
1732511547692550700,96.02855053710938,0.1674444786071777,0.1432031867980956,9.814880068206786
1732511547702485800,96.03848583984374,0.1482908653259277,0.1066916114807128,9.795427179718017
1732511547712419800,96.048419921875,0.1388636962890625,0.0828992324829101,9.788693487548828
1732511547722354700,96.05835473632813,0.1162684181213378,0.0612017799377441,9.79333225326538
1732511547732288000,96.0682880859375,0.1292868896484375,0.0493804092407226,9.80006594543457
1732511547742223000,96.07822314453124,0.1273416007995605,0.0285807823181152,9.785401460266112
1732511547752157000,96.08815698242188,0.1463455764770507,0.0517746109008789,9.777620304870604
1732511547762092000,96.09809204101562,0.1614589744567871,0.0549170005798339,9.792135152435302
1732511547772026000,96.10802612304688,0.1577180343627929,0.0837970581054687,9.798270294189452
1732511547781961000,96.1179609375,0.1554734703063964,0.1122282028198242,9.794978266906735
1732511547791895000,96.12789501953124,0.1472434020996093,0.1451484756469726,9.804405435943602
1732511547801830100,96.137830078125,0.1143231292724609,0.1451484756469726,9.815478618621826
1732511547811765200,96.14776513671876,0.1300350776672363,0.1556231079101562,9.840917011260986
1732511547821699000,96.15769897460936,0.1330278297424316,0.1632546257019043,9.83223803024292
1732511547831634000,96.16763403320311,0.1482908653259277,0.1744774459838867,9.757718503570556
1732511547841568000,96.17756811523438,0.1551741950988769,0.1848024406433105,9.765200383758543
1732511547851503000,96.18750317382812,0.1476923149108886,0.1620575248718261,9.937283628082277
1732511547861437200,96.19743725585936,0.1472434020996093,0.1345242057800293,9.805602536773682
1732511547871372000,96.2073720703125,0.1267430503845214,0.0876876358032226,9.55645592651367
1732511547881306000,96.21730615234377,0.1668459281921386,0.0468365699768066,9.67990694961548
1732511547891241000,96.22724096679688,0.2501940734863281,0.0225952781677246,9.904662630462646
1732511547901175000,96.23717504882812,0.2956839050292968,0.0041898529052734,9.90181951599121
1732511547911110100,96.24711010742188,0.2600701553344726,0.0097264442443847,9.751134449005129
1732511547921044200,96.25704418945313,0.2133832229614257,0.0378583137512207,9.718064538574218
1732511547930979000,96.26697900390624,0.1479915901184082,0.0601543167114257,9.76744494781494
1732511547940913000,96.27691284179689,0.118064069366455,0.0891840118408203,9.829245278167724
1732511547950848000,96.28684790039064,0.112976390838623,0.1140238540649414,9.867552504730224
1732511547960782000,96.29678198242188,0.1541267318725586,0.12764087600708,9.849595992279053
1732511547970717200,96.30671728515624,0.1693897674560547,0.1536778190612792,9.820715934753418
1732511547980651300,96.3166513671875,0.1892915687561035,0.1589151351928711,9.805003986358642
1732511547990586000,96.32658618164062,0.2195183647155761,0.1562216583251953,9.823259774017334
1732511548000521200,96.33652124023438,0.2186205390930175,0.155772745513916,9.80006594543457
1732511548010455000,96.346455078125,0.2237082176208496,0.1108814643859863,9.803806885528564
1732511548020390100,96.35639013671874,0.2085948196411132,0.096366616821289,9.78779566192627
1732511548030324000,96.36632397460936,0.1587654975891113,0.0854430717468261,9.79408044128418
1732511548040259000,96.37625903320313,0.158316584777832,0.0537198997497558,9.791386964416503
1732511548050193200,96.38619311523438,0.178068748474121,0.0552162757873535,9.820117384338378
1732511548060128000,96.3961279296875,0.1960252609252929,0.0677858345031738,9.829544553375245
1732511548070062000,96.40606201171876,0.1786672988891601,0.0873883605957031,9.784653272247311
1732511548079997200,96.4159970703125,0.1830067893981933,0.1189618949890136,9.763105457305908
1732511548089931000,96.42593090820311,0.1687912170410156,0.1256955871582031,9.74260510559082
1732511548099866000,96.4358662109375,0.1508347045898437,0.1237502983093261,9.757419228363036
1732511548109800200,96.44580029296876,0.1689408546447753,0.1056441482543945,9.790938051605224
1732511548119735000,96.45573510742187,0.1854009910583496,0.0959177040100097,9.80545289916992
1732511548129669000,96.46566918945312,0.1857002662658691,0.0875379981994628,9.801113408660887
1732511548139604000,96.47560400390626,0.2192190895080566,0.0992097312927246,9.791985514831543
1732511548149538000,96.4855380859375,0.2169745254516601,0.0966658920288085,9.808445651245115
1732511548159473200,96.49547314453125,0.2264016944885253,0.1068412490844726,9.812036953735351
1732511548169407200,96.5054072265625,0.2082955444335937,0.1065419738769531,9.79333225326538
1732511548179342000,96.51534204101564,0.1930325088500976,0.1041477722167968,9.802609784698486
1732511548189277200,96.52527709960935,0.1830067893981933,0.0875379981994628,9.783905084228516
1732511548199211000,96.5352109375,0.1821089637756347,0.0725742378234863,9.7936315284729
1732511548209146000,96.54514599609377,0.174926358795166,0.0712274993896484,9.798270294189452
1732511548219080000,96.55507983398438,0.1779191108703613,0.0758662651062011,9.785850373077391
1732511548229015000,96.56501513671876,0.1807622253417968,0.0688332977294921,9.803806885528564
1732511548238949000,96.57494921875,0.1892915687561035,0.0869394477844238,9.821015209960937
1732511548248884000,96.58488403320312,0.184503165435791,0.0939724151611328,9.81338369216919
1732511548258818000,96.59481811523438,0.1657984649658203,0.1047463226318359,9.854982946014404
1732511548268753200,96.60475317382812,0.175524909210205,0.1355716690063476,9.937133990478516
1732511548278687000,96.61468701171874,0.1613093368530273,0.1363198570251464,9.988160413360594
1732511548288622000,96.6246220703125,0.1426046363830566,0.1219546470642089,9.974992304229737
1732511548298556200,96.63455615234376,0.1312321784973144,0.1258452247619629,9.924564431762697
1732511548308491000,96.64449096679688,0.1221042846679687,0.1517325302124023,9.787945299530028
1732511548318425000,96.65442504882812,0.1439513748168945,0.2076969940185546,9.645939213562013
1732511548328360200,96.66436010742189,0.1973719993591308,0.2431611061096191,9.508571893310547
1732511548338294000,96.6742939453125,0.1836053398132324,0.2475005966186523,9.48029038619995
1732511548348229000,96.68422900390624,0.1846528030395507,0.2018611274719238,9.592967501831057
1732511548358163200,96.6941630859375,0.1997662010192871,0.1236006607055664,9.711630121612547
1732511548368098000,96.70409814453124,0.167893391418457,0.009576806640625,9.815029705810549
1732511548378033200,96.714033203125,0.1580173095703125,-0.0929249519348144,9.899425314331054
1732511548387967200,96.72396728515623,0.141706810760498,-0.1360205818176269,9.950900650024414
1732511548397902000,96.73390209960938,0.1230021102905273,-0.1092354507446289,9.967360786437988
1732511548407836000,96.7438359375,0.0944213279724121,-0.0450409187316894,9.958232892608642
1732511548417771000,96.75377099609376,0.1236006607055664,0.0412999786376953,9.873238733673094
1732511548427705000,96.763705078125,0.1265934127807617,0.1349731185913086,9.822661223602294
1732511548437640200,96.77364013671875,0.1578676719665527,0.2246060432434082,9.76116016845703
1732511548447574000,96.78357397460935,0.1873462799072265,0.2892494880676269,9.751583361816406
1732511548457509000,96.79350903320312,0.1976712745666503,0.3128922294616699,9.8702459815979
1732511548467443000,96.80344287109376,0.2277484329223632,0.3012204963684082,9.988758963775634
1732511548477378000,96.8133779296875,0.2350806755065917,0.304512523651123,10.059537550354005
1732511548487312100,96.82331201171876,0.2466027709960937,0.3247136001586914,10.114005638122558
1732511548497247000,96.8332470703125,0.2711433380126953,0.3479074287414551,10.1644335105896
1732511548507181000,96.84318115234376,0.2621650817871093,0.3181295455932617,10.019434672546389
1732511548517116200,96.8531162109375,0.1521814430236816,0.2786252182006836,9.734225399780271
1732511548527051000,96.86305102539062,0.0619499679565429,0.2397194412231445,9.55690483932495
1732511548536985000,96.87298510742188,-0.015263035583496,0.1765723724365234,9.418639693450928
1732511548546920000,96.882919921875,-0.0670376464843749,0.0821510444641113,9.22530790939331
1732511548556854000,96.89285400390624,-0.0752677146911621,0.000598550415039,9.496002334594726
1732511548566789000,96.9027890625,0.0658405456542968,-0.0920271263122558,9.912892698669433
1732511548576723200,96.91272314453126,0.1964741737365722,-0.1189618949890136,10.068515806579589
1732511548586658000,96.92265795898436,0.2346317626953125,-0.115520230102539,9.841216286468503
1732511548596592000,96.93259204101562,0.2412158172607421,-0.0450409187316894,9.508422255706789
1732511548606527000,96.94252685546876,0.2166752502441406,0.0565630142211914,9.546579844665526
1732511548616461000,96.9524609375,0.1595136856079101,0.1339256553649902,9.760561618041992
1732511548626396200,96.96239624023436,0.1291372520446777,0.1602618736267089,9.87712931137085
1732511548636330200,96.97233032226562,0.1224035598754882,0.1897404815673828,9.853785845184326
1732511548646265000,96.98226513671877,0.1574187591552734,0.2214636535644531,9.771934075927732
1732511548656199000,96.99219897460938,0.1976712745666503,0.2647089210510254,9.760112705230712
1732511548666134000,97.00213403320312,0.2053027923583984,0.2756324661254882,9.788094937133788
1732511548676068000,97.01206811523436,0.2284966209411621,0.3012204963684082,9.78091233215332
1732511548686003000,97.0220029296875,0.26171616897583,0.2905962265014648,9.799317757415771
1732511548695938000,97.03193798828126,0.2581248664855957,0.3085527389526367,9.779565593719482
1732511548705872100,97.0418720703125,0.2558803024291992,0.287902749633789,9.784802909851074
1732511548715807000,97.05180688476564,0.2290951713562011,0.2578255912780761,9.778817405700684
1732511548725741000,97.06174096679688,0.1922843208312988,0.2070984436035156,9.78629928588867
1732511548735676400,97.07167651367187,0.1520318054199218,0.1405097099304199,9.791536602020264
1732511548745610500,97.08161059570313,0.1355716690063476,0.082300682067871,9.791386964416503
1732511548755545300,97.09154541015624,0.1089361755371093,0.0249894798278808,9.820267021942138
1732511548765479700,97.10147973632812,0.1164180557250976,-0.0119710083007812,9.8181720954895
1732511548775414500,97.11141455078123,0.1141734916687011,-0.024839842224121,9.8319387550354
1732511548785348400,97.12134838867188,0.1150713172912597,0.0053869537353515,9.80709891281128
1732511548795283500,97.13128344726564,0.1210568214416503,0.0677858345031738,9.802460147094726
1732511548805217500,97.14121752929688,0.0990600936889648,0.1286883392333984,9.818321733093262
1732511548815152400,97.15115234375,0.0692822105407714,0.2012625770568847,9.815927531433104
1732511548825086500,97.16108642578124,0.0619499679565429,0.239420166015625,9.824456874847412
1732511548835021600,97.171021484375,0.012120645904541,0.2744353652954101,9.835530057525634
1732511548844956400,97.18095629882812,0.0125695587158203,0.3154360687255859,9.8587238861084
1732511548854890200,97.19089013671876,0.0357633872985839,0.2889502128601074,9.892841259765625
1732511548864825600,97.20082568359376,0.0616506927490234,0.2525882751464843,9.846902515411376
1732511548874759400,97.21075952148438,0.0767640907287597,0.1912368576049804,9.916184725952148
1732511548884694300,97.2206943359375,0.0981622680664062,0.1418564483642578,10.052654220581054
1732511548894628600,97.23062866210938,0.0947206031799316,0.1132756660461425,9.903016616821288
1732511548904563500,97.2405634765625,0.0752677146911621,0.1128267532348632,9.69786346206665
1732511548914497300,97.25049731445311,0.0809539436340332,0.1520318054199218,9.694421797180174
1732511548924432600,97.2604326171875,0.1292868896484375,0.1520318054199218,9.851840556335448
1732511548934366500,97.27036645507812,0.1789665740966796,0.1640028137207031,9.886855755615231
1732511548944301300,97.28030126953124,0.2249053184509277,0.1665466529846191,9.785551097869872
1732511548954235600,97.29023559570312,0.314089330291748,0.1322796417236328,9.70384896621704
1732511548964170500,97.30017041015626,0.388159944152832,0.0725742378234863,9.724498955535887
1732511548974104300,97.31010424804688,0.4504091873168945,0.0559644638061523,9.796325005340575
1732511548984039400,97.32003930664062,0.4961982940673828,0.0407014282226562,9.83134020462036
1732511548993973500,97.32997338867187,0.5104138664245605,0.0577601150512695,9.830442378997802
1732511549003908400,97.33990844726564,0.4866214874267577,0.0981622680664062,9.805003986358642
1732511549013843500,97.34984350585935,0.3832219032287597,0.1246481239318847,9.738265615081788
1732511549023777500,97.35977758789062,0.3109469406127929,0.1574187591552734,9.733776486968994
1732511549033712400,97.36971240234377,0.2174234382629394,0.136619132232666,9.737517427062988
1732511549043646200,97.37964624023438,0.1789665740966796,0.1146224044799804,9.789441675567629
1732511549053581600,97.38958154296876,0.1244984863281249,0.091877488708496,9.823559049224851
1732511549063515400,97.39951538085936,0.0900818374633789,0.0767640907287597,9.82610288848877
1732511549073450500,97.40945043945312,0.0754173522949218,0.0824503196716308,9.790788414001463
1732511549083384600,97.41938452148436,0.0761655403137206,0.08933364944458,9.77462755279541
1732511549093319400,97.4293193359375,0.076614453125,0.1312321784973144,9.784204359436034
1732511549103253200,97.43925317382812,0.0478840332031249,0.134673843383789,9.780014506530762
1732511549113188600,97.44918872070312,0.0122702835083007,0.1357213066101074,9.72390040512085
1732511549123122400,97.45912231445313,-0.0160112236022949,0.1096843635559082,9.692326870727538
1732511549133057300,97.46905737304688,0.0070329673767089,0.1045966850280761,9.737816702270509
1732511549142991600,97.47899169921877,0.0112228202819824,0.0845452461242675,9.81877064590454
1732511549152926500,97.48892651367188,0.0378583137512207,0.0472854827880859,9.833135855865478
1732511549162861300,97.498861328125,0.0939724151611328,0.0489314964294433,9.814131880187988
1732511549172795600,97.50879565429688,0.1319803665161132,0.0927753143310546,9.802160871887208
1732511549182730500,97.51873046875,0.2069488059997558,0.1378162330627441,9.781959795379638
1732511549192664300,97.52866430664062,0.2469020462036132,0.1693897674560547,9.732729023742674
1732511549202599400,97.53859936523438,0.2814683326721191,0.1877951927185058,9.680655137634275
1732511549212533500,97.54853344726564,0.2787748558044433,0.1626560752868652,9.695020347595214
1732511549222468400,97.55846826171874,0.2825157958984375,0.1279401512145996,9.737816702270509
1732511549232402700,97.56840258789065,0.2765302917480469,0.0683843849182128,9.781810157775878
1732511549242337500,97.57833764648436,0.258573779296875,0.0038905776977539,9.789890588378906
1732511549252271400,97.58827124023438,0.2563292152404785,-0.0236427413940429,9.764003282928469
1732511549262206500,97.59820654296875,0.2492962478637695,-0.0329202728271484,9.78734674911499
1732511549272140500,97.608140625,0.2111386589050292,-0.024839842224121,9.80724855041504
1732511549282075400,97.61807543945312,0.1919850456237793,0.0161608612060546,9.816226806640625
1732511549292009500,97.62800952148436,0.151283617401123,0.0411503410339355,9.804405435943602
1732511549301944600,97.63794458007813,0.1081879875183105,0.0603039543151855,9.777620304870604
1732511549311879400,97.64787939453124,0.0864905349731445,0.1025017585754394,9.770736975097655
1732511549321813200,97.65781323242189,0.0820014068603515,0.0933738647460937,9.772682263946532
1732511549331748600,97.66774853515624,0.0815524940490722,0.1143231292724609,9.802460147094726
1732511549341682400,97.67768237304688,0.0951695159912109,0.1141734916687011,9.808894564056397
1732511549351617300,97.6876171875,0.1069908866882324,0.1128267532348632,9.801711959075927
1732511549361551600,97.69755151367188,0.1113303771972656,0.1222539222717285,9.754426476287842
1732511549371486500,97.70748657226562,0.1182137069702148,0.1134253036499023,9.707290631103517
1732511549381420300,97.71742016601564,0.1216553718566894,0.0906803878784179,9.683498252105712
1732511549391355400,97.72735546875,0.1054945106506347,0.0656909080505371,9.72973627166748
1732511549401289500,97.73728955078126,0.0647930824279785,0.0386065017700195,9.78719711151123
1732511549411224300,97.74722436523436,0.0113724578857421,0.0348655616760253,9.836577520751952
1732511549421158700,97.75715869140625,0.000598550415039,0.0324713600158691,9.841964474487304
1732511549431093500,97.76709350585938,-0.0321720848083496,0.0465372947692871,9.872490545654296
1732511549441027300,97.77702734375,-0.0202010765075683,0.0532709869384765,9.912443785858152
1732511549450962400,97.78696240234376,-0.0136170219421386,0.0549170005798339,9.887155030822754
1732511549460897500,97.7968974609375,-0.0013467384338378,0.0682347473144531,9.782408708190918
1732511549470831400,97.80683129882811,0.0184054252624511,0.0622492431640624,9.733327574157714
1732511549480766500,97.81676635742188,0.0438438179016113,0.0442927307128906,9.63366893005371
1732511549490700500,97.82670043945312,0.0689829353332519,0.0380079513549804,9.411457088470458
1732511549500635400,97.83663549804687,0.0246902046203613,0.0290296951293945,9.65865840988159
1732511549510569200,97.8465693359375,0.1877951927185058,0.0163104988098144,10.094852024841307
1732511549520504600,97.85650463867188,0.2864063735961913,0.010175357055664,10.211569355773925
1732511549530438400,97.8664384765625,0.3395277229309081,-0.0010474632263183,9.88341409072876
1732511549540373500,97.87637353515623,0.3642179275512695,0.0324713600158691,9.52488239212036
1732511549550307600,97.8863076171875,0.3003226707458496,0.0751180770874023,9.572167874908446
1732511549560242400,97.89624243164064,0.1996165634155273,0.0948702407836914,9.772382988739013
1732511549570176300,97.90617626953124,0.1075894371032714,0.0748188018798828,9.896731837463378
1732511549580111600,97.91611157226562,0.0279822319030761,0.0513256980895996,9.850493817901611
1732511549590046500,97.92604638671877,-0.0520738861083984,0.0225952781677246,9.76699603500366
1732511549599980300,97.93598022460938,-0.0734720634460449,-0.005686228942871,9.79378116607666
1732511549609915400,97.94591528320312,-0.1102829139709472,-0.0225952781677246,9.817872820281982
1732511549619849500,97.95584936523436,-0.1134253036499023,-0.0375590385437011,9.811139128112792
1732511549629784300,97.96578442382813,-0.1002571945190429,-0.0460883819580078,9.789142400360106
1732511549639718700,97.97571875,-0.0824503196716308,-0.041449616241455,9.78779566192627
1732511549649653500,97.98565356445312,-0.0857423469543457,-0.0460883819580078,9.871143807220458
1732511549659587300,97.99558740234374,-0.086789810180664,-0.0354641120910644,9.915286900329589
1732511549669522400,98.0055224609375,-0.0712274993896484,-0.0466869323730468,9.910199221801758
1732511549679456500,98.01545654296876,-0.1025017585754394,-0.0594061286926269,9.899874227142334
1732511549689391400,98.02539135742188,-0.1170166061401367,-0.0680851097106933,9.865307940673828
1732511549699325400,98.03532543945312,-0.1292868896484375,-0.0709282241821289,9.826701438903807
1732511549709260500,98.04526049804689,-0.111031101989746,-0.0757166275024414,9.815927531433104
1732511549719194400,98.0551943359375,-0.1048959602355956,-0.0779611915588378,9.823409411621093
1732511549729129700,98.06512963867188,-0.0843956085205078,-0.05746083984375,9.806949275207518
1732511549739064800,98.07506494140624,-0.1358709442138671,-0.0378583137512207,9.829095640563963
1732511549748999000,98.0849990234375,-0.1741781707763671,-0.0239420166015624,9.822361948394777
1732511549758933800,98.09493383789062,-0.177470198059082,-0.0052373161315917,9.804704711151125
1732511549768867800,98.10486791992189,-0.2156277870178222,0.0270844062805175,9.79408044128418
1732511549778803000,98.11480297851564,-0.235529588317871,0.0356137496948242,9.796474642944336
1732511549788736800,98.12473681640626,-0.2018611274719238,0.0489314964294433,9.778368492889404
1732511549798671600,98.13467163085936,-0.172981069946289,0.0372597633361816,9.712677584838866
1732511549808606000,98.14460595703125,-0.112976390838623,0.0163104988098144,9.709535195159912
1732511549818540800,98.15454077148438,-0.0700303985595703,-0.0221463653564453,9.949404273986817
1732511549828475000,98.16447485351564,-0.0010474632263183,-0.0763151779174804,9.885359379577636
1732511549838410000,98.17440991210935,0.0019452888488769,-0.0769137283325195,9.717465988159178
1732511549848343800,98.18434375,0.0234931037902832,-0.0472854827880859,9.754426476287842
1732511549858278700,98.19427856445311,0.0960673416137695,-0.01915361328125,9.83089129180908
1732511549868214000,98.20421411132811,0.0903811126708984,0.0279822319030761,9.759514154815673
1732511549878147800,98.21414794921876,0.0257376678466796,0.0522235237121582,9.80605144958496
1732511549888082700,98.22408276367187,-0.0041898529052734,0.0317231719970703,9.856030409240722
1732511549898017000,98.23401708984376,-0.0547673629760742,-0.0164601364135742,9.854982946014404
1732511549907951900,98.24395190429688,-0.1011550201416015,-0.0806546684265136,9.815927531433104
1732511549917885700,98.2538857421875,-0.131531453704834,-0.1203086334228515,9.79258406524658
1732511549927820800,98.26382080078125,-0.103399584197998,-0.1430535491943359,9.750086985778808
1732511549937755000,98.2737548828125,-0.0079307929992675,-0.0929249519348144,9.749787710571288
1732511549947689700,98.28368969726564,0.1146224044799804,-0.0523731613159179,9.724648593139648
1732511549957623800,98.29362377929688,0.2082955444335937,-0.0496796844482421,9.676465284729003
1732511549967559000,98.30355883789062,0.2579752288818359,-0.0357633872985839,9.677213472747802
1732511549977492700,98.31349267578123,0.2858078231811523,-0.0550666381835937,9.713126497650146
1732511549987427600,98.32342749023438,0.2443582069396972,-0.0743698890686035,9.76235726928711
1732511549997362000,98.33336181640624,0.1674444786071777,-0.0805050308227539,9.808445651245115
1732511550007296800,98.343296875,0.0755669898986816,-0.0597054039001464,9.791985514831543
1732511550017232000,98.35323193359376,-0.0010474632263183,-0.0368108505249023,9.762955819702148
1732511550027166000,98.363166015625,-0.074669164276123,-0.0169090492248535,9.734075762176513
1732511550037100800,98.37310083007812,-0.0971148048400878,-0.0179565124511718,9.692626145935058
1732511550047034600,98.38303466796874,-0.117465518951416,-0.0098760818481445,9.682151513671874
1732511550056970000,98.39296997070312,-0.112976390838623,-0.0272340438842773,9.69696563644409
1732511550066903800,98.40290380859376,-0.0445920059204101,-0.0321720848083496,9.721506203460692
1732511550076838700,98.41283862304688,0.0261865806579589,-0.0451905563354492,9.790040225982665
1732511550086773000,98.42277294921875,0.0986111808776855,-0.0492307716369628,9.833435131072996
1732511550096707800,98.43270776367189,0.1274912384033203,-0.0487818588256835,9.823708686828612
1732511550106641700,98.4426416015625,0.146195938873291,-0.0366612129211425,9.811288765716553
1732511550116577000,98.45257690429688,0.1740285331726074,-0.0323217224121093,9.809792389678954
1732511550126510800,98.4625107421875,0.1521814430236816,-0.0333691856384277,9.79946739501953
1732511550136445700,98.47244580078124,0.1418564483642578,-0.0326209976196289,9.776423204040526
1732511550146380800,98.482380859375,0.1170166061401367,-0.0552162757873535,9.798868844604492
1732511550156315000,98.49231494140624,0.0773626411437988,-0.0854430717468261,9.814131880187988
1732511550166249700,98.50224975585938,0.0550666381835937,-0.0740706138610839,9.798419931793212
1732511550176184000,98.51218408203124,0.0399532402038574,-0.0805050308227539,9.79976667022705
1732511550186119000,98.52211889648436,0.0175075996398925,-0.0796072052001953,9.80066449584961
1732511550196052700,98.532052734375,0.0086789810180664,-0.043394905090332,9.797821381378172
1732511550205987800,98.54198779296875,0.0047884033203125,-0.0508767852783203,9.797073193359374
1732511550215922000,98.551921875,0.0161608612060546,-0.0531213493347167,9.80620108718872
1732511550225856800,98.56185668945312,0.010175357055664,-0.082300682067871,9.788543849945068
1732511550235790800,98.57179077148436,0.0094271690368652,-0.1011550201416015,9.779415956115722
1732511550245726000,98.58172583007811,0.0405517906188964,-0.117465518951416,9.798719207000731
1732511550255659800,98.59165966796876,0.0526724365234375,-0.0879869110107421,9.821613760375977
1732511550265594600,98.6015947265625,0.0758662651062011,-0.0107739074707031,9.823559049224851
1732511550275530000,98.61153002929689,0.1099836387634277,0.0577601150512695,9.806949275207518
1732511550285463800,98.6214638671875,0.155772745513916,0.0998082817077636,9.764003282928469
1732511550295398700,98.63139868164062,0.1843535278320312,0.1120785652160644,9.78734674911499
1732511550305333000,98.6413330078125,0.1915361328124999,0.1036988594055175,9.836876795959473
1732511550315267800,98.65126782226562,0.1385644210815429,0.0736217010498046,9.874286196899414
1732511550325201700,98.66120166015624,0.1241992111206054,0.0182557876586914,9.904363355255128
1732511550335136800,98.67113671875,0.0869394477844238,0.0083797058105468,9.9338419631958
1732511550345070800,98.68107080078126,0.0462380195617675,0.0249894798278808,9.904213717651366
1732511550355005700,98.69100561523436,0.0160112236022949,0.0372597633361816,9.79423007888794
1732511550364940000,98.70093994140623,0.0041898529052734,0.0806546684265136,9.71641852493286
1732511550374875000,98.710875,-0.0007481880187988,0.0761655403137206,9.580697218322753
1732511550384808700,98.72080859375,-0.01271919631958,0.0691325729370117,9.34651436843872
1732511550394743800,98.73074389648436,-0.0451905563354492,0.0291793327331542,9.666888478088378
1732511550404679000,98.74067895507812,0.0635959815979003,-0.0613514175415039,9.99878468322754
1732511550414612700,98.75061279296877,0.170437230682373,-0.1438017372131347,10.052055670166014
1732511550424547800,98.7605478515625,0.2326864738464355,-0.181959326171875,9.81293477935791
1732511550434482000,98.77048193359374,0.2386719779968261,-0.1789665740966796,9.51291138381958
1732511550444416800,98.78041674804687,0.2053027923583984,-0.139162971496582,9.63396820526123
1732511550454350600,98.7903505859375,0.1587654975891113,-0.0927753143310546,9.851541281127927
1732511550464286000,98.80028588867188,0.107888712310791,-0.0496796844482421,9.891943434143066
1732511550474219800,98.8102197265625,0.081702131652832,-0.007631517791748,9.822960498809811
1732511550484155000,98.82015478515623,0.0879869110107421,0.0495300468444824,9.775824653625488
1732511550494089000,98.8300888671875,0.1007061073303222,0.082300682067871,9.812186591339112
1732511550504023800,98.84002392578124,0.1256955871582031,0.1092354507446289,9.862764101409912
1732511550513959000,98.849958984375,0.1379658706665039,0.1330278297424316,9.813682967376709
1732511550523893000,98.85989306640624,0.1693897674560547,0.1192611701965331,9.80530326156616
1732511550533827800,98.86982788085938,0.1882441055297851,0.1164180557250976,9.803208335113524
1732511550543761700,98.87976171875,0.1756745468139648,0.0697311233520507,9.84435867614746
1732511550553696800,98.88969677734374,0.1553238327026367,0.0269347686767578,9.836876795959473
1732511550563630800,98.899630859375,0.1373673202514648,-0.0196025260925292,9.853785845184326
1732511550573565700,98.90956567382813,0.125097036743164,-0.0577601150512695,9.843011937713625
1732511550583500000,98.9195,0.1023521209716796,-0.0908300254821777,9.821314485168456
1732511550593435000,98.92943481445312,0.0972644424438476,-0.1253963119506836,9.800365220642089
1732511550603368700,98.93936865234376,0.0939724151611328,-0.1550245574951171,9.80021558303833
1732511550613303800,98.9493037109375,0.0848445213317871,-0.1349731185913086,9.80530326156616
1732511550623239000,98.95923901367188,0.0858919845581054,-0.1231517478942871,9.794529354095458
1732511550633172700,98.9691728515625,0.0957680664062499,-0.0897825622558593,9.77358008956909
1732511550643107800,98.97910791015624,0.0929249519348144,-0.0236427413940429,9.790938051605224
1732511550653042000,98.9890419921875,0.0876876358032226,0.0118213706970214,9.77358008956909
1732511550662976800,98.99897680664064,0.086789810180664,0.0302267959594726,9.797671743774414
1732511550672910800,99.00891088867188,0.0860416221618652,0.0457891067504882,9.796773918151857
1732511550682846000,99.01884594726565,0.0864905349731445,0.0492307716369628,9.816376444244383
1732511550692779800,99.02877978515625,0.0839466957092285,0.0207996269226074,9.816376444244383
1732511550702715000,99.03871484375,0.0945709655761718,0.0002992752075195,9.721206928253173
1732511550712649000,99.04864892578124,0.0884358238220214,-0.0148141227722167,9.943867682647705
1732511550722583800,99.05858374023435,0.1131260284423828,-0.053570262145996,9.961973832702636
1732511550732517400,99.06851733398436,0.0977133552551269,-0.0579097526550293,9.71716671295166
1732511550742452500,99.07845239257811,0.1047463226318359,-0.045938744354248,9.637559507751464
1732511550752387600,99.0883876953125,0.1412578979492187,-0.0534206245422363,9.69127940750122
1732511550762321400,99.0983212890625,0.1482908653259277,-0.0383072265625,9.773879364776612
1732511550772256300,99.10825634765624,0.1671452033996582,-0.031274259185791,9.826851076507568
1732511550782190600,99.11819067382812,0.1761234596252441,-0.0145148475646972,9.852289469146728
1732511550792125400,99.12812548828126,0.1614589744567871,-0.0064344169616699,9.848698166656494
1732511550802059500,99.1380595703125,0.1586158599853515,-0.0124199211120605,9.852289469146728
1732511550811994600,99.14799462890625,0.1590647727966308,-0.0142155723571777,9.872939458465575
1732511550821928400,99.15792846679688,0.1485901405334472,-0.0163104988098144,9.887454306030271
1732511550831863300,99.16786328125,0.168491941833496,-0.0209492645263671,9.868151055145264
1732511550841797600,99.17779760742188,0.1894412063598632,-0.005087678527832,9.823259774017334
1732511550851732500,99.187732421875,0.1886930183410644,-0.0067336921691894,9.78689783630371
1732511550861666600,99.19766650390623,0.1581669471740722,0.0130184715270996,9.785551097869872
1732511550871601700,99.2076015625,0.1409586227416992,0.0113724578857421,9.771036250305174
1732511550881536500,99.21753662109376,0.14679448928833,0.0040402153015136,9.788543849945068
1732511550891470300,99.22747021484376,0.1173158813476562,0.0071826049804687,9.774777190399169
1732511550901405700,99.23740576171876,0.1156698677062988,0.0046387657165527,9.76744494781494
1732511550911339500,99.24733959960938,0.139761521911621,-0.0178068748474121,9.784802909851074
1732511550921274400,99.2572744140625,0.1277905136108398,-0.0236427413940429,9.813084416961669
1732511550931208700,99.26720874023438,0.1309329032897949,-0.0209492645263671,9.783007258605956
1732511550941143600,99.2771435546875,0.1227028350830078,-0.0314238967895507,9.746046770477294
1732511550951077400,99.28707739257813,0.1060930610656738,-0.0243909294128417,9.716119249725342
1732511550961012500,99.29701245117188,0.1029506713867187,-0.0169090492248535,9.757269590759275
1732511550970946600,99.30694653320312,0.1183633445739746,-0.0119710083007812,9.79961703262329
1732511550980881400,99.31688134765623,0.1429039115905761,-0.0106242698669433,9.813682967376709
1732511550990816500,99.32681640625,0.1418564483642578,0.0142155723571777,9.824157599639893
1732511551000750600,99.33675048828124,0.1385644210815429,0.0335188232421874,9.789292037963866
1732511551010685400,99.346685546875,0.146195938873291,0.0477343955993652,9.803657247924804
